********************************************************************************
Field Output Report, written Mon Mar 31 22:27:46 2025

Source 1
---------

   ODB: C:/temp/vibration.odb
   Step: analyse_modale
   Frame: Increment      0: Base State

Loc 1 : Nodal values from source 1

Output sorted by column "Node Label".

Field Output reported at nodes for part: PLAQUE-1

      Node Label            U.U1            U.U2            U.U3
                          @Loc 1          @Loc 1          @Loc 1
-----------------------------------------------------------------
               1              0.              0.              0.
               2              0.              0.              0.
               3              0.              0.              0.
               4              0.              0.              0.
               5              0.              0.              0.
               6              0.              0.              0.
               7              0.              0.              0.
               8              0.              0.              0.
               9              0.              0.              0.
              10              0.              0.              0.
              11              0.              0.              0.
              12              0.              0.              0.
              13              0.              0.              0.
              14              0.              0.              0.
              15              0.              0.              0.
              16              0.              0.              0.
              17              0.              0.              0.
              18              0.              0.              0.
              19              0.              0.              0.
              20              0.              0.              0.
              21              0.              0.              0.
              22              0.              0.              0.
              23              0.              0.              0.
              24              0.              0.              0.
              25              0.              0.              0.
              26              0.              0.              0.
              27              0.              0.              0.
              28              0.              0.              0.
              29              0.              0.              0.
              30              0.              0.              0.
              31              0.              0.              0.
              32              0.              0.              0.
              33              0.              0.              0.
              34              0.              0.              0.
              35              0.              0.              0.
              36              0.              0.              0.
              37              0.              0.              0.
              38              0.              0.              0.
              39              0.              0.              0.
              40              0.              0.              0.
              41              0.              0.              0.
              42              0.              0.              0.
              43              0.              0.              0.
              44              0.              0.              0.
              45              0.              0.              0.
              46              0.              0.              0.
              47              0.              0.              0.
              48              0.              0.              0.
              49              0.              0.              0.
              50              0.              0.              0.
              51              0.              0.              0.
              52              0.              0.              0.
              53              0.              0.              0.
              54              0.              0.              0.
              55              0.              0.              0.
              56              0.              0.              0.
              57              0.              0.              0.
              58              0.              0.              0.
              59              0.              0.              0.
              60              0.              0.              0.
              61              0.              0.              0.
              62              0.              0.              0.
              63              0.              0.              0.
              64              0.              0.              0.
              65              0.              0.              0.
              66              0.              0.              0.
              67              0.              0.              0.
              68              0.              0.              0.
              69              0.              0.              0.
              70              0.              0.              0.
              71              0.              0.              0.
              72              0.              0.              0.
              73              0.              0.              0.
              74              0.              0.              0.
              75              0.              0.              0.
              76              0.              0.              0.
              77              0.              0.              0.
              78              0.              0.              0.
              79              0.              0.              0.
              80              0.              0.              0.
              81              0.              0.              0.
              82              0.              0.              0.
              83              0.              0.              0.
              84              0.              0.              0.
              85              0.              0.              0.
              86              0.              0.              0.
              87              0.              0.              0.
              88              0.              0.              0.
              89              0.              0.              0.
              90              0.              0.              0.
              91              0.              0.              0.
              92              0.              0.              0.
              93              0.              0.              0.
              94              0.              0.              0.
              95              0.              0.              0.
              96              0.              0.              0.
              97              0.              0.              0.
              98              0.              0.              0.
              99              0.              0.              0.
             100              0.              0.              0.
             101              0.              0.              0.
             102              0.              0.              0.
             103              0.              0.              0.
             104              0.              0.              0.
             105              0.              0.              0.
             106              0.              0.              0.
             107              0.              0.              0.
             108              0.              0.              0.
             109              0.              0.              0.
             110              0.              0.              0.
             111              0.              0.              0.
             112              0.              0.              0.
             113              0.              0.              0.
             114              0.              0.              0.
             115              0.              0.              0.
             116              0.              0.              0.
             117              0.              0.              0.
             118              0.              0.              0.
             119              0.              0.              0.
             120              0.              0.              0.
             121              0.              0.              0.
             122              0.              0.              0.
             123              0.              0.              0.
             124              0.              0.              0.
             125              0.              0.              0.
             126              0.              0.              0.
             127              0.              0.              0.
             128              0.              0.              0.
             129              0.              0.              0.
             130              0.              0.              0.
             131              0.              0.              0.
             132              0.              0.              0.
             133              0.              0.              0.
             134              0.              0.              0.
             135              0.              0.              0.
             136              0.              0.              0.
             137              0.              0.              0.
             138              0.              0.              0.
             139              0.              0.              0.
             140              0.              0.              0.
             141              0.              0.              0.
             142              0.              0.              0.
             143              0.              0.              0.
             144              0.              0.              0.
             145              0.              0.              0.
             146              0.              0.              0.
             147              0.              0.              0.
             148              0.              0.              0.
             149              0.              0.              0.
             150              0.              0.              0.
             151              0.              0.              0.
             152              0.              0.              0.
             153              0.              0.              0.
             154              0.              0.              0.
             155              0.              0.              0.
             156              0.              0.              0.
             157              0.              0.              0.
             158              0.              0.              0.
             159              0.              0.              0.
             160              0.              0.              0.
             161              0.              0.              0.
             162              0.              0.              0.
             163              0.              0.              0.
             164              0.              0.              0.
             165              0.              0.              0.
             166              0.              0.              0.
             167              0.              0.              0.
             168              0.              0.              0.
             169              0.              0.              0.
             170              0.              0.              0.
             171              0.              0.              0.
             172              0.              0.              0.
             173              0.              0.              0.
             174              0.              0.              0.
             175              0.              0.              0.
             176              0.              0.              0.
             177              0.              0.              0.
             178              0.              0.              0.
             179              0.              0.              0.
             180              0.              0.              0.
             181              0.              0.              0.
             182              0.              0.              0.
             183              0.              0.              0.
             184              0.              0.              0.
             185              0.              0.              0.
             186              0.              0.              0.
             187              0.              0.              0.
             188              0.              0.              0.
             189              0.              0.              0.
             190              0.              0.              0.
             191              0.              0.              0.
             192              0.              0.              0.
             193              0.              0.              0.
             194              0.              0.              0.
             195              0.              0.              0.
             196              0.              0.              0.
             197              0.              0.              0.
             198              0.              0.              0.
             199              0.              0.              0.
             200              0.              0.              0.
             201              0.              0.              0.
             202              0.              0.              0.
             203              0.              0.              0.
             204              0.              0.              0.
             205              0.              0.              0.
             206              0.              0.              0.
             207              0.              0.              0.
             208              0.              0.              0.
             209              0.              0.              0.
             210              0.              0.              0.
             211              0.              0.              0.
             212              0.              0.              0.
             213              0.              0.              0.
             214              0.              0.              0.
             215              0.              0.              0.
             216              0.              0.              0.
             217              0.              0.              0.
             218              0.              0.              0.
             219              0.              0.              0.
             220              0.              0.              0.
             221              0.              0.              0.
             222              0.              0.              0.
             223              0.              0.              0.
             224              0.              0.              0.
             225              0.              0.              0.
             226              0.              0.              0.
             227              0.              0.              0.
             228              0.              0.              0.
             229              0.              0.              0.
             230              0.              0.              0.
             231              0.              0.              0.
             232              0.              0.              0.
             233              0.              0.              0.
             234              0.              0.              0.
             235              0.              0.              0.
             236              0.              0.              0.
             237              0.              0.              0.
             238              0.              0.              0.
             239              0.              0.              0.
             240              0.              0.              0.
             241              0.              0.              0.
             242              0.              0.              0.
             243              0.              0.              0.
             244              0.              0.              0.
             245              0.              0.              0.
             246              0.              0.              0.
             247              0.              0.              0.
             248              0.              0.              0.
             249              0.              0.              0.
             250              0.              0.              0.
             251              0.              0.              0.
             252              0.              0.              0.
             253              0.              0.              0.
             254              0.              0.              0.
             255              0.              0.              0.
             256              0.              0.              0.
             257              0.              0.              0.
             258              0.              0.              0.
             259              0.              0.              0.
             260              0.              0.              0.
             261              0.              0.              0.
             262              0.              0.              0.
             263              0.              0.              0.
             264              0.              0.              0.
             265              0.              0.              0.
             266              0.              0.              0.
             267              0.              0.              0.
             268              0.              0.              0.
             269              0.              0.              0.
             270              0.              0.              0.
             271              0.              0.              0.
             272              0.              0.              0.
             273              0.              0.              0.
             274              0.              0.              0.
             275              0.              0.              0.
             276              0.              0.              0.
             277              0.              0.              0.
             278              0.              0.              0.
             279              0.              0.              0.
             280              0.              0.              0.
             281              0.              0.              0.
             282              0.              0.              0.
             283              0.              0.              0.
             284              0.              0.              0.
             285              0.              0.              0.
             286              0.              0.              0.
             287              0.              0.              0.
             288              0.              0.              0.
             289              0.              0.              0.
             290              0.              0.              0.
             291              0.              0.              0.
             292              0.              0.              0.
             293              0.              0.              0.
             294              0.              0.              0.
             295              0.              0.              0.
             296              0.              0.              0.
             297              0.              0.              0.
             298              0.              0.              0.
             299              0.              0.              0.
             300              0.              0.              0.
             301              0.              0.              0.
             302              0.              0.              0.
             303              0.              0.              0.
             304              0.              0.              0.
             305              0.              0.              0.
             306              0.              0.              0.
             307              0.              0.              0.
             308              0.              0.              0.
             309              0.              0.              0.
             310              0.              0.              0.
             311              0.              0.              0.
             312              0.              0.              0.
             313              0.              0.              0.
             314              0.              0.              0.
             315              0.              0.              0.
             316              0.              0.              0.
             317              0.              0.              0.
             318              0.              0.              0.
             319              0.              0.              0.
             320              0.              0.              0.
             321              0.              0.              0.
             322              0.              0.              0.
             323              0.              0.              0.
             324              0.              0.              0.
             325              0.              0.              0.
             326              0.              0.              0.
             327              0.              0.              0.
             328              0.              0.              0.
             329              0.              0.              0.
             330              0.              0.              0.
             331              0.              0.              0.
             332              0.              0.              0.
             333              0.              0.              0.
             334              0.              0.              0.
             335              0.              0.              0.
             336              0.              0.              0.
             337              0.              0.              0.
             338              0.              0.              0.
             339              0.              0.              0.
             340              0.              0.              0.
             341              0.              0.              0.
             342              0.              0.              0.
             343              0.              0.              0.
             344              0.              0.              0.
             345              0.              0.              0.
             346              0.              0.              0.
             347              0.              0.              0.
             348              0.              0.              0.
             349              0.              0.              0.
             350              0.              0.              0.
             351              0.              0.              0.
             352              0.              0.              0.
             353              0.              0.              0.
             354              0.              0.              0.
             355              0.              0.              0.
             356              0.              0.              0.
             357              0.              0.              0.
             358              0.              0.              0.
             359              0.              0.              0.
             360              0.              0.              0.
             361              0.              0.              0.
             362              0.              0.              0.
             363              0.              0.              0.
             364              0.              0.              0.
             365              0.              0.              0.
             366              0.              0.              0.
             367              0.              0.              0.
             368              0.              0.              0.
             369              0.              0.              0.
             370              0.              0.              0.
             371              0.              0.              0.
             372              0.              0.              0.
             373              0.              0.              0.
             374              0.              0.              0.
             375              0.              0.              0.
             376              0.              0.              0.
             377              0.              0.              0.
             378              0.              0.              0.
             379              0.              0.              0.
             380              0.              0.              0.
             381              0.              0.              0.
             382              0.              0.              0.
             383              0.              0.              0.
             384              0.              0.              0.
             385              0.              0.              0.
             386              0.              0.              0.
             387              0.              0.              0.
             388              0.              0.              0.
             389              0.              0.              0.
             390              0.              0.              0.
             391              0.              0.              0.
             392              0.              0.              0.
             393              0.              0.              0.
             394              0.              0.              0.
             395              0.              0.              0.
             396              0.              0.              0.
             397              0.              0.              0.
             398              0.              0.              0.
             399              0.              0.              0.
             400              0.              0.              0.
             401              0.              0.              0.
             402              0.              0.              0.
             403              0.              0.              0.
             404              0.              0.              0.
             405              0.              0.              0.
             406              0.              0.              0.
             407              0.              0.              0.
             408              0.              0.              0.
             409              0.              0.              0.
             410              0.              0.              0.
             411              0.              0.              0.
             412              0.              0.              0.
             413              0.              0.              0.
             414              0.              0.              0.
             415              0.              0.              0.
             416              0.              0.              0.
             417              0.              0.              0.
             418              0.              0.              0.
             419              0.              0.              0.
             420              0.              0.              0.
             421              0.              0.              0.
             422              0.              0.              0.
             423              0.              0.              0.
             424              0.              0.              0.
             425              0.              0.              0.
             426              0.              0.              0.
             427              0.              0.              0.
             428              0.              0.              0.
             429              0.              0.              0.
             430              0.              0.              0.
             431              0.              0.              0.
             432              0.              0.              0.
             433              0.              0.              0.
             434              0.              0.              0.
             435              0.              0.              0.
             436              0.              0.              0.
             437              0.              0.              0.
             438              0.              0.              0.
             439              0.              0.              0.
             440              0.              0.              0.
             441              0.              0.              0.
             442              0.              0.              0.
             443              0.              0.              0.
             444              0.              0.              0.
             445              0.              0.              0.
             446              0.              0.              0.
             447              0.              0.              0.
             448              0.              0.              0.
             449              0.              0.              0.
             450              0.              0.              0.
             451              0.              0.              0.
             452              0.              0.              0.
             453              0.              0.              0.
             454              0.              0.              0.
             455              0.              0.              0.
             456              0.              0.              0.
             457              0.              0.              0.
             458              0.              0.              0.
             459              0.              0.              0.
             460              0.              0.              0.
             461              0.              0.              0.
             462              0.              0.              0.
             463              0.              0.              0.
             464              0.              0.              0.
             465              0.              0.              0.
             466              0.              0.              0.
             467              0.              0.              0.
             468              0.              0.              0.
             469              0.              0.              0.
             470              0.              0.              0.
             471              0.              0.              0.
             472              0.              0.              0.
             473              0.              0.              0.
             474              0.              0.              0.
             475              0.              0.              0.
             476              0.              0.              0.
             477              0.              0.              0.
             478              0.              0.              0.
             479              0.              0.              0.
             480              0.              0.              0.
             481              0.              0.              0.
             482              0.              0.              0.
             483              0.              0.              0.
             484              0.              0.              0.
             485              0.              0.              0.
             486              0.              0.              0.
             487              0.              0.              0.
             488              0.              0.              0.
             489              0.              0.              0.
             490              0.              0.              0.
             491              0.              0.              0.
             492              0.              0.              0.
             493              0.              0.              0.
             494              0.              0.              0.
             495              0.              0.              0.
             496              0.              0.              0.
             497              0.              0.              0.
             498              0.              0.              0.
             499              0.              0.              0.
             500              0.              0.              0.
             501              0.              0.              0.
             502              0.              0.              0.
             503              0.              0.              0.
             504              0.              0.              0.
             505              0.              0.              0.
             506              0.              0.              0.
             507              0.              0.              0.
             508              0.              0.              0.
             509              0.              0.              0.
             510              0.              0.              0.
             511              0.              0.              0.
             512              0.              0.              0.
             513              0.              0.              0.
             514              0.              0.              0.
             515              0.              0.              0.
             516              0.              0.              0.
             517              0.              0.              0.
             518              0.              0.              0.
             519              0.              0.              0.
             520              0.              0.              0.
             521              0.              0.              0.
             522              0.              0.              0.
             523              0.              0.              0.
             524              0.              0.              0.
             525              0.              0.              0.
             526              0.              0.              0.
             527              0.              0.              0.
             528              0.              0.              0.
             529              0.              0.              0.
             530              0.              0.              0.
             531              0.              0.              0.
             532              0.              0.              0.
             533              0.              0.              0.
             534              0.              0.              0.
             535              0.              0.              0.
             536              0.              0.              0.
             537              0.              0.              0.
             538              0.              0.              0.
             539              0.              0.              0.
             540              0.              0.              0.
             541              0.              0.              0.
             542              0.              0.              0.
             543              0.              0.              0.
             544              0.              0.              0.
             545              0.              0.              0.
             546              0.              0.              0.
             547              0.              0.              0.
             548              0.              0.              0.
             549              0.              0.              0.
             550              0.              0.              0.
             551              0.              0.              0.
             552              0.              0.              0.
             553              0.              0.              0.
             554              0.              0.              0.
             555              0.              0.              0.
             556              0.              0.              0.
             557              0.              0.              0.
             558              0.              0.              0.
             559              0.              0.              0.
             560              0.              0.              0.
             561              0.              0.              0.
             562              0.              0.              0.
             563              0.              0.              0.
             564              0.              0.              0.
             565              0.              0.              0.
             566              0.              0.              0.
             567              0.              0.              0.
             568              0.              0.              0.
             569              0.              0.              0.
             570              0.              0.              0.
             571              0.              0.              0.
             572              0.              0.              0.
             573              0.              0.              0.
             574              0.              0.              0.
             575              0.              0.              0.
             576              0.              0.              0.
             577              0.              0.              0.
             578              0.              0.              0.
             579              0.              0.              0.
             580              0.              0.              0.
             581              0.              0.              0.
             582              0.              0.              0.
             583              0.              0.              0.
             584              0.              0.              0.
             585              0.              0.              0.
             586              0.              0.              0.
             587              0.              0.              0.
             588              0.              0.              0.
             589              0.              0.              0.
             590              0.              0.              0.
             591              0.              0.              0.
             592              0.              0.              0.
             593              0.              0.              0.
             594              0.              0.              0.
             595              0.              0.              0.
             596              0.              0.              0.
             597              0.              0.              0.
             598              0.              0.              0.
             599              0.              0.              0.
             600              0.              0.              0.
             601              0.              0.              0.
             602              0.              0.              0.
             603              0.              0.              0.
             604              0.              0.              0.
             605              0.              0.              0.
             606              0.              0.              0.
             607              0.              0.              0.
             608              0.              0.              0.
             609              0.              0.              0.
             610              0.              0.              0.
             611              0.              0.              0.
             612              0.              0.              0.
             613              0.              0.              0.
             614              0.              0.              0.
             615              0.              0.              0.
             616              0.              0.              0.
             617              0.              0.              0.
             618              0.              0.              0.
             619              0.              0.              0.
             620              0.              0.              0.
             621              0.              0.              0.
             622              0.              0.              0.
             623              0.              0.              0.
             624              0.              0.              0.
             625              0.              0.              0.
             626              0.              0.              0.
             627              0.              0.              0.
             628              0.              0.              0.
             629              0.              0.              0.
             630              0.              0.              0.
             631              0.              0.              0.
             632              0.              0.              0.
             633              0.              0.              0.
             634              0.              0.              0.
             635              0.              0.              0.
             636              0.              0.              0.
             637              0.              0.              0.
             638              0.              0.              0.
             639              0.              0.              0.
             640              0.              0.              0.
             641              0.              0.              0.
             642              0.              0.              0.
             643              0.              0.              0.
             644              0.              0.              0.
             645              0.              0.              0.
             646              0.              0.              0.
             647              0.              0.              0.
             648              0.              0.              0.
             649              0.              0.              0.
             650              0.              0.              0.
             651              0.              0.              0.
             652              0.              0.              0.
             653              0.              0.              0.
             654              0.              0.              0.
             655              0.              0.              0.
             656              0.              0.              0.
             657              0.              0.              0.
             658              0.              0.              0.
             659              0.              0.              0.
             660              0.              0.              0.
             661              0.              0.              0.
             662              0.              0.              0.
             663              0.              0.              0.
             664              0.              0.              0.
             665              0.              0.              0.
             666              0.              0.              0.
             667              0.              0.              0.
             668              0.              0.              0.
             669              0.              0.              0.
             670              0.              0.              0.
             671              0.              0.              0.
             672              0.              0.              0.
             673              0.              0.              0.
             674              0.              0.              0.
             675              0.              0.              0.
             676              0.              0.              0.
             677              0.              0.              0.
             678              0.              0.              0.
             679              0.              0.              0.
             680              0.              0.              0.
             681              0.              0.              0.
             682              0.              0.              0.
             683              0.              0.              0.
             684              0.              0.              0.
             685              0.              0.              0.
             686              0.              0.              0.
             687              0.              0.              0.
             688              0.              0.              0.
             689              0.              0.              0.
             690              0.              0.              0.
             691              0.              0.              0.
             692              0.              0.              0.
             693              0.              0.              0.
             694              0.              0.              0.
             695              0.              0.              0.
             696              0.              0.              0.
             697              0.              0.              0.
             698              0.              0.              0.
             699              0.              0.              0.
             700              0.              0.              0.
             701              0.              0.              0.
             702              0.              0.              0.
             703              0.              0.              0.
             704              0.              0.              0.
             705              0.              0.              0.
             706              0.              0.              0.
             707              0.              0.              0.
             708              0.              0.              0.
             709              0.              0.              0.
             710              0.              0.              0.
             711              0.              0.              0.
             712              0.              0.              0.
             713              0.              0.              0.
             714              0.              0.              0.
             715              0.              0.              0.
             716              0.              0.              0.
             717              0.              0.              0.
             718              0.              0.              0.
             719              0.              0.              0.
             720              0.              0.              0.
             721              0.              0.              0.
             722              0.              0.              0.
             723              0.              0.              0.
             724              0.              0.              0.
             725              0.              0.              0.
             726              0.              0.              0.
             727              0.              0.              0.
             728              0.              0.              0.
             729              0.              0.              0.
             730              0.              0.              0.
             731              0.              0.              0.
             732              0.              0.              0.
             733              0.              0.              0.
             734              0.              0.              0.
             735              0.              0.              0.
             736              0.              0.              0.
             737              0.              0.              0.
             738              0.              0.              0.
             739              0.              0.              0.
             740              0.              0.              0.
             741              0.              0.              0.
             742              0.              0.              0.
             743              0.              0.              0.
             744              0.              0.              0.
             745              0.              0.              0.
             746              0.              0.              0.
             747              0.              0.              0.
             748              0.              0.              0.
             749              0.              0.              0.
             750              0.              0.              0.
             751              0.              0.              0.
             752              0.              0.              0.
             753              0.              0.              0.
             754              0.              0.              0.
             755              0.              0.              0.
             756              0.              0.              0.
             757              0.              0.              0.
             758              0.              0.              0.
             759              0.              0.              0.
             760              0.              0.              0.
             761              0.              0.              0.
             762              0.              0.              0.
             763              0.              0.              0.
             764              0.              0.              0.
             765              0.              0.              0.
             766              0.              0.              0.
             767              0.              0.              0.
             768              0.              0.              0.
             769              0.              0.              0.
             770              0.              0.              0.
             771              0.              0.              0.
             772              0.              0.              0.
             773              0.              0.              0.
             774              0.              0.              0.
             775              0.              0.              0.
             776              0.              0.              0.
             777              0.              0.              0.
             778              0.              0.              0.
             779              0.              0.              0.
             780              0.              0.              0.
             781              0.              0.              0.
             782              0.              0.              0.
             783              0.              0.              0.
             784              0.              0.              0.
             785              0.              0.              0.
             786              0.              0.              0.
             787              0.              0.              0.
             788              0.              0.              0.
             789              0.              0.              0.
             790              0.              0.              0.
             791              0.              0.              0.
             792              0.              0.              0.
             793              0.              0.              0.
             794              0.              0.              0.
             795              0.              0.              0.
             796              0.              0.              0.
             797              0.              0.              0.
             798              0.              0.              0.
             799              0.              0.              0.
             800              0.              0.              0.
             801              0.              0.              0.
             802              0.              0.              0.
             803              0.              0.              0.
             804              0.              0.              0.
             805              0.              0.              0.
             806              0.              0.              0.
             807              0.              0.              0.
             808              0.              0.              0.
             809              0.              0.              0.
             810              0.              0.              0.
             811              0.              0.              0.
             812              0.              0.              0.
             813              0.              0.              0.
             814              0.              0.              0.
             815              0.              0.              0.
             816              0.              0.              0.
             817              0.              0.              0.
             818              0.              0.              0.
             819              0.              0.              0.
             820              0.              0.              0.
             821              0.              0.              0.
             822              0.              0.              0.
             823              0.              0.              0.
             824              0.              0.              0.
             825              0.              0.              0.
             826              0.              0.              0.
             827              0.              0.              0.
             828              0.              0.              0.
             829              0.              0.              0.
             830              0.              0.              0.
             831              0.              0.              0.
             832              0.              0.              0.
             833              0.              0.              0.
             834              0.              0.              0.
             835              0.              0.              0.
             836              0.              0.              0.
             837              0.              0.              0.
             838              0.              0.              0.
             839              0.              0.              0.
             840              0.              0.              0.
             841              0.              0.              0.
             842              0.              0.              0.
             843              0.              0.              0.
             844              0.              0.              0.
             845              0.              0.              0.
             846              0.              0.              0.
             847              0.              0.              0.
             848              0.              0.              0.
             849              0.              0.              0.
             850              0.              0.              0.
             851              0.              0.              0.
             852              0.              0.              0.
             853              0.              0.              0.
             854              0.              0.              0.
             855              0.              0.              0.
             856              0.              0.              0.
             857              0.              0.              0.
             858              0.              0.              0.
             859              0.              0.              0.
             860              0.              0.              0.
             861              0.              0.              0.
             862              0.              0.              0.
             863              0.              0.              0.
             864              0.              0.              0.
             865              0.              0.              0.
             866              0.              0.              0.
             867              0.              0.              0.
             868              0.              0.              0.
             869              0.              0.              0.
             870              0.              0.              0.
             871              0.              0.              0.
             872              0.              0.              0.
             873              0.              0.              0.
             874              0.              0.              0.
             875              0.              0.              0.
             876              0.              0.              0.
             877              0.              0.              0.
             878              0.              0.              0.
             879              0.              0.              0.
             880              0.              0.              0.
             881              0.              0.              0.
             882              0.              0.              0.
             883              0.              0.              0.
             884              0.              0.              0.
             885              0.              0.              0.
             886              0.              0.              0.
             887              0.              0.              0.
             888              0.              0.              0.
             889              0.              0.              0.
             890              0.              0.              0.
             891              0.              0.              0.
             892              0.              0.              0.
             893              0.              0.              0.
             894              0.              0.              0.
             895              0.              0.              0.
             896              0.              0.              0.
             897              0.              0.              0.
             898              0.              0.              0.
             899              0.              0.              0.
             900              0.              0.              0.
             901              0.              0.              0.
             902              0.              0.              0.
             903              0.              0.              0.
             904              0.              0.              0.
             905              0.              0.              0.
             906              0.              0.              0.
             907              0.              0.              0.
             908              0.              0.              0.
             909              0.              0.              0.
             910              0.              0.              0.
             911              0.              0.              0.
             912              0.              0.              0.
             913              0.              0.              0.
             914              0.              0.              0.
             915              0.              0.              0.
             916              0.              0.              0.
             917              0.              0.              0.
             918              0.              0.              0.
             919              0.              0.              0.
             920              0.              0.              0.
             921              0.              0.              0.
             922              0.              0.              0.
             923              0.              0.              0.
             924              0.              0.              0.
             925              0.              0.              0.
             926              0.              0.              0.
             927              0.              0.              0.
             928              0.              0.              0.
             929              0.              0.              0.
             930              0.              0.              0.
             931              0.              0.              0.
             932              0.              0.              0.
             933              0.              0.              0.
             934              0.              0.              0.
             935              0.              0.              0.
             936              0.              0.              0.
             937              0.              0.              0.
             938              0.              0.              0.
             939              0.              0.              0.
             940              0.              0.              0.
             941              0.              0.              0.
             942              0.              0.              0.
             943              0.              0.              0.
             944              0.              0.              0.
             945              0.              0.              0.
             946              0.              0.              0.
             947              0.              0.              0.
             948              0.              0.              0.
             949              0.              0.              0.
             950              0.              0.              0.
             951              0.              0.              0.
             952              0.              0.              0.
             953              0.              0.              0.
             954              0.              0.              0.
             955              0.              0.              0.
             956              0.              0.              0.
             957              0.              0.              0.
             958              0.              0.              0.
             959              0.              0.              0.
             960              0.              0.              0.
             961              0.              0.              0.
             962              0.              0.              0.
             963              0.              0.              0.
             964              0.              0.              0.
             965              0.              0.              0.
             966              0.              0.              0.
             967              0.              0.              0.
             968              0.              0.              0.
             969              0.              0.              0.
             970              0.              0.              0.
             971              0.              0.              0.
             972              0.              0.              0.
             973              0.              0.              0.
             974              0.              0.              0.
             975              0.              0.              0.
             976              0.              0.              0.
             977              0.              0.              0.
             978              0.              0.              0.
             979              0.              0.              0.
             980              0.              0.              0.
             981              0.              0.              0.
             982              0.              0.              0.
             983              0.              0.              0.
             984              0.              0.              0.
             985              0.              0.              0.
             986              0.              0.              0.
             987              0.              0.              0.
             988              0.              0.              0.
             989              0.              0.              0.
             990              0.              0.              0.
             991              0.              0.              0.
             992              0.              0.              0.
             993              0.              0.              0.
             994              0.              0.              0.
             995              0.              0.              0.
             996              0.              0.              0.
             997              0.              0.              0.
             998              0.              0.              0.
             999              0.              0.              0.
            1000              0.              0.              0.
            1001              0.              0.              0.
            1002              0.              0.              0.
            1003              0.              0.              0.
            1004              0.              0.              0.
            1005              0.              0.              0.
            1006              0.              0.              0.
            1007              0.              0.              0.
            1008              0.              0.              0.
            1009              0.              0.              0.
            1010              0.              0.              0.
            1011              0.              0.              0.
            1012              0.              0.              0.
            1013              0.              0.              0.
            1014              0.              0.              0.
            1015              0.              0.              0.
            1016              0.              0.              0.
            1017              0.              0.              0.
            1018              0.              0.              0.
            1019              0.              0.              0.
            1020              0.              0.              0.
            1021              0.              0.              0.
            1022              0.              0.              0.
            1023              0.              0.              0.
            1024              0.              0.              0.
            1025              0.              0.              0.
            1026              0.              0.              0.
            1027              0.              0.              0.
            1028              0.              0.              0.
            1029              0.              0.              0.
            1030              0.              0.              0.
            1031              0.              0.              0.
            1032              0.              0.              0.
            1033              0.              0.              0.
            1034              0.              0.              0.
            1035              0.              0.              0.
            1036              0.              0.              0.
            1037              0.              0.              0.
            1038              0.              0.              0.
            1039              0.              0.              0.
            1040              0.              0.              0.
            1041              0.              0.              0.
            1042              0.              0.              0.
            1043              0.              0.              0.
            1044              0.              0.              0.
            1045              0.              0.              0.
            1046              0.              0.              0.
            1047              0.              0.              0.
            1048              0.              0.              0.
            1049              0.              0.              0.
            1050              0.              0.              0.
            1051              0.              0.              0.
            1052              0.              0.              0.
            1053              0.              0.              0.
            1054              0.              0.              0.
            1055              0.              0.              0.
            1056              0.              0.              0.
            1057              0.              0.              0.
            1058              0.              0.              0.
            1059              0.              0.              0.
            1060              0.              0.              0.
            1061              0.              0.              0.
            1062              0.              0.              0.
            1063              0.              0.              0.
            1064              0.              0.              0.
            1065              0.              0.              0.
            1066              0.              0.              0.
            1067              0.              0.              0.
            1068              0.              0.              0.
            1069              0.              0.              0.
            1070              0.              0.              0.
            1071              0.              0.              0.
            1072              0.              0.              0.
            1073              0.              0.              0.
            1074              0.              0.              0.
            1075              0.              0.              0.
            1076              0.              0.              0.
            1077              0.              0.              0.
            1078              0.              0.              0.
            1079              0.              0.              0.
            1080              0.              0.              0.
            1081              0.              0.              0.
            1082              0.              0.              0.
            1083              0.              0.              0.
            1084              0.              0.              0.
            1085              0.              0.              0.
            1086              0.              0.              0.
            1087              0.              0.              0.
            1088              0.              0.              0.
            1089              0.              0.              0.
            1090              0.              0.              0.
            1091              0.              0.              0.
            1092              0.              0.              0.
            1093              0.              0.              0.
            1094              0.              0.              0.
            1095              0.              0.              0.
            1096              0.              0.              0.
            1097              0.              0.              0.
            1098              0.              0.              0.
            1099              0.              0.              0.
            1100              0.              0.              0.
            1101              0.              0.              0.
            1102              0.              0.              0.
            1103              0.              0.              0.
            1104              0.              0.              0.
            1105              0.              0.              0.
            1106              0.              0.              0.
            1107              0.              0.              0.
            1108              0.              0.              0.
            1109              0.              0.              0.
            1110              0.              0.              0.
            1111              0.              0.              0.
            1112              0.              0.              0.
            1113              0.              0.              0.
            1114              0.              0.              0.
            1115              0.              0.              0.
            1116              0.              0.              0.
            1117              0.              0.              0.
            1118              0.              0.              0.
            1119              0.              0.              0.
            1120              0.              0.              0.
            1121              0.              0.              0.
            1122              0.              0.              0.
            1123              0.              0.              0.
            1124              0.              0.              0.
            1125              0.              0.              0.
            1126              0.              0.              0.
            1127              0.              0.              0.
            1128              0.              0.              0.
            1129              0.              0.              0.
            1130              0.              0.              0.
            1131              0.              0.              0.
            1132              0.              0.              0.
            1133              0.              0.              0.
            1134              0.              0.              0.
            1135              0.              0.              0.
            1136              0.              0.              0.
            1137              0.              0.              0.
            1138              0.              0.              0.
            1139              0.              0.              0.
            1140              0.              0.              0.
            1141              0.              0.              0.
            1142              0.              0.              0.
            1143              0.              0.              0.
            1144              0.              0.              0.
            1145              0.              0.              0.
            1146              0.              0.              0.
            1147              0.              0.              0.
            1148              0.              0.              0.
            1149              0.              0.              0.
            1150              0.              0.              0.
            1151              0.              0.              0.
            1152              0.              0.              0.
            1153              0.              0.              0.
            1154              0.              0.              0.
            1155              0.              0.              0.
            1156              0.              0.              0.
            1157              0.              0.              0.
            1158              0.              0.              0.
            1159              0.              0.              0.
            1160              0.              0.              0.
            1161              0.              0.              0.
            1162              0.              0.              0.
            1163              0.              0.              0.
            1164              0.              0.              0.
            1165              0.              0.              0.
            1166              0.              0.              0.
            1167              0.              0.              0.
            1168              0.              0.              0.
            1169              0.              0.              0.
            1170              0.              0.              0.
            1171              0.              0.              0.
            1172              0.              0.              0.
            1173              0.              0.              0.
            1174              0.              0.              0.
            1175              0.              0.              0.
            1176              0.              0.              0.
            1177              0.              0.              0.
            1178              0.              0.              0.
            1179              0.              0.              0.
            1180              0.              0.              0.
            1181              0.              0.              0.
            1182              0.              0.              0.
            1183              0.              0.              0.
            1184              0.              0.              0.
            1185              0.              0.              0.
            1186              0.              0.              0.
            1187              0.              0.              0.
            1188              0.              0.              0.
            1189              0.              0.              0.
            1190              0.              0.              0.
            1191              0.              0.              0.
            1192              0.              0.              0.
            1193              0.              0.              0.
            1194              0.              0.              0.
            1195              0.              0.              0.
            1196              0.              0.              0.
            1197              0.              0.              0.
            1198              0.              0.              0.
            1199              0.              0.              0.
            1200              0.              0.              0.
            1201              0.              0.              0.
            1202              0.              0.              0.
            1203              0.              0.              0.
            1204              0.              0.              0.
            1205              0.              0.              0.
            1206              0.              0.              0.
            1207              0.              0.              0.
            1208              0.              0.              0.
            1209              0.              0.              0.
            1210              0.              0.              0.
            1211              0.              0.              0.
            1212              0.              0.              0.
            1213              0.              0.              0.
            1214              0.              0.              0.
            1215              0.              0.              0.
            1216              0.              0.              0.
            1217              0.              0.              0.
            1218              0.              0.              0.
            1219              0.              0.              0.
            1220              0.              0.              0.
            1221              0.              0.              0.
            1222              0.              0.              0.
            1223              0.              0.              0.
            1224              0.              0.              0.
            1225              0.              0.              0.
            1226              0.              0.              0.
            1227              0.              0.              0.
            1228              0.              0.              0.
            1229              0.              0.              0.
            1230              0.              0.              0.
            1231              0.              0.              0.
            1232              0.              0.              0.
            1233              0.              0.              0.
            1234              0.              0.              0.
            1235              0.              0.              0.
            1236              0.              0.              0.
            1237              0.              0.              0.
            1238              0.              0.              0.
            1239              0.              0.              0.
            1240              0.              0.              0.
            1241              0.              0.              0.
            1242              0.              0.              0.
            1243              0.              0.              0.
            1244              0.              0.              0.
            1245              0.              0.              0.
            1246              0.              0.              0.
            1247              0.              0.              0.
            1248              0.              0.              0.
            1249              0.              0.              0.
            1250              0.              0.              0.
            1251              0.              0.              0.
            1252              0.              0.              0.
            1253              0.              0.              0.
            1254              0.              0.              0.
            1255              0.              0.              0.
            1256              0.              0.              0.
            1257              0.              0.              0.
            1258              0.              0.              0.
            1259              0.              0.              0.
            1260              0.              0.              0.
            1261              0.              0.              0.
            1262              0.              0.              0.
            1263              0.              0.              0.
            1264              0.              0.              0.
            1265              0.              0.              0.
            1266              0.              0.              0.
            1267              0.              0.              0.
            1268              0.              0.              0.
            1269              0.              0.              0.
            1270              0.              0.              0.
            1271              0.              0.              0.
            1272              0.              0.              0.
            1273              0.              0.              0.
            1274              0.              0.              0.
            1275              0.              0.              0.
            1276              0.              0.              0.
            1277              0.              0.              0.
            1278              0.              0.              0.
            1279              0.              0.              0.
            1280              0.              0.              0.
            1281              0.              0.              0.
            1282              0.              0.              0.
            1283              0.              0.              0.
            1284              0.              0.              0.
            1285              0.              0.              0.
            1286              0.              0.              0.
            1287              0.              0.              0.
            1288              0.              0.              0.
            1289              0.              0.              0.
            1290              0.              0.              0.
            1291              0.              0.              0.
            1292              0.              0.              0.
            1293              0.              0.              0.
            1294              0.              0.              0.
            1295              0.              0.              0.
            1296              0.              0.              0.
            1297              0.              0.              0.
            1298              0.              0.              0.
            1299              0.              0.              0.
            1300              0.              0.              0.
            1301              0.              0.              0.
            1302              0.              0.              0.
            1303              0.              0.              0.
            1304              0.              0.              0.
            1305              0.              0.              0.
            1306              0.              0.              0.
            1307              0.              0.              0.
            1308              0.              0.              0.
            1309              0.              0.              0.
            1310              0.              0.              0.
            1311              0.              0.              0.
            1312              0.              0.              0.
            1313              0.              0.              0.
            1314              0.              0.              0.
            1315              0.              0.              0.
            1316              0.              0.              0.
            1317              0.              0.              0.
            1318              0.              0.              0.
            1319              0.              0.              0.
            1320              0.              0.              0.
            1321              0.              0.              0.
            1322              0.              0.              0.
            1323              0.              0.              0.
            1324              0.              0.              0.
            1325              0.              0.              0.
            1326              0.              0.              0.
            1327              0.              0.              0.
            1328              0.              0.              0.
            1329              0.              0.              0.
            1330              0.              0.              0.
            1331              0.              0.              0.
            1332              0.              0.              0.
            1333              0.              0.              0.
            1334              0.              0.              0.
            1335              0.              0.              0.
            1336              0.              0.              0.
            1337              0.              0.              0.
            1338              0.              0.              0.
            1339              0.              0.              0.
            1340              0.              0.              0.
            1341              0.              0.              0.
            1342              0.              0.              0.
            1343              0.              0.              0.
            1344              0.              0.              0.
            1345              0.              0.              0.
            1346              0.              0.              0.
            1347              0.              0.              0.
            1348              0.              0.              0.
            1349              0.              0.              0.
            1350              0.              0.              0.
            1351              0.              0.              0.
            1352              0.              0.              0.
            1353              0.              0.              0.
            1354              0.              0.              0.
            1355              0.              0.              0.
            1356              0.              0.              0.
            1357              0.              0.              0.
            1358              0.              0.              0.
            1359              0.              0.              0.
            1360              0.              0.              0.
            1361              0.              0.              0.
            1362              0.              0.              0.
            1363              0.              0.              0.
            1364              0.              0.              0.
            1365              0.              0.              0.
            1366              0.              0.              0.
            1367              0.              0.              0.
            1368              0.              0.              0.
            1369              0.              0.              0.
            1370              0.              0.              0.
            1371              0.              0.              0.
            1372              0.              0.              0.
            1373              0.              0.              0.
            1374              0.              0.              0.
            1375              0.              0.              0.
            1376              0.              0.              0.
            1377              0.              0.              0.
            1378              0.              0.              0.
            1379              0.              0.              0.
            1380              0.              0.              0.
            1381              0.              0.              0.
            1382              0.              0.              0.
            1383              0.              0.              0.
            1384              0.              0.              0.
            1385              0.              0.              0.
            1386              0.              0.              0.
            1387              0.              0.              0.
            1388              0.              0.              0.
            1389              0.              0.              0.
            1390              0.              0.              0.
            1391              0.              0.              0.
            1392              0.              0.              0.
            1393              0.              0.              0.
            1394              0.              0.              0.
            1395              0.              0.              0.
            1396              0.              0.              0.
            1397              0.              0.              0.
            1398              0.              0.              0.
            1399              0.              0.              0.
            1400              0.              0.              0.
            1401              0.              0.              0.
            1402              0.              0.              0.
            1403              0.              0.              0.
            1404              0.              0.              0.
            1405              0.              0.              0.
            1406              0.              0.              0.
            1407              0.              0.              0.
            1408              0.              0.              0.
            1409              0.              0.              0.
            1410              0.              0.              0.
            1411              0.              0.              0.
            1412              0.              0.              0.
            1413              0.              0.              0.
            1414              0.              0.              0.
            1415              0.              0.              0.
            1416              0.              0.              0.
            1417              0.              0.              0.
            1418              0.              0.              0.
            1419              0.              0.              0.
            1420              0.              0.              0.
            1421              0.              0.              0.
            1422              0.              0.              0.
            1423              0.              0.              0.
            1424              0.              0.              0.
            1425              0.              0.              0.
            1426              0.              0.              0.
            1427              0.              0.              0.
            1428              0.              0.              0.
            1429              0.              0.              0.
            1430              0.              0.              0.
            1431              0.              0.              0.
            1432              0.              0.              0.
            1433              0.              0.              0.
            1434              0.              0.              0.
            1435              0.              0.              0.
            1436              0.              0.              0.
            1437              0.              0.              0.
            1438              0.              0.              0.
            1439              0.              0.              0.
            1440              0.              0.              0.
            1441              0.              0.              0.
            1442              0.              0.              0.
            1443              0.              0.              0.
            1444              0.              0.              0.
            1445              0.              0.              0.
            1446              0.              0.              0.
            1447              0.              0.              0.
            1448              0.              0.              0.
            1449              0.              0.              0.
            1450              0.              0.              0.
            1451              0.              0.              0.
            1452              0.              0.              0.
            1453              0.              0.              0.
            1454              0.              0.              0.
            1455              0.              0.              0.
            1456              0.              0.              0.
            1457              0.              0.              0.
            1458              0.              0.              0.
            1459              0.              0.              0.
            1460              0.              0.              0.
            1461              0.              0.              0.
            1462              0.              0.              0.
            1463              0.              0.              0.
            1464              0.              0.              0.
            1465              0.              0.              0.
            1466              0.              0.              0.
            1467              0.              0.              0.
            1468              0.              0.              0.
            1469              0.              0.              0.
            1470              0.              0.              0.
            1471              0.              0.              0.
            1472              0.              0.              0.
            1473              0.              0.              0.
            1474              0.              0.              0.
            1475              0.              0.              0.
            1476              0.              0.              0.
            1477              0.              0.              0.
            1478              0.              0.              0.
            1479              0.              0.              0.
            1480              0.              0.              0.
            1481              0.              0.              0.
            1482              0.              0.              0.
            1483              0.              0.              0.
            1484              0.              0.              0.
            1485              0.              0.              0.
            1486              0.              0.              0.
            1487              0.              0.              0.
            1488              0.              0.              0.
            1489              0.              0.              0.
            1490              0.              0.              0.
            1491              0.              0.              0.
            1492              0.              0.              0.
            1493              0.              0.              0.
            1494              0.              0.              0.
            1495              0.              0.              0.
            1496              0.              0.              0.
            1497              0.              0.              0.
            1498              0.              0.              0.
            1499              0.              0.              0.
            1500              0.              0.              0.
            1501              0.              0.              0.
            1502              0.              0.              0.
            1503              0.              0.              0.
            1504              0.              0.              0.
            1505              0.              0.              0.
            1506              0.              0.              0.
            1507              0.              0.              0.
            1508              0.              0.              0.
            1509              0.              0.              0.
            1510              0.              0.              0.
            1511              0.              0.              0.
            1512              0.              0.              0.
            1513              0.              0.              0.
            1514              0.              0.              0.
            1515              0.              0.              0.
            1516              0.              0.              0.
            1517              0.              0.              0.
            1518              0.              0.              0.
            1519              0.              0.              0.
            1520              0.              0.              0.
            1521              0.              0.              0.
            1522              0.              0.              0.
            1523              0.              0.              0.
            1524              0.              0.              0.
            1525              0.              0.              0.
            1526              0.              0.              0.
            1527              0.              0.              0.
            1528              0.              0.              0.
            1529              0.              0.              0.
            1530              0.              0.              0.
            1531              0.              0.              0.
            1532              0.              0.              0.
            1533              0.              0.              0.
            1534              0.              0.              0.
            1535              0.              0.              0.
            1536              0.              0.              0.
            1537              0.              0.              0.
            1538              0.              0.              0.
            1539              0.              0.              0.
            1540              0.              0.              0.
            1541              0.              0.              0.
            1542              0.              0.              0.
            1543              0.              0.              0.
            1544              0.              0.              0.
            1545              0.              0.              0.
            1546              0.              0.              0.
            1547              0.              0.              0.
            1548              0.              0.              0.
            1549              0.              0.              0.
            1550              0.              0.              0.
            1551              0.              0.              0.
            1552              0.              0.              0.
            1553              0.              0.              0.
            1554              0.              0.              0.
            1555              0.              0.              0.
            1556              0.              0.              0.
            1557              0.              0.              0.
            1558              0.              0.              0.
            1559              0.              0.              0.
            1560              0.              0.              0.
            1561              0.              0.              0.
            1562              0.              0.              0.
            1563              0.              0.              0.
            1564              0.              0.              0.
            1565              0.              0.              0.
            1566              0.              0.              0.
            1567              0.              0.              0.
            1568              0.              0.              0.
            1569              0.              0.              0.
            1570              0.              0.              0.
            1571              0.              0.              0.
            1572              0.              0.              0.
            1573              0.              0.              0.
            1574              0.              0.              0.
            1575              0.              0.              0.
            1576              0.              0.              0.
            1577              0.              0.              0.
            1578              0.              0.              0.
            1579              0.              0.              0.
            1580              0.              0.              0.
            1581              0.              0.              0.
            1582              0.              0.              0.
            1583              0.              0.              0.
            1584              0.              0.              0.
            1585              0.              0.              0.
            1586              0.              0.              0.
            1587              0.              0.              0.
            1588              0.              0.              0.
            1589              0.              0.              0.
            1590              0.              0.              0.
            1591              0.              0.              0.
            1592              0.              0.              0.
            1593              0.              0.              0.
            1594              0.              0.              0.
            1595              0.              0.              0.
            1596              0.              0.              0.
            1597              0.              0.              0.
            1598              0.              0.              0.
            1599              0.              0.              0.
            1600              0.              0.              0.
            1601              0.              0.              0.
            1602              0.              0.              0.
            1603              0.              0.              0.
            1604              0.              0.              0.
            1605              0.              0.              0.
            1606              0.              0.              0.
            1607              0.              0.              0.
            1608              0.              0.              0.
            1609              0.              0.              0.
            1610              0.              0.              0.
            1611              0.              0.              0.
            1612              0.              0.              0.
            1613              0.              0.              0.
            1614              0.              0.              0.
            1615              0.              0.              0.
            1616              0.              0.              0.
            1617              0.              0.              0.
            1618              0.              0.              0.
            1619              0.              0.              0.
            1620              0.              0.              0.
            1621              0.              0.              0.
            1622              0.              0.              0.
            1623              0.              0.              0.
            1624              0.              0.              0.
            1625              0.              0.              0.
            1626              0.              0.              0.
            1627              0.              0.              0.
            1628              0.              0.              0.
            1629              0.              0.              0.
            1630              0.              0.              0.
            1631              0.              0.              0.
            1632              0.              0.              0.
            1633              0.              0.              0.
            1634              0.              0.              0.
            1635              0.              0.              0.
            1636              0.              0.              0.
            1637              0.              0.              0.
            1638              0.              0.              0.
            1639              0.              0.              0.
            1640              0.              0.              0.
            1641              0.              0.              0.
            1642              0.              0.              0.
            1643              0.              0.              0.
            1644              0.              0.              0.
            1645              0.              0.              0.
            1646              0.              0.              0.
            1647              0.              0.              0.
            1648              0.              0.              0.
            1649              0.              0.              0.
            1650              0.              0.              0.
            1651              0.              0.              0.
            1652              0.              0.              0.
            1653              0.              0.              0.
            1654              0.              0.              0.
            1655              0.              0.              0.
            1656              0.              0.              0.
            1657              0.              0.              0.
            1658              0.              0.              0.
            1659              0.              0.              0.
            1660              0.              0.              0.
            1661              0.              0.              0.
            1662              0.              0.              0.
            1663              0.              0.              0.
            1664              0.              0.              0.
            1665              0.              0.              0.
            1666              0.              0.              0.
            1667              0.              0.              0.
            1668              0.              0.              0.
            1669              0.              0.              0.
            1670              0.              0.              0.
            1671              0.              0.              0.
            1672              0.              0.              0.
            1673              0.              0.              0.
            1674              0.              0.              0.
            1675              0.              0.              0.
            1676              0.              0.              0.
            1677              0.              0.              0.
            1678              0.              0.              0.
            1679              0.              0.              0.
            1680              0.              0.              0.
            1681              0.              0.              0.
            1682              0.              0.              0.
            1683              0.              0.              0.
            1684              0.              0.              0.
            1685              0.              0.              0.
            1686              0.              0.              0.
            1687              0.              0.              0.
            1688              0.              0.              0.
            1689              0.              0.              0.
            1690              0.              0.              0.
            1691              0.              0.              0.
            1692              0.              0.              0.
            1693              0.              0.              0.
            1694              0.              0.              0.
            1695              0.              0.              0.
            1696              0.              0.              0.
            1697              0.              0.              0.
            1698              0.              0.              0.
            1699              0.              0.              0.
            1700              0.              0.              0.
            1701              0.              0.              0.
            1702              0.              0.              0.
            1703              0.              0.              0.
            1704              0.              0.              0.
            1705              0.              0.              0.
            1706              0.              0.              0.
            1707              0.              0.              0.
            1708              0.              0.              0.
            1709              0.              0.              0.
            1710              0.              0.              0.
            1711              0.              0.              0.
            1712              0.              0.              0.
            1713              0.              0.              0.
            1714              0.              0.              0.
            1715              0.              0.              0.
            1716              0.              0.              0.
            1717              0.              0.              0.
            1718              0.              0.              0.
            1719              0.              0.              0.
            1720              0.              0.              0.
            1721              0.              0.              0.
            1722              0.              0.              0.
            1723              0.              0.              0.
            1724              0.              0.              0.
            1725              0.              0.              0.
            1726              0.              0.              0.
            1727              0.              0.              0.
            1728              0.              0.              0.
            1729              0.              0.              0.
            1730              0.              0.              0.
            1731              0.              0.              0.
            1732              0.              0.              0.
            1733              0.              0.              0.
            1734              0.              0.              0.
            1735              0.              0.              0.
            1736              0.              0.              0.
            1737              0.              0.              0.
            1738              0.              0.              0.
            1739              0.              0.              0.
            1740              0.              0.              0.
            1741              0.              0.              0.
            1742              0.              0.              0.
            1743              0.              0.              0.
            1744              0.              0.              0.
            1745              0.              0.              0.
            1746              0.              0.              0.
            1747              0.              0.              0.
            1748              0.              0.              0.
            1749              0.              0.              0.
            1750              0.              0.              0.
            1751              0.              0.              0.
            1752              0.              0.              0.
            1753              0.              0.              0.
            1754              0.              0.              0.
            1755              0.              0.              0.
            1756              0.              0.              0.
            1757              0.              0.              0.
            1758              0.              0.              0.
            1759              0.              0.              0.
            1760              0.              0.              0.
            1761              0.              0.              0.
            1762              0.              0.              0.
            1763              0.              0.              0.
            1764              0.              0.              0.
            1765              0.              0.              0.
            1766              0.              0.              0.
            1767              0.              0.              0.
            1768              0.              0.              0.
            1769              0.              0.              0.
            1770              0.              0.              0.
            1771              0.              0.              0.
            1772              0.              0.              0.
            1773              0.              0.              0.
            1774              0.              0.              0.
            1775              0.              0.              0.
            1776              0.              0.              0.
            1777              0.              0.              0.
            1778              0.              0.              0.
            1779              0.              0.              0.
            1780              0.              0.              0.
            1781              0.              0.              0.
            1782              0.              0.              0.
            1783              0.              0.              0.
            1784              0.              0.              0.
            1785              0.              0.              0.
            1786              0.              0.              0.
            1787              0.              0.              0.
            1788              0.              0.              0.
            1789              0.              0.              0.
            1790              0.              0.              0.
            1791              0.              0.              0.
            1792              0.              0.              0.
            1793              0.              0.              0.
            1794              0.              0.              0.
            1795              0.              0.              0.
            1796              0.              0.              0.
            1797              0.              0.              0.
            1798              0.              0.              0.
            1799              0.              0.              0.
            1800              0.              0.              0.
            1801              0.              0.              0.
            1802              0.              0.              0.
            1803              0.              0.              0.
            1804              0.              0.              0.
            1805              0.              0.              0.
            1806              0.              0.              0.
            1807              0.              0.              0.
            1808              0.              0.              0.
            1809              0.              0.              0.
            1810              0.              0.              0.
            1811              0.              0.              0.
            1812              0.              0.              0.
            1813              0.              0.              0.
            1814              0.              0.              0.
            1815              0.              0.              0.
            1816              0.              0.              0.
            1817              0.              0.              0.
            1818              0.              0.              0.
            1819              0.              0.              0.
            1820              0.              0.              0.
            1821              0.              0.              0.
            1822              0.              0.              0.
            1823              0.              0.              0.
            1824              0.              0.              0.
            1825              0.              0.              0.
            1826              0.              0.              0.
            1827              0.              0.              0.
            1828              0.              0.              0.
            1829              0.              0.              0.
            1830              0.              0.              0.
            1831              0.              0.              0.
            1832              0.              0.              0.
            1833              0.              0.              0.
            1834              0.              0.              0.
            1835              0.              0.              0.
            1836              0.              0.              0.
            1837              0.              0.              0.
            1838              0.              0.              0.
            1839              0.              0.              0.
            1840              0.              0.              0.
            1841              0.              0.              0.
            1842              0.              0.              0.
            1843              0.              0.              0.
            1844              0.              0.              0.
            1845              0.              0.              0.
            1846              0.              0.              0.
            1847              0.              0.              0.
            1848              0.              0.              0.
            1849              0.              0.              0.
            1850              0.              0.              0.
            1851              0.              0.              0.
            1852              0.              0.              0.
            1853              0.              0.              0.
            1854              0.              0.              0.
            1855              0.              0.              0.
            1856              0.              0.              0.
            1857              0.              0.              0.
            1858              0.              0.              0.
            1859              0.              0.              0.
            1860              0.              0.              0.
            1861              0.              0.              0.
            1862              0.              0.              0.
            1863              0.              0.              0.
            1864              0.              0.              0.
            1865              0.              0.              0.
            1866              0.              0.              0.
            1867              0.              0.              0.
            1868              0.              0.              0.
            1869              0.              0.              0.
            1870              0.              0.              0.
            1871              0.              0.              0.
            1872              0.              0.              0.
            1873              0.              0.              0.
            1874              0.              0.              0.
            1875              0.              0.              0.
            1876              0.              0.              0.
            1877              0.              0.              0.
            1878              0.              0.              0.
            1879              0.              0.              0.
            1880              0.              0.              0.
            1881              0.              0.              0.
            1882              0.              0.              0.
            1883              0.              0.              0.
            1884              0.              0.              0.
            1885              0.              0.              0.
            1886              0.              0.              0.
            1887              0.              0.              0.
            1888              0.              0.              0.
            1889              0.              0.              0.
            1890              0.              0.              0.
            1891              0.              0.              0.
            1892              0.              0.              0.
            1893              0.              0.              0.
            1894              0.              0.              0.
            1895              0.              0.              0.
            1896              0.              0.              0.
            1897              0.              0.              0.
            1898              0.              0.              0.
            1899              0.              0.              0.
            1900              0.              0.              0.
            1901              0.              0.              0.
            1902              0.              0.              0.
            1903              0.              0.              0.
            1904              0.              0.              0.
            1905              0.              0.              0.
            1906              0.              0.              0.
            1907              0.              0.              0.
            1908              0.              0.              0.
            1909              0.              0.              0.
            1910              0.              0.              0.
            1911              0.              0.              0.
            1912              0.              0.              0.
            1913              0.              0.              0.
            1914              0.              0.              0.
            1915              0.              0.              0.
            1916              0.              0.              0.
            1917              0.              0.              0.
            1918              0.              0.              0.
            1919              0.              0.              0.
            1920              0.              0.              0.
            1921              0.              0.              0.
            1922              0.              0.              0.
            1923              0.              0.              0.
            1924              0.              0.              0.
            1925              0.              0.              0.
            1926              0.              0.              0.
            1927              0.              0.              0.
            1928              0.              0.              0.
            1929              0.              0.              0.
            1930              0.              0.              0.
            1931              0.              0.              0.
            1932              0.              0.              0.
            1933              0.              0.              0.
            1934              0.              0.              0.
            1935              0.              0.              0.
            1936              0.              0.              0.
            1937              0.              0.              0.
            1938              0.              0.              0.
            1939              0.              0.              0.
            1940              0.              0.              0.
            1941              0.              0.              0.
            1942              0.              0.              0.
            1943              0.              0.              0.
            1944              0.              0.              0.
            1945              0.              0.              0.
            1946              0.              0.              0.
            1947              0.              0.              0.
            1948              0.              0.              0.
            1949              0.              0.              0.
            1950              0.              0.              0.
            1951              0.              0.              0.
            1952              0.              0.              0.
            1953              0.              0.              0.
            1954              0.              0.              0.
            1955              0.              0.              0.
            1956              0.              0.              0.
            1957              0.              0.              0.
            1958              0.              0.              0.
            1959              0.              0.              0.
            1960              0.              0.              0.
            1961              0.              0.              0.
            1962              0.              0.              0.
            1963              0.              0.              0.
            1964              0.              0.              0.
            1965              0.              0.              0.
            1966              0.              0.              0.
            1967              0.              0.              0.
            1968              0.              0.              0.
            1969              0.              0.              0.
            1970              0.              0.              0.
            1971              0.              0.              0.
            1972              0.              0.              0.
            1973              0.              0.              0.
            1974              0.              0.              0.
            1975              0.              0.              0.
            1976              0.              0.              0.
            1977              0.              0.              0.
            1978              0.              0.              0.
            1979              0.              0.              0.
            1980              0.              0.              0.
            1981              0.              0.              0.
            1982              0.              0.              0.
            1983              0.              0.              0.
            1984              0.              0.              0.
            1985              0.              0.              0.
            1986              0.              0.              0.
            1987              0.              0.              0.
            1988              0.              0.              0.
            1989              0.              0.              0.
            1990              0.              0.              0.
            1991              0.              0.              0.
            1992              0.              0.              0.
            1993              0.              0.              0.
            1994              0.              0.              0.
            1995              0.              0.              0.
            1996              0.              0.              0.
            1997              0.              0.              0.
            1998              0.              0.              0.
            1999              0.              0.              0.
            2000              0.              0.              0.
            2001              0.              0.              0.
            2002              0.              0.              0.
            2003              0.              0.              0.
            2004              0.              0.              0.
            2005              0.              0.              0.
            2006              0.              0.              0.
            2007              0.              0.              0.
            2008              0.              0.              0.
            2009              0.              0.              0.
            2010              0.              0.              0.
            2011              0.              0.              0.
            2012              0.              0.              0.
            2013              0.              0.              0.
            2014              0.              0.              0.
            2015              0.              0.              0.
            2016              0.              0.              0.
            2017              0.              0.              0.
            2018              0.              0.              0.
            2019              0.              0.              0.
            2020              0.              0.              0.
            2021              0.              0.              0.
            2022              0.              0.              0.
            2023              0.              0.              0.
            2024              0.              0.              0.
            2025              0.              0.              0.
            2026              0.              0.              0.
            2027              0.              0.              0.
            2028              0.              0.              0.
            2029              0.              0.              0.
            2030              0.              0.              0.
            2031              0.              0.              0.
            2032              0.              0.              0.
            2033              0.              0.              0.
            2034              0.              0.              0.
            2035              0.              0.              0.
            2036              0.              0.              0.
            2037              0.              0.              0.
            2038              0.              0.              0.
            2039              0.              0.              0.
            2040              0.              0.              0.
            2041              0.              0.              0.
            2042              0.              0.              0.
            2043              0.              0.              0.
            2044              0.              0.              0.
            2045              0.              0.              0.
            2046              0.              0.              0.
            2047              0.              0.              0.
            2048              0.              0.              0.
            2049              0.              0.              0.
            2050              0.              0.              0.
            2051              0.              0.              0.
            2052              0.              0.              0.
            2053              0.              0.              0.
            2054              0.              0.              0.
            2055              0.              0.              0.
            2056              0.              0.              0.
            2057              0.              0.              0.
            2058              0.              0.              0.
            2059              0.              0.              0.
            2060              0.              0.              0.
            2061              0.              0.              0.
            2062              0.              0.              0.
            2063              0.              0.              0.
            2064              0.              0.              0.
            2065              0.              0.              0.
            2066              0.              0.              0.
            2067              0.              0.              0.
            2068              0.              0.              0.
            2069              0.              0.              0.
            2070              0.              0.              0.
            2071              0.              0.              0.
            2072              0.              0.              0.
            2073              0.              0.              0.
            2074              0.              0.              0.
            2075              0.              0.              0.
            2076              0.              0.              0.
            2077              0.              0.              0.
            2078              0.              0.              0.
            2079              0.              0.              0.
            2080              0.              0.              0.
            2081              0.              0.              0.
            2082              0.              0.              0.
            2083              0.              0.              0.
            2084              0.              0.              0.
            2085              0.              0.              0.
            2086              0.              0.              0.
            2087              0.              0.              0.
            2088              0.              0.              0.
            2089              0.              0.              0.
            2090              0.              0.              0.
            2091              0.              0.              0.
            2092              0.              0.              0.
            2093              0.              0.              0.
            2094              0.              0.              0.
            2095              0.              0.              0.
            2096              0.              0.              0.
            2097              0.              0.              0.
            2098              0.              0.              0.
            2099              0.              0.              0.
            2100              0.              0.              0.
            2101              0.              0.              0.
            2102              0.              0.              0.
            2103              0.              0.              0.
            2104              0.              0.              0.
            2105              0.              0.              0.
            2106              0.              0.              0.
            2107              0.              0.              0.
            2108              0.              0.              0.
            2109              0.              0.              0.
            2110              0.              0.              0.
            2111              0.              0.              0.
            2112              0.              0.              0.
            2113              0.              0.              0.
            2114              0.              0.              0.
            2115              0.              0.              0.
            2116              0.              0.              0.
            2117              0.              0.              0.
            2118              0.              0.              0.
            2119              0.              0.              0.
            2120              0.              0.              0.
            2121              0.              0.              0.
            2122              0.              0.              0.
            2123              0.              0.              0.
            2124              0.              0.              0.
            2125              0.              0.              0.
            2126              0.              0.              0.
            2127              0.              0.              0.
            2128              0.              0.              0.
            2129              0.              0.              0.
            2130              0.              0.              0.
            2131              0.              0.              0.
            2132              0.              0.              0.
            2133              0.              0.              0.
            2134              0.              0.              0.
            2135              0.              0.              0.
            2136              0.              0.              0.
            2137              0.              0.              0.
            2138              0.              0.              0.
            2139              0.              0.              0.
            2140              0.              0.              0.
            2141              0.              0.              0.
            2142              0.              0.              0.
            2143              0.              0.              0.
            2144              0.              0.              0.
            2145              0.              0.              0.
            2146              0.              0.              0.
            2147              0.              0.              0.
            2148              0.              0.              0.
            2149              0.              0.              0.
            2150              0.              0.              0.
            2151              0.              0.              0.
            2152              0.              0.              0.
            2153              0.              0.              0.
            2154              0.              0.              0.
            2155              0.              0.              0.
            2156              0.              0.              0.
            2157              0.              0.              0.
            2158              0.              0.              0.
            2159              0.              0.              0.
            2160              0.              0.              0.
            2161              0.              0.              0.
            2162              0.              0.              0.
            2163              0.              0.              0.
            2164              0.              0.              0.
            2165              0.              0.              0.
            2166              0.              0.              0.
            2167              0.              0.              0.
            2168              0.              0.              0.
            2169              0.              0.              0.
            2170              0.              0.              0.
            2171              0.              0.              0.
            2172              0.              0.              0.
            2173              0.              0.              0.
            2174              0.              0.              0.
            2175              0.              0.              0.
            2176              0.              0.              0.
            2177              0.              0.              0.
            2178              0.              0.              0.
            2179              0.              0.              0.
            2180              0.              0.              0.
            2181              0.              0.              0.
            2182              0.              0.              0.
            2183              0.              0.              0.
            2184              0.              0.              0.
            2185              0.              0.              0.
            2186              0.              0.              0.
            2187              0.              0.              0.
            2188              0.              0.              0.
            2189              0.              0.              0.
            2190              0.              0.              0.
            2191              0.              0.              0.
            2192              0.              0.              0.
            2193              0.              0.              0.
            2194              0.              0.              0.
            2195              0.              0.              0.
            2196              0.              0.              0.
            2197              0.              0.              0.
            2198              0.              0.              0.
            2199              0.              0.              0.
            2200              0.              0.              0.
            2201              0.              0.              0.
            2202              0.              0.              0.
            2203              0.              0.              0.
            2204              0.              0.              0.
            2205              0.              0.              0.
            2206              0.              0.              0.
            2207              0.              0.              0.
            2208              0.              0.              0.
            2209              0.              0.              0.
            2210              0.              0.              0.
            2211              0.              0.              0.
            2212              0.              0.              0.
            2213              0.              0.              0.
            2214              0.              0.              0.
            2215              0.              0.              0.
            2216              0.              0.              0.
            2217              0.              0.              0.
            2218              0.              0.              0.
            2219              0.              0.              0.
            2220              0.              0.              0.
            2221              0.              0.              0.
            2222              0.              0.              0.
            2223              0.              0.              0.
            2224              0.              0.              0.
            2225              0.              0.              0.
            2226              0.              0.              0.
            2227              0.              0.              0.
            2228              0.              0.              0.
            2229              0.              0.              0.
            2230              0.              0.              0.
            2231              0.              0.              0.
            2232              0.              0.              0.
            2233              0.              0.              0.
            2234              0.              0.              0.
            2235              0.              0.              0.
            2236              0.              0.              0.
            2237              0.              0.              0.
            2238              0.              0.              0.
            2239              0.              0.              0.
            2240              0.              0.              0.
            2241              0.              0.              0.
            2242              0.              0.              0.
            2243              0.              0.              0.
            2244              0.              0.              0.
            2245              0.              0.              0.
            2246              0.              0.              0.
            2247              0.              0.              0.
            2248              0.              0.              0.
            2249              0.              0.              0.
            2250              0.              0.              0.
            2251              0.              0.              0.
            2252              0.              0.              0.
            2253              0.              0.              0.
            2254              0.              0.              0.
            2255              0.              0.              0.
            2256              0.              0.              0.
            2257              0.              0.              0.
            2258              0.              0.              0.
            2259              0.              0.              0.
            2260              0.              0.              0.
            2261              0.              0.              0.
            2262              0.              0.              0.
            2263              0.              0.              0.
            2264              0.              0.              0.
            2265              0.              0.              0.
            2266              0.              0.              0.
            2267              0.              0.              0.
            2268              0.              0.              0.
            2269              0.              0.              0.
            2270              0.              0.              0.
            2271              0.              0.              0.
            2272              0.              0.              0.
            2273              0.              0.              0.
            2274              0.              0.              0.
            2275              0.              0.              0.
            2276              0.              0.              0.
            2277              0.              0.              0.
            2278              0.              0.              0.
            2279              0.              0.              0.
            2280              0.              0.              0.
            2281              0.              0.              0.
            2282              0.              0.              0.
            2283              0.              0.              0.
            2284              0.              0.              0.
            2285              0.              0.              0.
            2286              0.              0.              0.
            2287              0.              0.              0.
            2288              0.              0.              0.
            2289              0.              0.              0.
            2290              0.              0.              0.
            2291              0.              0.              0.
            2292              0.              0.              0.
            2293              0.              0.              0.
            2294              0.              0.              0.
            2295              0.              0.              0.
            2296              0.              0.              0.
            2297              0.              0.              0.
            2298              0.              0.              0.
            2299              0.              0.              0.
            2300              0.              0.              0.
            2301              0.              0.              0.
            2302              0.              0.              0.
            2303              0.              0.              0.
            2304              0.              0.              0.
            2305              0.              0.              0.
            2306              0.              0.              0.
            2307              0.              0.              0.
            2308              0.              0.              0.
            2309              0.              0.              0.
            2310              0.              0.              0.
            2311              0.              0.              0.
            2312              0.              0.              0.
            2313              0.              0.              0.
            2314              0.              0.              0.
            2315              0.              0.              0.
            2316              0.              0.              0.
            2317              0.              0.              0.
            2318              0.              0.              0.
            2319              0.              0.              0.
            2320              0.              0.              0.
            2321              0.              0.              0.
            2322              0.              0.              0.
            2323              0.              0.              0.
            2324              0.              0.              0.
            2325              0.              0.              0.
            2326              0.              0.              0.
            2327              0.              0.              0.
            2328              0.              0.              0.
            2329              0.              0.              0.
            2330              0.              0.              0.
            2331              0.              0.              0.
            2332              0.              0.              0.
            2333              0.              0.              0.
            2334              0.              0.              0.
            2335              0.              0.              0.
            2336              0.              0.              0.
            2337              0.              0.              0.
            2338              0.              0.              0.
            2339              0.              0.              0.
            2340              0.              0.              0.
            2341              0.              0.              0.
            2342              0.              0.              0.
            2343              0.              0.              0.
            2344              0.              0.              0.
            2345              0.              0.              0.
            2346              0.              0.              0.
            2347              0.              0.              0.
            2348              0.              0.              0.
            2349              0.              0.              0.
            2350              0.              0.              0.
            2351              0.              0.              0.
            2352              0.              0.              0.
            2353              0.              0.              0.
            2354              0.              0.              0.
            2355              0.              0.              0.
            2356              0.              0.              0.
            2357              0.              0.              0.
            2358              0.              0.              0.
            2359              0.              0.              0.
            2360              0.              0.              0.
            2361              0.              0.              0.
            2362              0.              0.              0.
            2363              0.              0.              0.
            2364              0.              0.              0.
            2365              0.              0.              0.
            2366              0.              0.              0.
            2367              0.              0.              0.
            2368              0.              0.              0.
            2369              0.              0.              0.
            2370              0.              0.              0.
            2371              0.              0.              0.
            2372              0.              0.              0.
            2373              0.              0.              0.
            2374              0.              0.              0.
            2375              0.              0.              0.
            2376              0.              0.              0.
            2377              0.              0.              0.
            2378              0.              0.              0.
            2379              0.              0.              0.
            2380              0.              0.              0.
            2381              0.              0.              0.
            2382              0.              0.              0.
            2383              0.              0.              0.
            2384              0.              0.              0.
            2385              0.              0.              0.
            2386              0.              0.              0.
            2387              0.              0.              0.
            2388              0.              0.              0.
            2389              0.              0.              0.
            2390              0.              0.              0.
            2391              0.              0.              0.
            2392              0.              0.              0.
            2393              0.              0.              0.
            2394              0.              0.              0.
            2395              0.              0.              0.
            2396              0.              0.              0.
            2397              0.              0.              0.
            2398              0.              0.              0.
            2399              0.              0.              0.
            2400              0.              0.              0.
            2401              0.              0.              0.
            2402              0.              0.              0.
            2403              0.              0.              0.
            2404              0.              0.              0.
            2405              0.              0.              0.
            2406              0.              0.              0.
            2407              0.              0.              0.
            2408              0.              0.              0.
            2409              0.              0.              0.
            2410              0.              0.              0.
            2411              0.              0.              0.
            2412              0.              0.              0.
            2413              0.              0.              0.
            2414              0.              0.              0.
            2415              0.              0.              0.
            2416              0.              0.              0.
            2417              0.              0.              0.
            2418              0.              0.              0.
            2419              0.              0.              0.
            2420              0.              0.              0.
            2421              0.              0.              0.
            2422              0.              0.              0.
            2423              0.              0.              0.
            2424              0.              0.              0.
            2425              0.              0.              0.
            2426              0.              0.              0.
            2427              0.              0.              0.
            2428              0.              0.              0.
            2429              0.              0.              0.
            2430              0.              0.              0.
            2431              0.              0.              0.
            2432              0.              0.              0.
            2433              0.              0.              0.
            2434              0.              0.              0.
            2435              0.              0.              0.
            2436              0.              0.              0.
            2437              0.              0.              0.
            2438              0.              0.              0.
            2439              0.              0.              0.
            2440              0.              0.              0.
            2441              0.              0.              0.
            2442              0.              0.              0.
            2443              0.              0.              0.
            2444              0.              0.              0.
            2445              0.              0.              0.
            2446              0.              0.              0.
            2447              0.              0.              0.
            2448              0.              0.              0.
            2449              0.              0.              0.
            2450              0.              0.              0.
            2451              0.              0.              0.
            2452              0.              0.              0.
            2453              0.              0.              0.
            2454              0.              0.              0.
            2455              0.              0.              0.
            2456              0.              0.              0.
            2457              0.              0.              0.
            2458              0.              0.              0.
            2459              0.              0.              0.
            2460              0.              0.              0.
            2461              0.              0.              0.
            2462              0.              0.              0.
            2463              0.              0.              0.
            2464              0.              0.              0.
            2465              0.              0.              0.
            2466              0.              0.              0.
            2467              0.              0.              0.
            2468              0.              0.              0.
            2469              0.              0.              0.
            2470              0.              0.              0.
            2471              0.              0.              0.
            2472              0.              0.              0.
            2473              0.              0.              0.
            2474              0.              0.              0.
            2475              0.              0.              0.
            2476              0.              0.              0.
            2477              0.              0.              0.
            2478              0.              0.              0.
            2479              0.              0.              0.
            2480              0.              0.              0.
            2481              0.              0.              0.
            2482              0.              0.              0.
            2483              0.              0.              0.
            2484              0.              0.              0.
            2485              0.              0.              0.
            2486              0.              0.              0.
            2487              0.              0.              0.
            2488              0.              0.              0.
            2489              0.              0.              0.
            2490              0.              0.              0.
            2491              0.              0.              0.
            2492              0.              0.              0.
            2493              0.              0.              0.
            2494              0.              0.              0.
            2495              0.              0.              0.
            2496              0.              0.              0.
            2497              0.              0.              0.
            2498              0.              0.              0.
            2499              0.              0.              0.
            2500              0.              0.              0.
            2501              0.              0.              0.
            2502              0.              0.              0.
            2503              0.              0.              0.
            2504              0.              0.              0.
            2505              0.              0.              0.
            2506              0.              0.              0.
            2507              0.              0.              0.
            2508              0.              0.              0.
            2509              0.              0.              0.
            2510              0.              0.              0.
            2511              0.              0.              0.
            2512              0.              0.              0.
            2513              0.              0.              0.
            2514              0.              0.              0.
            2515              0.              0.              0.
            2516              0.              0.              0.
            2517              0.              0.              0.
            2518              0.              0.              0.
            2519              0.              0.              0.
            2520              0.              0.              0.
            2521              0.              0.              0.
            2522              0.              0.              0.
            2523              0.              0.              0.
            2524              0.              0.              0.
            2525              0.              0.              0.
            2526              0.              0.              0.
            2527              0.              0.              0.
            2528              0.              0.              0.
            2529              0.              0.              0.
            2530              0.              0.              0.
            2531              0.              0.              0.
            2532              0.              0.              0.
            2533              0.              0.              0.
            2534              0.              0.              0.
            2535              0.              0.              0.
            2536              0.              0.              0.
            2537              0.              0.              0.
            2538              0.              0.              0.
            2539              0.              0.              0.
            2540              0.              0.              0.
            2541              0.              0.              0.
            2542              0.              0.              0.
            2543              0.              0.              0.
            2544              0.              0.              0.
            2545              0.              0.              0.
            2546              0.              0.              0.
            2547              0.              0.              0.
            2548              0.              0.              0.
            2549              0.              0.              0.
            2550              0.              0.              0.
            2551              0.              0.              0.
            2552              0.              0.              0.
            2553              0.              0.              0.
            2554              0.              0.              0.
            2555              0.              0.              0.
            2556              0.              0.              0.
            2557              0.              0.              0.
            2558              0.              0.              0.
            2559              0.              0.              0.
            2560              0.              0.              0.
            2561              0.              0.              0.
            2562              0.              0.              0.
            2563              0.              0.              0.
            2564              0.              0.              0.
            2565              0.              0.              0.
            2566              0.              0.              0.
            2567              0.              0.              0.
            2568              0.              0.              0.
            2569              0.              0.              0.
            2570              0.              0.              0.
            2571              0.              0.              0.
            2572              0.              0.              0.
            2573              0.              0.              0.
            2574              0.              0.              0.
            2575              0.              0.              0.
            2576              0.              0.              0.
            2577              0.              0.              0.
            2578              0.              0.              0.
            2579              0.              0.              0.
            2580              0.              0.              0.
            2581              0.              0.              0.
            2582              0.              0.              0.
            2583              0.              0.              0.
            2584              0.              0.              0.
            2585              0.              0.              0.
            2586              0.              0.              0.
            2587              0.              0.              0.
            2588              0.              0.              0.
            2589              0.              0.              0.
            2590              0.              0.              0.
            2591              0.              0.              0.
            2592              0.              0.              0.
            2593              0.              0.              0.
            2594              0.              0.              0.
            2595              0.              0.              0.
            2596              0.              0.              0.
            2597              0.              0.              0.
            2598              0.              0.              0.
            2599              0.              0.              0.
            2600              0.              0.              0.
            2601              0.              0.              0.
            2602              0.              0.              0.
            2603              0.              0.              0.
            2604              0.              0.              0.
            2605              0.              0.              0.
            2606              0.              0.              0.
            2607              0.              0.              0.
            2608              0.              0.              0.
            2609              0.              0.              0.
            2610              0.              0.              0.
            2611              0.              0.              0.
            2612              0.              0.              0.
            2613              0.              0.              0.
            2614              0.              0.              0.
            2615              0.              0.              0.
            2616              0.              0.              0.
            2617              0.              0.              0.
            2618              0.              0.              0.
            2619              0.              0.              0.
            2620              0.              0.              0.
            2621              0.              0.              0.
            2622              0.              0.              0.
            2623              0.              0.              0.
            2624              0.              0.              0.
            2625              0.              0.              0.
            2626              0.              0.              0.
            2627              0.              0.              0.
            2628              0.              0.              0.
            2629              0.              0.              0.
            2630              0.              0.              0.
            2631              0.              0.              0.
            2632              0.              0.              0.
            2633              0.              0.              0.
            2634              0.              0.              0.
            2635              0.              0.              0.
            2636              0.              0.              0.
            2637              0.              0.              0.
            2638              0.              0.              0.
            2639              0.              0.              0.
            2640              0.              0.              0.
            2641              0.              0.              0.
            2642              0.              0.              0.
            2643              0.              0.              0.
            2644              0.              0.              0.
            2645              0.              0.              0.
            2646              0.              0.              0.
            2647              0.              0.              0.
            2648              0.              0.              0.
            2649              0.              0.              0.
            2650              0.              0.              0.
            2651              0.              0.              0.
            2652              0.              0.              0.
            2653              0.              0.              0.
            2654              0.              0.              0.
            2655              0.              0.              0.
            2656              0.              0.              0.
            2657              0.              0.              0.
            2658              0.              0.              0.
            2659              0.              0.              0.
            2660              0.              0.              0.
            2661              0.              0.              0.
            2662              0.              0.              0.
            2663              0.              0.              0.
            2664              0.              0.              0.
            2665              0.              0.              0.
            2666              0.              0.              0.
            2667              0.              0.              0.
            2668              0.              0.              0.
            2669              0.              0.              0.
            2670              0.              0.              0.
            2671              0.              0.              0.
            2672              0.              0.              0.
            2673              0.              0.              0.
            2674              0.              0.              0.
            2675              0.              0.              0.
            2676              0.              0.              0.
            2677              0.              0.              0.
            2678              0.              0.              0.
            2679              0.              0.              0.
            2680              0.              0.              0.
            2681              0.              0.              0.
            2682              0.              0.              0.
            2683              0.              0.              0.
            2684              0.              0.              0.
            2685              0.              0.              0.
            2686              0.              0.              0.
            2687              0.              0.              0.
            2688              0.              0.              0.
            2689              0.              0.              0.
            2690              0.              0.              0.
            2691              0.              0.              0.
            2692              0.              0.              0.
            2693              0.              0.              0.
            2694              0.              0.              0.
            2695              0.              0.              0.
            2696              0.              0.              0.
            2697              0.              0.              0.
            2698              0.              0.              0.
            2699              0.              0.              0.
            2700              0.              0.              0.
            2701              0.              0.              0.
            2702              0.              0.              0.
            2703              0.              0.              0.
            2704              0.              0.              0.
            2705              0.              0.              0.
            2706              0.              0.              0.
            2707              0.              0.              0.
            2708              0.              0.              0.
            2709              0.              0.              0.
            2710              0.              0.              0.
            2711              0.              0.              0.
            2712              0.              0.              0.
            2713              0.              0.              0.
            2714              0.              0.              0.
            2715              0.              0.              0.
            2716              0.              0.              0.
            2717              0.              0.              0.
            2718              0.              0.              0.
            2719              0.              0.              0.
            2720              0.              0.              0.
            2721              0.              0.              0.
            2722              0.              0.              0.
            2723              0.              0.              0.
            2724              0.              0.              0.
            2725              0.              0.              0.
            2726              0.              0.              0.
            2727              0.              0.              0.
            2728              0.              0.              0.
            2729              0.              0.              0.
            2730              0.              0.              0.
            2731              0.              0.              0.
            2732              0.              0.              0.
            2733              0.              0.              0.
            2734              0.              0.              0.
            2735              0.              0.              0.
            2736              0.              0.              0.
            2737              0.              0.              0.
            2738              0.              0.              0.
            2739              0.              0.              0.
            2740              0.              0.              0.
            2741              0.              0.              0.
            2742              0.              0.              0.
            2743              0.              0.              0.
            2744              0.              0.              0.
            2745              0.              0.              0.
            2746              0.              0.              0.
            2747              0.              0.              0.
            2748              0.              0.              0.
            2749              0.              0.              0.
            2750              0.              0.              0.
            2751              0.              0.              0.
            2752              0.              0.              0.
            2753              0.              0.              0.
            2754              0.              0.              0.
            2755              0.              0.              0.
            2756              0.              0.              0.
            2757              0.              0.              0.
            2758              0.              0.              0.
            2759              0.              0.              0.
            2760              0.              0.              0.
            2761              0.              0.              0.
            2762              0.              0.              0.
            2763              0.              0.              0.
            2764              0.              0.              0.
            2765              0.              0.              0.
            2766              0.              0.              0.
            2767              0.              0.              0.
            2768              0.              0.              0.
            2769              0.              0.              0.
            2770              0.              0.              0.
            2771              0.              0.              0.
            2772              0.              0.              0.
            2773              0.              0.              0.
            2774              0.              0.              0.
            2775              0.              0.              0.
            2776              0.              0.              0.
            2777              0.              0.              0.
            2778              0.              0.              0.
            2779              0.              0.              0.
            2780              0.              0.              0.
            2781              0.              0.              0.
            2782              0.              0.              0.
            2783              0.              0.              0.
            2784              0.              0.              0.
            2785              0.              0.              0.
            2786              0.              0.              0.
            2787              0.              0.              0.
            2788              0.              0.              0.
            2789              0.              0.              0.
            2790              0.              0.              0.
            2791              0.              0.              0.
            2792              0.              0.              0.
            2793              0.              0.              0.
            2794              0.              0.              0.
            2795              0.              0.              0.
            2796              0.              0.              0.
            2797              0.              0.              0.
            2798              0.              0.              0.
            2799              0.              0.              0.
            2800              0.              0.              0.
            2801              0.              0.              0.
            2802              0.              0.              0.
            2803              0.              0.              0.
            2804              0.              0.              0.
            2805              0.              0.              0.
            2806              0.              0.              0.
            2807              0.              0.              0.
            2808              0.              0.              0.
            2809              0.              0.              0.
            2810              0.              0.              0.
            2811              0.              0.              0.
            2812              0.              0.              0.
            2813              0.              0.              0.
            2814              0.              0.              0.
            2815              0.              0.              0.
            2816              0.              0.              0.
            2817              0.              0.              0.
            2818              0.              0.              0.
            2819              0.              0.              0.
            2820              0.              0.              0.
            2821              0.              0.              0.
            2822              0.              0.              0.
            2823              0.              0.              0.
            2824              0.              0.              0.
            2825              0.              0.              0.
            2826              0.              0.              0.
            2827              0.              0.              0.
            2828              0.              0.              0.
            2829              0.              0.              0.
            2830              0.              0.              0.
            2831              0.              0.              0.
            2832              0.              0.              0.
            2833              0.              0.              0.
            2834              0.              0.              0.
            2835              0.              0.              0.
            2836              0.              0.              0.
            2837              0.              0.              0.
            2838              0.              0.              0.
            2839              0.              0.              0.
            2840              0.              0.              0.
            2841              0.              0.              0.
            2842              0.              0.              0.
            2843              0.              0.              0.
            2844              0.              0.              0.
            2845              0.              0.              0.
            2846              0.              0.              0.
            2847              0.              0.              0.
            2848              0.              0.              0.
            2849              0.              0.              0.
            2850              0.              0.              0.
            2851              0.              0.              0.
            2852              0.              0.              0.
            2853              0.              0.              0.
            2854              0.              0.              0.
            2855              0.              0.              0.
            2856              0.              0.              0.
            2857              0.              0.              0.
            2858              0.              0.              0.
            2859              0.              0.              0.
            2860              0.              0.              0.
            2861              0.              0.              0.
            2862              0.              0.              0.
            2863              0.              0.              0.
            2864              0.              0.              0.
            2865              0.              0.              0.
            2866              0.              0.              0.
            2867              0.              0.              0.
            2868              0.              0.              0.
            2869              0.              0.              0.
            2870              0.              0.              0.
            2871              0.              0.              0.
            2872              0.              0.              0.
            2873              0.              0.              0.
            2874              0.              0.              0.
            2875              0.              0.              0.
            2876              0.              0.              0.
            2877              0.              0.              0.
            2878              0.              0.              0.
            2879              0.              0.              0.
            2880              0.              0.              0.
            2881              0.              0.              0.
            2882              0.              0.              0.
            2883              0.              0.              0.
            2884              0.              0.              0.
            2885              0.              0.              0.
            2886              0.              0.              0.
            2887              0.              0.              0.
            2888              0.              0.              0.
            2889              0.              0.              0.
            2890              0.              0.              0.
            2891              0.              0.              0.
            2892              0.              0.              0.
            2893              0.              0.              0.
            2894              0.              0.              0.
            2895              0.              0.              0.
            2896              0.              0.              0.
            2897              0.              0.              0.
            2898              0.              0.              0.
            2899              0.              0.              0.
            2900              0.              0.              0.
            2901              0.              0.              0.
            2902              0.              0.              0.
            2903              0.              0.              0.
            2904              0.              0.              0.
            2905              0.              0.              0.
            2906              0.              0.              0.
            2907              0.              0.              0.
            2908              0.              0.              0.
            2909              0.              0.              0.
            2910              0.              0.              0.
            2911              0.              0.              0.
            2912              0.              0.              0.
            2913              0.              0.              0.
            2914              0.              0.              0.
            2915              0.              0.              0.
            2916              0.              0.              0.
            2917              0.              0.              0.
            2918              0.              0.              0.
            2919              0.              0.              0.
            2920              0.              0.              0.
            2921              0.              0.              0.
            2922              0.              0.              0.
            2923              0.              0.              0.
            2924              0.              0.              0.
            2925              0.              0.              0.
            2926              0.              0.              0.
            2927              0.              0.              0.
            2928              0.              0.              0.
            2929              0.              0.              0.
            2930              0.              0.              0.
            2931              0.              0.              0.
            2932              0.              0.              0.
            2933              0.              0.              0.
            2934              0.              0.              0.
            2935              0.              0.              0.
            2936              0.              0.              0.
            2937              0.              0.              0.
            2938              0.              0.              0.
            2939              0.              0.              0.
            2940              0.              0.              0.
            2941              0.              0.              0.
            2942              0.              0.              0.
            2943              0.              0.              0.
            2944              0.              0.              0.
            2945              0.              0.              0.
            2946              0.              0.              0.
            2947              0.              0.              0.
            2948              0.              0.              0.
            2949              0.              0.              0.
            2950              0.              0.              0.
            2951              0.              0.              0.
            2952              0.              0.              0.
            2953              0.              0.              0.
            2954              0.              0.              0.
            2955              0.              0.              0.
            2956              0.              0.              0.
            2957              0.              0.              0.
            2958              0.              0.              0.
            2959              0.              0.              0.
            2960              0.              0.              0.
            2961              0.              0.              0.
            2962              0.              0.              0.
            2963              0.              0.              0.
            2964              0.              0.              0.
            2965              0.              0.              0.
            2966              0.              0.              0.
            2967              0.              0.              0.
            2968              0.              0.              0.
            2969              0.              0.              0.
            2970              0.              0.              0.
            2971              0.              0.              0.
            2972              0.              0.              0.
            2973              0.              0.              0.
            2974              0.              0.              0.
            2975              0.              0.              0.
            2976              0.              0.              0.
            2977              0.              0.              0.
            2978              0.              0.              0.
            2979              0.              0.              0.
            2980              0.              0.              0.
            2981              0.              0.              0.
            2982              0.              0.              0.
            2983              0.              0.              0.
            2984              0.              0.              0.
            2985              0.              0.              0.
            2986              0.              0.              0.
            2987              0.              0.              0.
            2988              0.              0.              0.
            2989              0.              0.              0.
            2990              0.              0.              0.
            2991              0.              0.              0.
            2992              0.              0.              0.
            2993              0.              0.              0.
            2994              0.              0.              0.
            2995              0.              0.              0.
            2996              0.              0.              0.
            2997              0.              0.              0.
            2998              0.              0.              0.
            2999              0.              0.              0.
            3000              0.              0.              0.
            3001              0.              0.              0.
            3002              0.              0.              0.
            3003              0.              0.              0.
            3004              0.              0.              0.
            3005              0.              0.              0.
            3006              0.              0.              0.
            3007              0.              0.              0.
            3008              0.              0.              0.
            3009              0.              0.              0.
            3010              0.              0.              0.
            3011              0.              0.              0.
            3012              0.              0.              0.
            3013              0.              0.              0.
            3014              0.              0.              0.
            3015              0.              0.              0.
            3016              0.              0.              0.
            3017              0.              0.              0.
            3018              0.              0.              0.
            3019              0.              0.              0.
            3020              0.              0.              0.
            3021              0.              0.              0.
            3022              0.              0.              0.
            3023              0.              0.              0.
            3024              0.              0.              0.
            3025              0.              0.              0.
            3026              0.              0.              0.
            3027              0.              0.              0.
            3028              0.              0.              0.
            3029              0.              0.              0.
            3030              0.              0.              0.
            3031              0.              0.              0.
            3032              0.              0.              0.
            3033              0.              0.              0.
            3034              0.              0.              0.
            3035              0.              0.              0.
            3036              0.              0.              0.
            3037              0.              0.              0.
            3038              0.              0.              0.
            3039              0.              0.              0.
            3040              0.              0.              0.
            3041              0.              0.              0.
            3042              0.              0.              0.
            3043              0.              0.              0.
            3044              0.              0.              0.
            3045              0.              0.              0.
            3046              0.              0.              0.
            3047              0.              0.              0.
            3048              0.              0.              0.
            3049              0.              0.              0.
            3050              0.              0.              0.
            3051              0.              0.              0.
            3052              0.              0.              0.
            3053              0.              0.              0.
            3054              0.              0.              0.
            3055              0.              0.              0.
            3056              0.              0.              0.
            3057              0.              0.              0.
            3058              0.              0.              0.
            3059              0.              0.              0.
            3060              0.              0.              0.
            3061              0.              0.              0.
            3062              0.              0.              0.
            3063              0.              0.              0.
            3064              0.              0.              0.
            3065              0.              0.              0.
            3066              0.              0.              0.
            3067              0.              0.              0.
            3068              0.              0.              0.
            3069              0.              0.              0.
            3070              0.              0.              0.
            3071              0.              0.              0.
            3072              0.              0.              0.
            3073              0.              0.              0.
            3074              0.              0.              0.
            3075              0.              0.              0.
            3076              0.              0.              0.
            3077              0.              0.              0.
            3078              0.              0.              0.
            3079              0.              0.              0.
            3080              0.              0.              0.
            3081              0.              0.              0.
            3082              0.              0.              0.
            3083              0.              0.              0.
            3084              0.              0.              0.
            3085              0.              0.              0.
            3086              0.              0.              0.
            3087              0.              0.              0.
            3088              0.              0.              0.
            3089              0.              0.              0.
            3090              0.              0.              0.
            3091              0.              0.              0.
            3092              0.              0.              0.
            3093              0.              0.              0.
            3094              0.              0.              0.
            3095              0.              0.              0.
            3096              0.              0.              0.
            3097              0.              0.              0.
            3098              0.              0.              0.
            3099              0.              0.              0.
            3100              0.              0.              0.
            3101              0.              0.              0.
            3102              0.              0.              0.
            3103              0.              0.              0.
            3104              0.              0.              0.
            3105              0.              0.              0.
            3106              0.              0.              0.
            3107              0.              0.              0.
            3108              0.              0.              0.
            3109              0.              0.              0.
            3110              0.              0.              0.
            3111              0.              0.              0.
            3112              0.              0.              0.
            3113              0.              0.              0.
            3114              0.              0.              0.
            3115              0.              0.              0.
            3116              0.              0.              0.
            3117              0.              0.              0.
            3118              0.              0.              0.
            3119              0.              0.              0.
            3120              0.              0.              0.
            3121              0.              0.              0.
            3122              0.              0.              0.
            3123              0.              0.              0.
            3124              0.              0.              0.
            3125              0.              0.              0.
            3126              0.              0.              0.
            3127              0.              0.              0.
            3128              0.              0.              0.
            3129              0.              0.              0.
            3130              0.              0.              0.
            3131              0.              0.              0.
            3132              0.              0.              0.
            3133              0.              0.              0.
            3134              0.              0.              0.
            3135              0.              0.              0.
            3136              0.              0.              0.
            3137              0.              0.              0.
            3138              0.              0.              0.
            3139              0.              0.              0.
            3140              0.              0.              0.
            3141              0.              0.              0.
            3142              0.              0.              0.
            3143              0.              0.              0.
            3144              0.              0.              0.
            3145              0.              0.              0.
            3146              0.              0.              0.
            3147              0.              0.              0.
            3148              0.              0.              0.
            3149              0.              0.              0.
            3150              0.              0.              0.
            3151              0.              0.              0.
            3152              0.              0.              0.
            3153              0.              0.              0.
            3154              0.              0.              0.
            3155              0.              0.              0.
            3156              0.              0.              0.
            3157              0.              0.              0.
            3158              0.              0.              0.
            3159              0.              0.              0.
            3160              0.              0.              0.
            3161              0.              0.              0.
            3162              0.              0.              0.
            3163              0.              0.              0.
            3164              0.              0.              0.
            3165              0.              0.              0.
            3166              0.              0.              0.
            3167              0.              0.              0.
            3168              0.              0.              0.
            3169              0.              0.              0.
            3170              0.              0.              0.
            3171              0.              0.              0.
            3172              0.              0.              0.
            3173              0.              0.              0.
            3174              0.              0.              0.
            3175              0.              0.              0.
            3176              0.              0.              0.
            3177              0.              0.              0.
            3178              0.              0.              0.
            3179              0.              0.              0.
            3180              0.              0.              0.
            3181              0.              0.              0.
            3182              0.              0.              0.
            3183              0.              0.              0.
            3184              0.              0.              0.
            3185              0.              0.              0.
            3186              0.              0.              0.
            3187              0.              0.              0.
            3188              0.              0.              0.
            3189              0.              0.              0.
            3190              0.              0.              0.
            3191              0.              0.              0.
            3192              0.              0.              0.
            3193              0.              0.              0.
            3194              0.              0.              0.
            3195              0.              0.              0.
            3196              0.              0.              0.
            3197              0.              0.              0.
            3198              0.              0.              0.
            3199              0.              0.              0.
            3200              0.              0.              0.
            3201              0.              0.              0.
            3202              0.              0.              0.
            3203              0.              0.              0.
            3204              0.              0.              0.
            3205              0.              0.              0.
            3206              0.              0.              0.
            3207              0.              0.              0.
            3208              0.              0.              0.
            3209              0.              0.              0.
            3210              0.              0.              0.
            3211              0.              0.              0.
            3212              0.              0.              0.
            3213              0.              0.              0.
            3214              0.              0.              0.
            3215              0.              0.              0.
            3216              0.              0.              0.
            3217              0.              0.              0.
            3218              0.              0.              0.
            3219              0.              0.              0.
            3220              0.              0.              0.
            3221              0.              0.              0.
            3222              0.              0.              0.
            3223              0.              0.              0.
            3224              0.              0.              0.
            3225              0.              0.              0.
            3226              0.              0.              0.
            3227              0.              0.              0.
            3228              0.              0.              0.
            3229              0.              0.              0.
            3230              0.              0.              0.
            3231              0.              0.              0.
            3232              0.              0.              0.
            3233              0.              0.              0.
            3234              0.              0.              0.
            3235              0.              0.              0.
            3236              0.              0.              0.
            3237              0.              0.              0.
            3238              0.              0.              0.
            3239              0.              0.              0.
            3240              0.              0.              0.
            3241              0.              0.              0.
            3242              0.              0.              0.
            3243              0.              0.              0.
            3244              0.              0.              0.
            3245              0.              0.              0.
            3246              0.              0.              0.
            3247              0.              0.              0.
            3248              0.              0.              0.
            3249              0.              0.              0.
            3250              0.              0.              0.
            3251              0.              0.              0.
            3252              0.              0.              0.
            3253              0.              0.              0.
            3254              0.              0.              0.
            3255              0.              0.              0.
            3256              0.              0.              0.
            3257              0.              0.              0.
            3258              0.              0.              0.
            3259              0.              0.              0.
            3260              0.              0.              0.
            3261              0.              0.              0.
            3262              0.              0.              0.
            3263              0.              0.              0.
            3264              0.              0.              0.
            3265              0.              0.              0.
            3266              0.              0.              0.
            3267              0.              0.              0.
            3268              0.              0.              0.
            3269              0.              0.              0.
            3270              0.              0.              0.
            3271              0.              0.              0.
            3272              0.              0.              0.
            3273              0.              0.              0.
            3274              0.              0.              0.
            3275              0.              0.              0.
            3276              0.              0.              0.
            3277              0.              0.              0.
            3278              0.              0.              0.
            3279              0.              0.              0.
            3280              0.              0.              0.
            3281              0.              0.              0.
            3282              0.              0.              0.
            3283              0.              0.              0.
            3284              0.              0.              0.
            3285              0.              0.              0.
            3286              0.              0.              0.
            3287              0.              0.              0.
            3288              0.              0.              0.
            3289              0.              0.              0.
            3290              0.              0.              0.
            3291              0.              0.              0.
            3292              0.              0.              0.
            3293              0.              0.              0.
            3294              0.              0.              0.
            3295              0.              0.              0.
            3296              0.              0.              0.
            3297              0.              0.              0.
            3298              0.              0.              0.
            3299              0.              0.              0.
            3300              0.              0.              0.
            3301              0.              0.              0.
            3302              0.              0.              0.
            3303              0.              0.              0.
            3304              0.              0.              0.
            3305              0.              0.              0.
            3306              0.              0.              0.
            3307              0.              0.              0.
            3308              0.              0.              0.
            3309              0.              0.              0.
            3310              0.              0.              0.
            3311              0.              0.              0.
            3312              0.              0.              0.
            3313              0.              0.              0.
            3314              0.              0.              0.
            3315              0.              0.              0.
            3316              0.              0.              0.
            3317              0.              0.              0.
            3318              0.              0.              0.
            3319              0.              0.              0.
            3320              0.              0.              0.
            3321              0.              0.              0.
            3322              0.              0.              0.
            3323              0.              0.              0.
            3324              0.              0.              0.
            3325              0.              0.              0.
            3326              0.              0.              0.
            3327              0.              0.              0.
            3328              0.              0.              0.
            3329              0.              0.              0.
            3330              0.              0.              0.
            3331              0.              0.              0.
            3332              0.              0.              0.
            3333              0.              0.              0.
            3334              0.              0.              0.
            3335              0.              0.              0.
            3336              0.              0.              0.
            3337              0.              0.              0.
            3338              0.              0.              0.
            3339              0.              0.              0.
            3340              0.              0.              0.
            3341              0.              0.              0.
            3342              0.              0.              0.
            3343              0.              0.              0.
            3344              0.              0.              0.
            3345              0.              0.              0.
            3346              0.              0.              0.
            3347              0.              0.              0.
            3348              0.              0.              0.
            3349              0.              0.              0.
            3350              0.              0.              0.
            3351              0.              0.              0.
            3352              0.              0.              0.
            3353              0.              0.              0.
            3354              0.              0.              0.
            3355              0.              0.              0.
            3356              0.              0.              0.
            3357              0.              0.              0.
            3358              0.              0.              0.
            3359              0.              0.              0.
            3360              0.              0.              0.
            3361              0.              0.              0.
            3362              0.              0.              0.
            3363              0.              0.              0.
            3364              0.              0.              0.
            3365              0.              0.              0.
            3366              0.              0.              0.
            3367              0.              0.              0.
            3368              0.              0.              0.
            3369              0.              0.              0.
            3370              0.              0.              0.
            3371              0.              0.              0.
            3372              0.              0.              0.
            3373              0.              0.              0.
            3374              0.              0.              0.
            3375              0.              0.              0.
            3376              0.              0.              0.
            3377              0.              0.              0.
            3378              0.              0.              0.
            3379              0.              0.              0.
            3380              0.              0.              0.
            3381              0.              0.              0.
            3382              0.              0.              0.
            3383              0.              0.              0.
            3384              0.              0.              0.
            3385              0.              0.              0.
            3386              0.              0.              0.
            3387              0.              0.              0.
            3388              0.              0.              0.
            3389              0.              0.              0.
            3390              0.              0.              0.
            3391              0.              0.              0.
            3392              0.              0.              0.
            3393              0.              0.              0.
            3394              0.              0.              0.
            3395              0.              0.              0.
            3396              0.              0.              0.
            3397              0.              0.              0.
            3398              0.              0.              0.
            3399              0.              0.              0.
            3400              0.              0.              0.
            3401              0.              0.              0.
            3402              0.              0.              0.
            3403              0.              0.              0.
            3404              0.              0.              0.
            3405              0.              0.              0.
            3406              0.              0.              0.
            3407              0.              0.              0.
            3408              0.              0.              0.
            3409              0.              0.              0.
            3410              0.              0.              0.
            3411              0.              0.              0.
            3412              0.              0.              0.
            3413              0.              0.              0.
            3414              0.              0.              0.
            3415              0.              0.              0.
            3416              0.              0.              0.
            3417              0.              0.              0.
            3418              0.              0.              0.
            3419              0.              0.              0.
            3420              0.              0.              0.
            3421              0.              0.              0.
            3422              0.              0.              0.
            3423              0.              0.              0.
            3424              0.              0.              0.
            3425              0.              0.              0.
            3426              0.              0.              0.
            3427              0.              0.              0.
            3428              0.              0.              0.
            3429              0.              0.              0.
            3430              0.              0.              0.
            3431              0.              0.              0.
            3432              0.              0.              0.
            3433              0.              0.              0.
            3434              0.              0.              0.
            3435              0.              0.              0.
            3436              0.              0.              0.
            3437              0.              0.              0.
            3438              0.              0.              0.
            3439              0.              0.              0.
            3440              0.              0.              0.
            3441              0.              0.              0.
            3442              0.              0.              0.
            3443              0.              0.              0.
            3444              0.              0.              0.
            3445              0.              0.              0.
            3446              0.              0.              0.
            3447              0.              0.              0.
            3448              0.              0.              0.
            3449              0.              0.              0.
            3450              0.              0.              0.
            3451              0.              0.              0.
            3452              0.              0.              0.
            3453              0.              0.              0.
            3454              0.              0.              0.
            3455              0.              0.              0.
            3456              0.              0.              0.
            3457              0.              0.              0.
            3458              0.              0.              0.
            3459              0.              0.              0.
            3460              0.              0.              0.
            3461              0.              0.              0.
            3462              0.              0.              0.
            3463              0.              0.              0.
            3464              0.              0.              0.
            3465              0.              0.              0.
            3466              0.              0.              0.
            3467              0.              0.              0.
            3468              0.              0.              0.
            3469              0.              0.              0.
            3470              0.              0.              0.
            3471              0.              0.              0.
            3472              0.              0.              0.
            3473              0.              0.              0.
            3474              0.              0.              0.
            3475              0.              0.              0.
            3476              0.              0.              0.
            3477              0.              0.              0.
            3478              0.              0.              0.
            3479              0.              0.              0.
            3480              0.              0.              0.
            3481              0.              0.              0.
            3482              0.              0.              0.
            3483              0.              0.              0.
            3484              0.              0.              0.
            3485              0.              0.              0.
            3486              0.              0.              0.
            3487              0.              0.              0.
            3488              0.              0.              0.
            3489              0.              0.              0.
            3490              0.              0.              0.
            3491              0.              0.              0.
            3492              0.              0.              0.
            3493              0.              0.              0.
            3494              0.              0.              0.
            3495              0.              0.              0.
            3496              0.              0.              0.
            3497              0.              0.              0.
            3498              0.              0.              0.
            3499              0.              0.              0.
            3500              0.              0.              0.
            3501              0.              0.              0.
            3502              0.              0.              0.
            3503              0.              0.              0.
            3504              0.              0.              0.
            3505              0.              0.              0.
            3506              0.              0.              0.
            3507              0.              0.              0.
            3508              0.              0.              0.
            3509              0.              0.              0.
            3510              0.              0.              0.
            3511              0.              0.              0.
            3512              0.              0.              0.
            3513              0.              0.              0.
            3514              0.              0.              0.
            3515              0.              0.              0.
            3516              0.              0.              0.
            3517              0.              0.              0.
            3518              0.              0.              0.
            3519              0.              0.              0.
            3520              0.              0.              0.
            3521              0.              0.              0.
            3522              0.              0.              0.
            3523              0.              0.              0.
            3524              0.              0.              0.
            3525              0.              0.              0.
            3526              0.              0.              0.
            3527              0.              0.              0.
            3528              0.              0.              0.
            3529              0.              0.              0.
            3530              0.              0.              0.
            3531              0.              0.              0.
            3532              0.              0.              0.
            3533              0.              0.              0.
            3534              0.              0.              0.
            3535              0.              0.              0.
            3536              0.              0.              0.
            3537              0.              0.              0.
            3538              0.              0.              0.
            3539              0.              0.              0.
            3540              0.              0.              0.
            3541              0.              0.              0.
            3542              0.              0.              0.
            3543              0.              0.              0.
            3544              0.              0.              0.
            3545              0.              0.              0.
            3546              0.              0.              0.
            3547              0.              0.              0.
            3548              0.              0.              0.
            3549              0.              0.              0.
            3550              0.              0.              0.
            3551              0.              0.              0.
            3552              0.              0.              0.
            3553              0.              0.              0.
            3554              0.              0.              0.
            3555              0.              0.              0.
            3556              0.              0.              0.
            3557              0.              0.              0.
            3558              0.              0.              0.
            3559              0.              0.              0.
            3560              0.              0.              0.
            3561              0.              0.              0.
            3562              0.              0.              0.
            3563              0.              0.              0.
            3564              0.              0.              0.
            3565              0.              0.              0.
            3566              0.              0.              0.
            3567              0.              0.              0.
            3568              0.              0.              0.
            3569              0.              0.              0.
            3570              0.              0.              0.
            3571              0.              0.              0.
            3572              0.              0.              0.
            3573              0.              0.              0.
            3574              0.              0.              0.
            3575              0.              0.              0.
            3576              0.              0.              0.
            3577              0.              0.              0.
            3578              0.              0.              0.
            3579              0.              0.              0.
            3580              0.              0.              0.
            3581              0.              0.              0.
            3582              0.              0.              0.
            3583              0.              0.              0.
            3584              0.              0.              0.
            3585              0.              0.              0.
            3586              0.              0.              0.
            3587              0.              0.              0.
            3588              0.              0.              0.
            3589              0.              0.              0.
            3590              0.              0.              0.


Field Output reported at nodes for part: ASSEMBLY

      Node Label            U.U1            U.U2            U.U3
                          @Loc 1          @Loc 1          @Loc 1
-----------------------------------------------------------------
               1              0.              0.              0.
               2              0.              0.              0.
               3              0.              0.              0.
               4              0.              0.              0.


Source 1
---------

   ODB: C:/temp/vibration.odb
   Step: analyse_modale
   Frame: Mode         1: Value =  7.12075E+06 Freq =   424.70     (cycles/time)

Loc 1 : Nodal values from source 1

Output sorted by column "Node Label".

Field Output reported at nodes for part: PLAQUE-1

      Node Label            U.U1            U.U2            U.U3
                          @Loc 1          @Loc 1          @Loc 1
-----------------------------------------------------------------
               1              0.              0.              0.
               2              0.              0.              0.
               3              0.              0.              0.
               4              0.              0.              0.
               5              0.              0.              0.
               6              0.              0.              0.
               7              0.              0.              0.
               8              0.              0.              0.
               9              0.              0.              0.
              10              0.              0.              0.
              11              0.              0.              0.
              12              0.              0.              0.
              13              0.              0.              0.
              14              0.              0.              0.
              15              0.              0.              0.
              16              0.              0.              0.
              17              0.              0.              0.
              18              0.              0.              0.
              19              0.              0.              0.
              20              0.              0.              0.
              21              0.              0.              0.
              22              0.              0.              0.
              23              0.              0.              0.
              24              0.              0.              0.
              25              0.              0.              0.
              26              0.              0.              0.
              27              0.              0.              0.
              28              0.              0.              0.
              29              0.              0.              0.
              30              0.              0.              0.
              31              0.              0.              0.
              32              0.              0.              0.
              33    -222.574E-12    -191.827E-12         28.6129
              34    -532.278E-12     773.449E-12         27.7884
              35     431.417E-12    -348.703E-12         28.9912
              36     734.329E-12     838.307E-12         28.5394
              37    -223.439E-12    -153.851E-12         25.6224
              38    -221.211E-12    -106.599E-12         22.6330
              39    -210.922E-12    -65.2972E-12         19.7167
              40    -199.738E-12    -33.9896E-12         16.9901
              41    -191.403E-12    -12.9195E-12         14.5774
              42    -188.194E-12     3.92470E-12         12.5776
              43    -190.304E-12     16.8722E-12         11.0336
              44    -194.553E-12     26.5769E-12         9.94864
              45    -207.320E-12     32.7800E-12         9.30805
              46    -227.834E-12     44.4136E-12         9.08063
              47    -255.066E-12     64.1998E-12         9.25502
              48    -292.221E-12     99.1658E-12         9.84388
              49    -333.169E-12     147.748E-12         10.8644
              50    -378.292E-12     210.783E-12         12.3362
              51    -426.186E-12     289.841E-12         14.2589
              52    -466.183E-12     383.014E-12         16.5815
              53    -497.069E-12     479.321E-12         19.2049
              54    -518.308E-12     579.566E-12         22.0132
              55    -529.274E-12     676.543E-12         24.8978
              56     363.233E-12    -343.834E-12         25.9874
              57     295.575E-12    -331.534E-12         22.9849
              58     229.238E-12    -310.447E-12         20.0528
              59     174.065E-12    -284.754E-12         17.3120
              60     126.961E-12    -259.013E-12         14.8905
              61     88.1218E-12    -231.178E-12         12.8782
              62     60.0493E-12    -206.661E-12         11.3289
              63     42.4068E-12    -182.912E-12         10.2455
              64     35.7059E-12    -163.482E-12         9.60889
              65     39.0985E-12    -153.249E-12         9.39623
              66     42.9729E-12    -151.835E-12         9.59199
              67     40.5697E-12    -157.275E-12         10.2050
              68     28.0664E-12    -165.964E-12         11.2583
              69     5.44612E-12    -174.680E-12         12.7719
              70    -23.8025E-12    -181.293E-12         14.7418
              71    -56.7616E-12    -186.894E-12         17.1220
              72    -94.6213E-12    -191.996E-12         19.8174
              73    -137.303E-12    -195.778E-12         22.7011
              74    -183.244E-12    -196.000E-12         25.6564
              75     730.173E-12     740.525E-12         25.5807
              76     716.315E-12     638.333E-12         22.6277
              77     690.223E-12     543.829E-12         19.7494
              78     658.246E-12     458.432E-12         17.0614
              79     622.012E-12     383.667E-12         14.6875
              80     584.314E-12     317.666E-12         12.7178
              81     544.023E-12     258.200E-12         11.1952
              82     507.695E-12     209.287E-12         10.1411
              83     475.739E-12     166.364E-12         9.52906
              84     449.794E-12     126.873E-12         9.33480
              85     427.938E-12     89.0812E-12         9.55386
              86     407.514E-12     53.1091E-12         10.1943
              87     393.743E-12     22.6299E-12         11.2790
              88     387.746E-12    -10.0516E-12         12.8304
              89     388.723E-12    -44.6367E-12         14.8463
              90     399.515E-12    -88.3300E-12         17.2790
              91     412.826E-12    -146.040E-12         20.0300
              92     422.838E-12    -213.966E-12         22.9667
              93     428.768E-12    -280.782E-12         25.9733
              94    -439.719E-12     766.004E-12         24.9043
              95    -354.083E-12     751.166E-12         22.0268
              96    -274.358E-12     730.075E-12         19.2278
              97    -202.485E-12     703.326E-12         16.6146
              98    -143.015E-12     674.268E-12         14.3032
              99    -94.7343E-12     645.581E-12         12.3861
             100    -58.7250E-12     620.199E-12         10.9160
             101    -32.8145E-12     605.855E-12         9.90025
             102    -9.84876E-12     601.172E-12         9.31457
             103     11.0151E-12     606.000E-12         9.13830
             104     33.5698E-12     627.107E-12         9.36648
             105     66.4147E-12     658.237E-12         10.0043
             106     120.951E-12     700.022E-12         11.0785
             107     197.479E-12     739.898E-12         12.6148
             108     284.784E-12     771.190E-12         14.6051
             109     372.466E-12     792.055E-12         16.9978
             110     457.090E-12     808.626E-12         19.7048
             111     543.755E-12     822.668E-12         22.5989
             112     637.117E-12     835.251E-12         25.5669
             113    -11.3422E-12    -12.8356E-12     319.229E-03
             114    -10.9765E-12     5.13237E-12    -67.3165E-03
             115     27.2762E-12     57.4153E-12    -33.3612E-03
             116    -8.05392E-12    -78.3917E-15    -133.796E-03
             117    -5.28084E-12    -9.61541E-12     181.304E-03
             118     81.2172E-12     56.2938E-12     203.154E-03
             119     98.1437E-12     82.7786E-12     301.594E-03
             120     52.2747E-12     65.2129E-12    -170.386E-03
             121    -59.3901E-12     75.2777E-12     422.845E-03
             122    -46.6791E-12     125.177E-12     422.273E-03
             123    -15.3068E-12     126.777E-12     265.996E-03
             124    -15.7592E-12     36.9294E-12    -96.6176E-03
             125    -28.2525E-12     60.2418E-12    -185.468E-03
             126    -7.12072E-12     52.9852E-12    -36.3452E-03
             127    -29.7499E-12     46.2129E-12     177.114E-03
             128     23.6832E-12    -6.69596E-12    -156.024E-03
             129     35.9946E-12     9.53780E-12    -18.7233E-03
             130     52.3501E-12     6.51687E-12     135.003E-03
             131     26.7830E-12    -7.94439E-12    -144.998E-03
             132     56.2533E-12    -20.5636E-12     330.091E-03
             133     40.6872E-12    -29.9607E-12     339.330E-03
             134     22.1322E-12    -14.6355E-12     162.934E-03
             135     23.1479E-12    -4.79976E-12    -7.01237E-03
             136    -24.6149E-12    -7.51530E-12     346.284E-03
             137    -27.9511E-12     549.419E-15     238.811E-03
             138     29.6579E-12     117.369E-12     195.293E-03
             139    -8.60182E-12    -2.22918E-12    -132.672E-03
             140     25.8503E-12     49.0769E-12    -10.4423E-03
             141     63.7723E-12     130.806E-12     306.333E-03
             142     39.6364E-12     72.7863E-12    -147.455E-03
             143    -4.78814E-12    -4.74231E-12     43.5864E-03
             144    -10.3756E-12    -495.455E-15    -222.916E-03
             145     30.0469E-12    -7.18700E-12    -245.696E-03
             146    -2.64298E-12     59.6218E-12    -34.6893E-03
             147    -26.9122E-12     47.0061E-12    -155.504E-03
             148     50.5043E-12     82.1408E-12    -245.699E-03
             149     20.9509E-12     63.1140E-12    -81.8254E-03
             150     46.9520E-12     52.9848E-12    -144.741E-03
             151    -18.8630E-12     7.12234E-12    -184.643E-03
             152     18.4649E-12     995.664E-15    -95.5044E-03
             153     21.0089E-12    -22.5091E-12     221.643E-03
             154    -11.4043E-12    -16.5939E-12     476.641E-03
             155     114.193E-12     92.1016E-12     472.599E-03
             156     53.8005E-12    -4.85007E-12     202.306E-03
             157     24.6040E-12    -3.13286E-12    -82.0748E-03
             158    -38.4549E-12     153.546E-12     622.703E-03
             159    -16.2566E-12     66.3941E-12    -155.524E-03
             160    -53.8693E-12     74.4507E-12     507.455E-03
             161    -16.3704E-12    -11.0751E-12     299.794E-03
             162    -7.41914E-12     38.0776E-12     46.3791E-03
             163     42.1919E-12     48.2454E-12     78.6845E-03
             164    -60.4207E-12     92.1904E-12     387.153E-03
             165     846.243E-15     91.0792E-12     118.441E-03
             166     11.3461E-12     70.3344E-12     58.3915E-03
             167    -16.0210E-12     6.33761E-12     52.5291E-03
             168     83.5141E-12     101.234E-12     264.892E-03
             169    -7.40981E-12    -14.7501E-12     261.553E-03
             170     62.8430E-12    -32.8679E-12     646.776E-03
             171     26.4230E-12    -15.8180E-12     149.200E-03
             172     61.5643E-12     10.2165E-12     132.764E-03
             173    -7.29157E-12    -1.63883E-12    -74.1587E-03
             174    -34.1470E-12    -5.97173E-12     595.105E-03
             175     67.0098E-12     162.036E-12     494.950E-03
             176    -26.6398E-12     66.9051E-12    -271.818E-03
             177     35.0506E-12    -1.18015E-12    -292.465E-03
             178    -29.5760E-12     81.8598E-12    -351.045E-03
             179    -11.4224E-12    -2.20341E-12    -249.782E-03
             180     63.2879E-12     86.1372E-12    -319.329E-03
             181     47.3939E-12     96.3005E-12    -244.885E-03
             182     49.5706E-12     10.3805E-12    -96.0684E-03
             183    -18.2743E-12     62.4701E-12     32.0721E-03
             184     29.7534E-12     106.953E-12     52.4515E-03
             185    -14.1935E-12     4.14785E-12    -258.674E-03
             186     37.0779E-12    -7.70108E-12    -256.068E-03
             187    -8.17018E-12    -8.24629E-12    -17.2481E-03
             188     49.7741E-12     83.5143E-12    -21.7952E-03
             189    -1.01672E-12     91.9108E-12     62.2917E-03
             190     41.9605E-12     149.688E-12     334.400E-03
             191     97.5291E-12     85.2700E-12     342.069E-03
             192     78.6083E-12    -65.8854E-15     364.935E-03
             193    -20.2525E-12    -17.9821E-12     669.334E-03
             194    -7.83733E-12    -14.1200E-12     323.373E-03
             195     33.8834E-12    -10.4695E-12    -58.4554E-03
             196    -28.9329E-12    -13.1341E-12     675.622E-03
             197    -71.7071E-12     156.080E-12     903.714E-03
             198     84.3697E-12    -17.8513E-12     635.570E-03
             199    -16.5058E-12     159.145E-12     461.163E-03
             200     49.5099E-12    -37.7999E-12     631.807E-03
             201     34.6341E-12    -32.7451E-12     465.547E-03
             202    -31.8712E-12     60.9624E-12     239.951E-03
             203    -27.8997E-12     10.4651E-12     19.0030E-03
             204    -79.4861E-12     140.184E-12     908.065E-03
             205     131.695E-12     144.688E-12     656.561E-03
             206     103.908E-12     165.374E-12     607.411E-03
             207    -38.9765E-12     3.10435E-12     465.568E-03
             208     40.5848E-12    -8.73488E-12    -361.807E-03
             209    -13.9589E-12     1.51715E-12    -343.699E-03
             210    -29.3794E-12     60.6971E-12    -258.104E-03
             211    -22.7221E-12     9.66210E-12    -320.720E-03
             212     35.8649E-12    -8.05942E-12    -167.266E-03
             213     61.3887E-12     106.666E-12    -344.724E-03
             214     47.5682E-12     92.0944E-12    -157.771E-03
             215    -18.9368E-12     75.0124E-12    -200.684E-03
             216     89.5406E-12     89.4623E-12     199.408E-03
             217    -6.96570E-12     136.724E-12     220.017E-03
             218     35.9558E-12     130.607E-12     170.845E-03
             219     156.920E-12     145.913E-12     837.416E-03
             220    -11.1268E-12    -20.2870E-12     592.103E-03
             221     73.1594E-12     14.4933E-12     76.6186E-03
             222     37.6244E-12    -31.7829E-12     444.590E-03
             223     82.6003E-12    -9.11691E-12     481.671E-03
             224    -27.8930E-12     64.6862E-12     144.746E-03
             225    -35.7836E-12     203.654E-12     892.709E-03
             226    -26.3864E-12    -16.4073E-12     721.867E-03
             227     44.4089E-12    -36.7229E-12     562.046E-03
             228     40.3413E-12     4.57470E-12    -203.869E-03
             229     55.7158E-12     95.2077E-12    -243.495E-03
             230    -22.8743E-12     85.5859E-12    -238.295E-03
             231    -33.5452E-12     7.47557E-12     193.766E-03
             232    -10.2534E-12    -4.65612E-12    -181.965E-03
             233    -84.4951E-12     123.705E-12         1.00545
             234    -87.2791E-12     185.478E-12         1.34233
             235     95.2603E-12    -33.5895E-12         1.02052
             236    -51.7855E-12    -3.27882E-12         1.05427
             237     119.111E-12     154.889E-12     613.624E-03
             238     72.0623E-12     206.416E-12     714.856E-03
             239     48.8011E-12     3.38534E-12    -440.059E-03
             240    -13.0302E-12    -2.67162E-12    -374.135E-03
             241    -35.7763E-12     92.9823E-12    -486.521E-03
             242     73.3614E-12     107.409E-12    -464.892E-03
             243    -28.4832E-12     89.8756E-12    -390.039E-03
             244     62.3719E-12     114.351E-12    -347.031E-03
             245     78.3102E-12     17.6458E-12    -38.5226E-03
             246     39.9051E-12     125.866E-12     18.1544E-03
             247    -29.3256E-12     79.5460E-12     42.4123E-03
             248    -8.54505E-12    -11.2315E-12    -83.6692E-03
             249    -17.3226E-12     5.03611E-12    -469.486E-03
             250     43.8058E-12    -9.83087E-12    -365.229E-03
             251     70.0782E-12     228.771E-12     862.329E-03
             252     99.2840E-12     5.21222E-12     518.843E-03
             253     149.178E-12     117.392E-12     731.091E-03
             254     40.3835E-12    -21.2798E-12     35.9745E-03
             255    -41.0559E-12     12.2090E-12     175.835E-03
             256    -21.5235E-12    -25.0863E-12         1.06491
             257     58.6978E-12     104.206E-12    -168.654E-03
             258    -50.6459E-12     79.1840E-12     471.654E-03
             259     110.957E-12    -25.7500E-12         1.19650
             260    -15.2923E-12     192.523E-12     590.305E-03
             261    -16.6051E-12     111.033E-12    -246.968E-03
             262     48.2226E-12    -44.4797E-12     796.780E-03
             263    -96.9125E-12     177.062E-12         1.51618
             264    -38.8289E-12    -13.7943E-12         1.00960
             265     169.602E-12     181.989E-12         1.14326
             266    -67.1101E-12     197.779E-12         1.13566
             267     73.9632E-12    -50.6694E-12         1.15533
             268    -47.7648E-12     5.83683E-12     593.246E-03
             269     122.346E-12     216.897E-12     998.054E-03
             270     63.3806E-12     90.4880E-12    -319.443E-03
             271    -28.7660E-12     85.8161E-12    -340.544E-03
             272    -36.1592E-12     85.9606E-12    -475.095E-03
             273     69.1740E-12     114.692E-12    -473.116E-03
             274     43.4684E-12    -6.12175E-12    -495.171E-03
             275    -14.8711E-12     1.29506E-12    -445.787E-03
             276     51.2669E-12     8.17895E-12    -329.535E-03
             277    -11.9301E-12    -4.46949E-12    -344.460E-03
             278     59.6215E-12     110.836E-12    -277.175E-03
             279    -24.6208E-12     107.938E-12    -431.763E-03
             280    -25.7822E-12     11.8110E-12    -463.603E-03
             281     49.7014E-12     119.929E-12    -175.146E-03
             282    -29.5302E-12     93.4701E-12    -261.627E-03
             283     41.7590E-12    -11.1096E-12    -261.862E-03
             284     45.8282E-12     171.416E-12     348.333E-03
             285     98.9918E-12     15.1698E-12     358.829E-03
             286    -30.4469E-12     75.7272E-12     113.194E-03
             287    -6.29508E-12    -22.5779E-12     412.122E-03
             288     130.779E-12     114.690E-12     544.529E-03
             289     38.7584E-12    -30.5630E-12     369.729E-03
             290    -14.2492E-12    -27.4365E-12         1.01778
             291    -34.2217E-12    -22.2787E-12         1.34807
             292    -16.8448E-12     210.582E-12     685.592E-03
             293     182.448E-12     158.417E-12         1.19768
             294     107.711E-12    -12.2547E-12     876.801E-03
             295    -89.8446E-12     117.684E-12         1.18336
             296     55.2518E-12    -49.2842E-12     993.946E-03
             297    -44.8442E-12     9.43876E-12     404.724E-03
             298    -88.9106E-12     211.276E-12         1.66109
             299     110.544E-12    -50.0243E-12         1.82410
             300     108.774E-12     251.190E-12         1.26936
             301    -65.2493E-12    -4.05874E-12         1.79008
             302     151.267E-12     193.508E-12         1.03377
             303     70.1102E-12     110.867E-12    -477.409E-03
             304    -34.0438E-12     97.1690E-12    -522.369E-03
             305     63.9919E-12     115.553E-12    -396.433E-03
             306    -31.1367E-12     98.4876E-12    -458.598E-03
             307     62.4752E-12     13.2739E-12    -198.829E-03
             308    -10.0624E-12    -8.02008E-12    -237.126E-03
             309     68.2460E-12     101.707E-12    -375.975E-03
             310     48.1414E-12     170.908E-12     121.416E-03
             311    -39.4850E-12     90.0138E-12     85.5188E-03
             312     53.5728E-12     4.20636E-12    -661.991E-03
             313    -15.3043E-12     818.652E-15    -672.702E-03
             314    -37.1652E-12     97.5966E-12    -597.987E-03
             315    -32.7891E-12     88.0105E-12    -461.268E-03
             316     73.6057E-12     127.831E-12    -549.823E-03
             317    -29.1443E-12     12.6992E-12    -253.405E-03
             318     41.1811E-12    -14.8659E-12    -134.478E-03
             319    -20.2569E-12     7.71155E-12    -596.971E-03
             320     48.4361E-12    -9.22809E-12    -573.793E-03
             321    -11.5494E-12     135.767E-12    -116.332E-03
             322     100.085E-12     20.7030E-12     170.482E-03
             323    -45.8157E-12     16.2326E-12     91.4635E-03
             324    -5.88134E-12    -19.8929E-12     125.818E-03
             325     43.9245E-12    -32.2658E-12     160.168E-03
             326     134.863E-12     3.42223E-12         1.10147
             327    -8.91144E-12    -24.0672E-12     675.234E-03
             328    -71.3460E-12     97.1451E-12     890.449E-03
             329    -27.7219E-12    -35.8272E-12         2.05597
             330     189.168E-12     151.006E-12         1.25085
             331     49.4513E-12    -51.4601E-12         1.00889
             332     130.538E-12    -32.0509E-12         1.77490
             333    -30.3202E-12     227.488E-12         1.06077
             334    -106.243E-12     167.640E-12         1.68046
             335    -47.4445E-12    -23.0615E-12         2.03978
             336    -90.1600E-12     247.368E-12         2.08681
             337     84.1638E-12    -66.0913E-12         1.92221
             338     200.287E-12     208.626E-12         1.60637
             339    -58.6945E-12     11.1217E-12     752.151E-03
             340     165.639E-12     264.731E-12         1.76086
             341     69.6123E-12     16.4106E-12    -312.945E-03
             342    -30.5403E-12     14.6594E-12    -404.532E-03
             343    -10.4031E-12    -8.12081E-12    -443.571E-03
             344     44.6137E-12    -17.9252E-12    -232.825E-03
             345     68.0766E-12     130.399E-12    -539.539E-03
             346    -35.3212E-12     102.280E-12    -602.810E-03
             347    -14.2792E-12    -1.26164E-12    -553.163E-03
             348     83.4034E-12     20.4691E-12    -174.967E-03
             349    -9.27736E-12    -10.4270E-12    -294.563E-03
             350     60.4865E-12     125.939E-12    -354.377E-03
             351    -34.2710E-12     102.122E-12    -535.961E-03
             352    -37.8232E-12     102.833E-12    -665.853E-03
             353     69.5339E-12     124.092E-12    -445.993E-03
             354     71.8047E-12     109.351E-12    -480.191E-03
             355     128.532E-12     15.8944E-12     735.819E-03
             356    -4.69770E-12    -31.2016E-12     698.123E-03
             357    -37.5242E-12     14.3901E-12    -11.4036E-03
             358     44.3143E-12    -24.3258E-12    -58.6354E-03
             359    -38.7454E-12     98.9678E-12    -629.954E-03
             360     79.3096E-12     133.713E-12    -711.903E-03
             361     58.2317E-12     144.831E-12    -341.298E-03
             362    -36.6151E-12     99.2818E-12    -296.454E-03
             363    -16.9133E-12     3.49957E-12    -667.699E-03
             364     50.8242E-12    -3.12257E-12    -753.975E-03
             365    -22.2455E-12     9.65602E-12    -526.178E-03
             366     46.9689E-12    -11.1604E-12    -480.701E-03
             367     53.8088E-12     205.110E-12     480.524E-03
             368    -21.4517E-12     123.201E-12    -452.359E-03
             369    -62.2250E-12     94.5350E-12     648.965E-03
             370    -8.14807E-12     159.077E-12     248.000E-03
             371     173.696E-12     138.414E-12     970.662E-03
             372     43.6619E-12    -41.9840E-12     564.910E-03
             373    -22.2232E-12     249.455E-12         1.11930
             374    -15.6831E-12    -41.3745E-12         1.89212
             375     142.892E-12    -14.7169E-12         1.66213
             376    -39.0591E-12    -30.3774E-12         2.18760
             377    -107.802E-12     132.396E-12         1.81975
             378    -66.0142E-12     15.9604E-12     811.884E-03
             379     217.271E-12     183.210E-12         1.72140
             380     64.9784E-12    -62.2610E-12         1.50140
             381     144.128E-12    -54.2185E-12         2.89285
             382    -112.203E-12     223.908E-12         2.30020
             383    -82.1464E-12     295.308E-12         2.61275
             384     101.147E-12     281.584E-12         1.50889
             385    -74.2972E-12     3.25047E-12         1.82769
             386    -70.5451E-12    -12.9100E-12         2.69393
             387     186.798E-12     240.405E-12         1.70738
             388     148.940E-12     296.915E-12         1.98535
             389    -33.5658E-12     101.922E-12    -591.699E-03
             390     80.3176E-12     136.777E-12    -661.569E-03
             391     58.1196E-12     9.33278E-12    -626.950E-03
             392    -13.3539E-12    -2.62343E-12    -607.935E-03
             393    -24.5951E-12     12.0777E-12    -662.433E-03
             394     49.7138E-12    -12.0797E-12    -633.344E-03
             395     99.0887E-12     123.841E-12    -51.4320E-03
             396    -8.53363E-12     172.260E-12     122.818E-03
             397     64.8177E-12     145.282E-12    -539.030E-03
             398    -36.4552E-12     103.390E-12    -500.224E-03
             399     61.9964E-12     12.3387E-12    -454.977E-03
             400    -12.8612E-12    -3.70103E-12    -473.103E-03
             401    -27.5873E-12     14.2326E-12    -607.890E-03
             402     47.9664E-12    -15.5688E-12    -492.442E-03
             403    -44.0502E-12     18.2388E-12    -85.3879E-03
             404     45.9256E-12    -26.4091E-12    -177.430E-03
             405     78.7652E-12     124.332E-12    -626.731E-03
             406     83.4301E-12     140.826E-12    -799.664E-03
             407     85.4523E-12     23.1709E-12    -316.689E-03
             408    -7.12014E-12    -15.3966E-12    -237.941E-03
             409    -37.4172E-12     106.680E-12    -737.487E-03
             410     51.7431E-12     196.312E-12     179.841E-03
             411    -48.4066E-12     95.7132E-12     129.162E-03
             412    -39.7351E-12     107.848E-12    -807.073E-03
             413    -29.0822E-12     103.562E-12    -518.053E-03
             414    -14.8909E-12     146.626E-12    -303.289E-03
             415     79.2935E-12     120.285E-12    -211.942E-03
             416     69.4523E-12     120.777E-12    -345.586E-03
             417     77.9541E-12     125.603E-12    -707.717E-03
             418    -36.5954E-12     99.3056E-12    -635.699E-03
             419    -17.0079E-12     3.71589E-12    -562.146E-03
             420     48.0774E-12    -6.75610E-12    -601.635E-03
             421     55.3749E-12     4.72729E-12    -838.545E-03
             422    -15.8378E-12     3.43052E-12    -905.119E-03
             423     126.090E-12     121.824E-12     358.565E-03
             424    -10.3234E-12     197.900E-12     440.902E-03
             425    -70.0029E-12     9.70854E-12         1.30958
             426     121.435E-12     23.8348E-12     421.879E-03
             427    -3.42001E-12    -28.1981E-12     349.470E-03
             428    -57.4510E-12     17.2979E-12     403.597E-03
             429     198.877E-12     302.142E-12         2.51185
             430    -84.5114E-12    -3.39901E-12         2.95974
             431     134.213E-12     326.281E-12         2.29363
             432     165.270E-12     7.08402E-12         1.68708
             433    -7.68712E-12    -35.6659E-12         1.15716
             434     68.8428E-12     253.607E-12         1.00111
             435    -93.2837E-12     114.824E-12         1.38293
             436    -34.7472E-12    -46.1268E-12         3.31570
             437     225.050E-12     174.080E-12         1.79247
             438     57.5977E-12    -71.2821E-12         1.73900
             439     159.316E-12    -35.3293E-12         2.67714
             440    -39.1644E-12     290.257E-12         1.85798
             441    -124.377E-12     205.102E-12         2.50557
             442    -59.8448E-12    -26.2898E-12         3.14073
             443     111.478E-12    -84.3127E-12         3.37454
             444    -99.1964E-12     283.735E-12         2.82951
             445     244.050E-12     245.735E-12         2.49724
             446    -18.4130E-12     6.05510E-12    -775.221E-03
             447     52.2253E-12    -4.23859E-12    -841.536E-03
             448     81.5809E-12     130.018E-12    -778.511E-03
             449    -28.4195E-12     117.087E-12    -638.120E-03
             450     78.8550E-12     132.847E-12    -524.295E-03
             451     87.4435E-12     141.951E-12    -729.339E-03
             452    -20.9236E-12     9.35713E-12    -794.052E-03
             453     51.2427E-12    -7.91657E-12    -774.390E-03
             454     67.8205E-12     16.3478E-12    -697.178E-03
             455    -12.4348E-12    -3.84420E-12    -663.302E-03
             456    -28.8317E-12     16.3641E-12    -752.410E-03
             457     49.8963E-12    -13.9920E-12    -724.912E-03
             458     84.3520E-12     139.560E-12    -881.837E-03
             459     69.9104E-12     17.0622E-12    -542.291E-03
             460    -36.3910E-12     106.782E-12    -689.237E-03
             461    -8.86079E-12    -10.5021E-12    -511.813E-03
             462     72.4737E-12     140.339E-12    -736.785E-03
             463    -38.6555E-12     107.804E-12    -810.309E-03
             464     100.559E-12     132.564E-12    -220.773E-03
             465    -10.8870E-12     173.012E-12    -130.796E-03
             466    -38.9555E-12     108.089E-12    -815.847E-03
             467     120.816E-12     130.304E-12     144.454E-03
             468     87.0093E-12     137.891E-12    -571.245E-03
             469    -33.4118E-12     112.522E-12    -748.676E-03
             470    -21.9011E-12     139.709E-12    -637.567E-03
             471    -17.8275E-12     6.14236E-12    -891.097E-03
             472     54.5337E-12     1.31745E-12    -928.815E-03
             473    -9.46346E-12     227.972E-12     422.326E-03
             474     61.5062E-12     11.3295E-12    -857.225E-03
             475    -14.3198E-12     41.2646E-15    -794.666E-03
             476     157.859E-12     136.179E-12     701.586E-03
             477    -36.5519E-12     19.2431E-12    -509.661E-03
             478     56.9924E-12     164.637E-12    -324.997E-03
             479    -12.7474E-12     230.321E-12     691.835E-03
             480    -38.9407E-12     102.795E-12    -430.520E-03
             481     49.0858E-12    -17.0956E-12    -606.513E-03
             482    -5.24874E-12    -20.3950E-12    -77.4998E-03
             483     154.198E-12     18.7758E-12         1.15696
             484    -1.67243E-12    -40.1249E-12     973.132E-03
             485    -87.3320E-12     9.60906E-12         2.21866
             486     184.352E-12     332.083E-12         2.78933
             487    -51.3056E-12     17.9648E-12     173.862E-03
             488     55.6177E-12     229.740E-12     552.920E-03
             489     45.6139E-12    -34.1854E-12     38.3169E-03
             490    -68.0500E-12     99.7218E-12     677.210E-03
             491     211.394E-12     161.147E-12         1.52412
             492    -23.3064E-12     280.027E-12         1.41130
             493     92.0181E-12     304.162E-12         1.70198
             494    -71.1727E-12     20.4735E-12     757.224E-03
             495    -83.7462E-12    -18.6119E-12         4.28944
             496    -66.9945E-12     309.505E-12         2.59193
             497     46.0761E-12    -52.2829E-12     755.092E-03
             498    -7.47777E-12    -53.0435E-12         2.25941
             499     221.715E-12     277.994E-12         2.49912
             500     175.707E-12    -7.16402E-12         2.34046
             501     66.9301E-12    -93.4216E-12         2.84292
             502    -125.238E-12     139.742E-12         2.39159
             503    -21.8086E-12    -54.2929E-12         3.21443
             504    -48.5670E-12    -37.6218E-12         3.41552
             505     188.605E-12    -21.5671E-12         3.20613
             506     244.713E-12     200.005E-12         2.23165
             507     93.7547E-12    -95.9231E-12         3.56307
             508    -141.996E-12     163.382E-12         3.01979
             509     165.983E-12    -58.3625E-12         3.85826
             510     136.518E-12    -87.2763E-12         4.27945
             511    -98.0859E-12     334.525E-12         3.65835
             512    -116.011E-12     275.608E-12         3.09533
             513    -38.1316E-12     105.773E-12    -597.427E-03
             514    -19.0860E-12     8.64872E-12    -970.877E-03
             515     54.0964E-12    -554.932E-15        -1.00372
             516     52.4013E-12    -5.37954E-12    -912.001E-03
             517    -22.3452E-12     12.0379E-12    -911.925E-03
             518     85.5488E-12     143.781E-12    -939.269E-03
             519    -23.9780E-12     13.0635E-12    -851.919E-03
             520     51.0845E-12    -9.61182E-12    -814.734E-03
             521    -15.2489E-12     3.58657E-12    -997.093E-03
             522     59.9477E-12     9.65839E-12        -1.07606
             523    -37.1546E-12     109.829E-12    -796.454E-03
             524     116.328E-12     28.7857E-12     129.300E-03
             525    -38.7274E-12     110.873E-12    -871.880E-03
             526    -2.75646E-12    -26.2224E-12     77.6603E-03
             527     82.6536E-12     134.597E-12    -833.723E-03
             528    -27.3627E-12     128.802E-12    -793.507E-03
             529     80.2367E-12     136.431E-12    -875.808E-03
             530     93.8368E-12     144.134E-12    -749.088E-03
             531    -39.5834E-12     113.998E-12        -1.00341
             532    -8.60786E-12     201.165E-12     51.8380E-03
             533     118.637E-12     137.285E-12    -102.343E-03
             534     95.4055E-12     141.355E-12    -588.988E-03
             535    -16.4633E-12     155.704E-12    -493.297E-03
             536     69.0944E-12     149.032E-12    -731.404E-03
             537     67.8911E-12     17.7604E-12    -877.014E-03
             538    -12.1573E-12    -2.82674E-12    -814.054E-03
             539     148.467E-12     138.463E-12     407.892E-03
             540     75.8771E-12     22.1631E-12    -721.830E-03
             541    -32.1261E-12     18.5865E-12    -717.040E-03
             542     97.1077E-12     27.1987E-12    -239.242E-03
             543    -10.4184E-12    -6.71125E-12    -677.691E-03
             544    -4.70184E-12    -19.5003E-12    -266.319E-03
             545     49.3796E-12    -16.7521E-12    -739.869E-03
             546    -78.1400E-12     103.196E-12         1.01745
             547    -51.1633E-12     22.4784E-12    -119.829E-03
             548     52.4820E-12     213.882E-12     192.266E-03
             549    -50.4024E-12     98.8941E-12     16.5386E-03
             550     193.202E-12     150.579E-12         1.14151
             551    -60.2619E-12     20.6748E-12     325.209E-03
             552    -77.6849E-12     13.6964E-12         1.43267
             553    -97.1019E-12     4.39305E-12         3.23294
             554    -33.2098E-12     313.607E-12         2.05814
             555     120.403E-12     355.347E-12         2.60020
             556     143.691E-12     27.5728E-12     703.322E-03
             557    -528.523E-15    -35.9075E-12     558.421E-03
             558     45.1543E-12    -42.4322E-12     297.931E-03
             559    -95.3727E-12    -9.43562E-12         4.32956
             560     53.4771E-12    -77.7206E-12         1.86144
             561    -109.479E-12     122.063E-12         1.90503
             562     169.880E-12     366.476E-12         3.17554
             563    -41.2651E-12    -57.4706E-12         4.83253
             564     224.739E-12     330.140E-12         3.21647
             565     184.696E-12    -48.5787E-12         4.11080
             566    -150.312E-12     205.059E-12         3.43756
             567     112.784E-12    -99.2821E-12         4.23449
             568    -112.771E-12     318.695E-12         3.71169
             569    -84.9827E-12     352.347E-12         3.65325
             570    -4.05215E-12    -45.9260E-12         1.52296
             571    -10.4671E-12    -63.4875E-12         3.27450
             572     65.4604E-12     272.168E-12         1.08252
             573     213.656E-12    -11.5070E-12         3.76141
             574     86.5032E-12    -111.287E-12         4.24352
             575    -152.993E-12     161.507E-12         3.43633
             576    -158.542E-12     306.323E-12         4.90863
             577    -72.9272E-12    -30.9087E-12         4.61994
             578     280.259E-12     245.568E-12         3.12932
             579     281.325E-12     312.515E-12         3.80807
             580     82.8870E-12     138.414E-12    -959.026E-03
             581    -21.0660E-12     11.0689E-12    -967.267E-03
             582     53.8610E-12    -2.24465E-12        -1.06595
             583    -17.1154E-12     6.86100E-12        -1.05016
             584     57.2551E-12     6.15580E-12        -1.12330
             585     61.8984E-12     160.606E-12    -534.756E-03
             586    -14.1251E-12     1.74800E-12    -976.114E-03
             587     63.5932E-12     14.7538E-12        -1.06417
             588     86.1721E-12     144.449E-12        -1.05854
             589     98.8985E-12     145.277E-12    -753.404E-03
             590    -21.1497E-12     149.346E-12    -807.300E-03
             591    -38.9184E-12     115.966E-12        -1.00641
             592    -25.0048E-12     15.4932E-12    -973.626E-03
             593     52.3196E-12    -6.92085E-12    -962.945E-03
             594    -39.5021E-12     112.071E-12    -946.963E-03
             595     77.2976E-12     21.4339E-12    -582.740E-03
             596    -26.9404E-12     16.5914E-12    -917.887E-03
             597    -38.9714E-12     110.201E-12    -835.629E-03
             598    -7.51725E-12    -11.1640E-12    -664.537E-03
             599     74.1360E-12     145.910E-12    -882.389E-03
             600     50.9102E-12    -11.4682E-12    -873.415E-03
             601    -80.5708E-12     101.193E-12     929.824E-03
             602    -12.1057E-12     177.545E-12    -337.690E-03
             603     113.540E-12     142.423E-12    -398.188E-03
             604    -40.3084E-12     23.5745E-12    -659.146E-03
             605     48.2963E-12    -21.4504E-12    -646.137E-03
             606    -57.1519E-12     96.8438E-12     361.189E-03
             607     139.218E-12     141.532E-12     97.7061E-03
             608     75.9822E-12     24.0008E-12    -881.940E-03
             609    -6.50638E-12     230.528E-12     101.089E-03
             610    -10.3845E-12    -3.76857E-12    -942.288E-03
             611     88.9295E-12     145.659E-12    -905.300E-03
             612     133.753E-12     33.5894E-12     315.522E-03
             613     204.894E-15    -33.0463E-12     234.995E-03
             614     175.277E-12     146.394E-12     745.130E-03
             615    -32.8466E-12     123.706E-12    -957.860E-03
             616    -42.1775E-12     105.130E-12    -548.490E-03
             617    -8.71458E-12     258.001E-12     644.336E-03
             618     178.396E-12     24.0517E-12         1.57901
             619     2.13459E-12    -48.4943E-12         1.20060
             620    -60.5963E-12     23.8459E-12     144.489E-03
             621     110.558E-12     32.3245E-12    -147.955E-03
             622     45.5911E-12    -35.5720E-12    -101.208E-03
             623    -2.45284E-12    -24.2706E-12    -168.929E-03
             624    -105.153E-12    -1.59733E-12         4.39501
             625     153.465E-12     401.837E-12         3.65701
             626    -143.773E-12     144.880E-12         3.07783
             627     52.7026E-12     213.670E-12    -37.5076E-03
             628    -28.4002E-12     330.470E-12         2.16747
             629     222.721E-12     363.815E-12         3.69677
             630    -54.8930E-12     328.695E-12         2.67854
             631    -26.0110E-12    -66.7419E-12         4.61640
             632     205.747E-12    -35.7825E-12         4.41066
             633     58.2043E-12    -94.0942E-12         2.68108
             634     54.7025E-12     242.176E-12     533.368E-03
             635    -164.308E-12     194.370E-12         3.95589
             636     133.509E-12    -103.811E-12         5.17363
             637    -127.417E-12     304.350E-12         3.87994
             638     259.636E-12     200.010E-12         2.47311
             639     256.331E-12     184.162E-12         2.32441
             640     302.608E-15    -63.0576E-12         2.47044
             641     81.6067E-12     322.730E-12         1.81385
             642     204.518E-12    -198.410E-15         3.02398
             643     168.742E-12    -72.1626E-12         4.64060
             644    -166.157E-12     271.345E-12         4.68160
             645     98.6261E-12    -111.207E-12         4.55621
             646     46.7243E-12    -65.1978E-12         1.14148
             647     311.319E-12     300.241E-12         4.24699
             648    -95.7889E-12    -23.4452E-12         5.88624
             649    -59.9859E-12    -47.6399E-12         5.31153
             650     251.605E-12     328.719E-12         3.54721
             651     65.9785E-12     160.061E-12    -737.761E-03
             652    -15.5543E-12     5.69203E-12        -1.11733
             653     61.7790E-12     14.2925E-12        -1.28052
             654    -18.4843E-12     9.08290E-12        -1.07068
             655     55.8662E-12     183.464E-12    -305.544E-03
             656     56.0386E-12     3.48707E-12        -1.18027
             657    -32.1503E-12     20.5864E-12    -881.729E-03
             658     49.8155E-12    -14.1893E-12    -939.573E-03
             659    -23.3139E-12     14.3776E-12        -1.03565
             660     53.1345E-12    -3.89448E-12        -1.11413
             661    -12.7256E-12    -71.1257E-15    -983.689E-03
             662     69.3864E-12     20.4571E-12        -1.06407
             663    -40.4843E-12     108.558E-12    -763.073E-03
             664     85.4993E-12     142.699E-12        -1.05194
             665     84.7362E-12     29.9265E-12    -845.943E-03
             666    -8.93950E-12    -7.40498E-12    -809.221E-03
             667    -39.5859E-12     118.739E-12        -1.19282
             668    -16.7650E-12     163.614E-12    -675.758E-03
             669     103.562E-12     143.947E-12    -628.320E-03
             670     93.2394E-12     28.8934E-12    -457.597E-03
             671    -44.1877E-12     102.895E-12    -365.964E-03
             672    -5.73922E-12    -15.1325E-12    -540.234E-03
             673    -40.0361E-12     114.781E-12        -1.08734
             674     94.4779E-12     146.926E-12    -903.155E-03
             675     87.9106E-12     147.069E-12        -1.09841
             676    -29.0195E-12     19.9089E-12        -1.02826
             677    -25.7090E-12     139.920E-12    -944.109E-03
             678     51.6551E-12    -8.61751E-12        -1.01270
             679    -36.3623E-12     117.988E-12    -982.172E-03
             680    -62.2568E-12     98.7524E-12     336.411E-03
             681     132.933E-12     144.273E-12    -206.622E-03
             682    -8.85385E-12     202.455E-12    -152.750E-03
             683     69.1038E-12     161.037E-12    -944.012E-03
             684     52.4574E-12     223.361E-12     171.245E-03
             685     163.498E-12     32.4064E-12     992.033E-03
             686     2.80020E-12    -43.4237E-12     753.027E-03
             687     163.050E-12     146.099E-12     362.491E-03
             688    -5.31752E-12     268.000E-12     546.167E-03
             689     125.590E-12     37.7923E-12    -30.1319E-03
             690     491.138E-15    -29.8581E-12    -66.8976E-03
             691    -49.7960E-12     25.6496E-12    -379.633E-03
             692    -19.9823E-12     299.919E-12         1.54999
             693     46.7420E-12    -27.4903E-12    -497.383E-03
             694    -47.7563E-12     352.235E-12         2.92531
             695    -172.737E-12     178.477E-12         4.25978
             696    -69.9008E-12     394.859E-12         4.16792
             697     224.401E-12     162.764E-12         1.64821
             698    -84.1622E-12     18.8533E-12         1.45393
             699    -72.5525E-12     25.3052E-12     543.636E-03
             700    -945.867E-15    -72.1356E-12         3.32234
             701     49.6805E-12    -80.2049E-12         1.79202
             702     207.354E-12     398.150E-12         4.13001
             703     229.056E-12    -25.0712E-12         4.90363
             704     74.4678E-12    -113.310E-12         4.06000
             705     176.419E-12    -109.526E-12         7.23603
             706     103.902E-12     375.162E-12         2.76749
             707     205.515E-12    -66.6593E-12         5.94255
             708    -185.122E-12     331.940E-12         6.29834
             709     126.635E-12    -124.232E-12         6.23438
             710    -148.230E-12     349.261E-12         5.33646
             711    -112.361E-12     111.546E-12         1.95115
             712    -117.008E-12     372.475E-12         4.85902
             713    -177.959E-12     248.729E-12         4.85911
             714     44.4654E-12    -60.8255E-12     773.199E-03
             715     1.47984E-12    -55.2294E-12         1.77137
             716    -12.8144E-12    -76.5809E-12         4.57720
             717    -108.659E-12    -14.4856E-12         6.12672
             718     310.431E-12     244.529E-12         3.73145
             719    -43.6644E-12    -71.0790E-12         6.34592
             720     271.551E-12     389.763E-12         4.85197
             721     59.7539E-12     283.017E-12         1.03943
             722     297.964E-12     214.919E-12         3.29327
             723     362.694E-12     362.051E-12         6.22388
             724     84.9625E-12     147.169E-12        -1.22941
             725    -47.0216E-12     104.439E-12    -522.535E-03
             726    -17.4482E-12     10.0907E-12        -1.23967
             727     59.3307E-12     10.7273E-12        -1.31912
             728    -21.5963E-12     14.7441E-12        -1.19989
             729     54.8754E-12     1.43982E-12        -1.23320
             730    -14.0177E-12     3.84073E-12        -1.13371
             731     65.5463E-12     18.5637E-12        -1.26000
             732     56.8372E-12     189.377E-12    -509.587E-03
             733     100.274E-12     147.093E-12    -863.259E-03
             734    -20.1212E-12     156.800E-12    -969.136E-03
             735     76.0000E-12     26.5409E-12        -1.05765
             736    -8.74800E-12    -3.74203E-12        -1.08368
             737    -6.07491E-12    -11.7670E-12    -772.537E-03
             738    -26.0437E-12     17.8235E-12        -1.08158
             739     52.3565E-12    -5.52957E-12        -1.15088
             740    -51.2006E-12     100.833E-12    -150.750E-03
             741    -37.8889E-12     121.149E-12        -1.20450
             742    -40.0184E-12     116.136E-12        -1.12649
             743     87.6986E-12     148.406E-12        -1.22786
             744     104.676E-12     34.5864E-12    -421.103E-03
             745    -40.5447E-12     112.816E-12        -1.02496
             746    -2.57714E-12    -21.1573E-12    -415.477E-03
             747     116.478E-12     146.173E-12    -616.329E-03
             748    -12.4578E-12     181.316E-12    -534.566E-03
             749     65.2562E-12     170.922E-12    -944.710E-03
             750    -31.4626E-12     22.4912E-12        -1.05009
             751     50.8858E-12    -9.69501E-12        -1.08844
             752    -44.1773E-12     26.7484E-12    -684.394E-03
             753    -67.4091E-12     98.9639E-12     337.558E-03
             754     47.9531E-12    -19.9093E-12    -833.979E-03
             755     89.5442E-12     148.801E-12        -1.12606
             756     151.724E-12     38.9638E-12     523.385E-03
             757     3.74650E-12    -40.6185E-12     420.040E-03
             758     150.118E-12     145.591E-12    -15.9873E-03
             759    -5.60017E-12     227.721E-12    -145.509E-03
             760     96.8242E-12     35.7434E-12    -714.457E-03
             761    -11.3301E-12     286.874E-12         1.10970
             762     203.155E-12     154.077E-12         1.13954
             763     198.269E-12     30.7904E-12         1.91851
             764    -79.0296E-12     98.8575E-12     720.686E-03
             765     7.08970E-12    -63.4265E-12         1.90905
             766     50.3090E-12     236.286E-12     86.3819E-03
             767    -214.234E-12     340.066E-12         7.52671
             768     81.7048E-12    -133.164E-12         5.45778
             769     244.157E-12    -14.4738E-12         5.09669
             770    -22.5435E-12     336.564E-12         2.10621
             771    -1.54597E-12    -83.1985E-12         4.35597
             772    -58.9178E-12     26.8936E-12    -92.3405E-03
             773     128.808E-12     443.701E-12         4.22482
             774    -115.065E-12    -4.59143E-12         5.57733
             775     45.3947E-12    -35.2298E-12    -294.278E-03
             776     53.1909E-12     279.449E-12     808.941E-03
             777     51.3778E-12    -93.3093E-12         2.44095
             778     178.241E-12     482.293E-12         5.53089
             779     253.867E-12     470.877E-12         6.23701
             780     221.150E-12    -48.2303E-12         5.67498
             781    -29.9228E-12    -78.5800E-12         6.01199
             782    -141.698E-12     399.911E-12         6.17344
             783    -87.9628E-12     24.1030E-12         1.30882
             784     198.759E-12    -91.3380E-12         7.10173
             785     7.87579E-12    -72.3378E-12         2.61342
             786    -100.733E-12     400.281E-12         5.02062
             787     100.704E-12    -128.143E-12         5.66078
             788    -184.334E-12     298.464E-12         5.72818
             789     236.971E-12     1.70704E-12         4.12911
             790     346.790E-12     303.940E-12         5.08444
             791     44.8848E-12    -70.7754E-12         1.19261
             792     68.5434E-12     338.161E-12         1.86010
             793     285.369E-12     193.003E-12         2.91123
             794     309.803E-12     367.286E-12         5.15174
             795    -29.6889E-12     23.2602E-12        -1.20533
             796     51.5134E-12    -6.87635E-12        -1.17884
             797    -15.6110E-12     8.33626E-12        -1.27986
             798     63.0634E-12     18.5326E-12        -1.46650
             799    -19.4290E-12     11.9413E-12        -1.19248
             800     57.2562E-12     7.93831E-12        -1.36622
             801    -24.0351E-12     17.2439E-12        -1.18306
             802     53.8323E-12    -550.991E-15        -1.27466
             803     70.0408E-12     23.7768E-12        -1.25059
             804    -10.2379E-12     46.7130E-15        -1.20126
             805    -52.6300E-12     101.853E-12    -325.469E-03
             806    -35.0085E-12     25.8601E-12        -1.06975
             807     86.3388E-12     149.576E-12        -1.32741
             808     48.8872E-12    -13.0212E-12        -1.13472
             809     79.6496E-12     151.345E-12        -1.23505
             810    -16.1382E-12     168.589E-12    -853.329E-03
             811     107.010E-12     146.563E-12    -756.721E-03
             812     71.1962E-12     162.126E-12        -1.15238
             813    -41.7516E-12     110.708E-12    -943.164E-03
             814     96.2761E-12     149.338E-12        -1.07351
             815     84.3716E-12     32.7763E-12        -1.02892
             816    -40.4224E-12     117.124E-12        -1.30108
             817    -6.79803E-12    -8.40510E-12    -945.808E-03
             818    -23.5263E-12     148.313E-12        -1.08555
             819     117.243E-12     40.8873E-12    -354.284E-03
             820     278.971E-15    -25.8198E-12    -369.944E-03
             821    -59.2330E-12     99.3955E-12     84.9998E-03
             822     88.8180E-12     149.885E-12        -1.26618
             823     128.275E-12     145.807E-12    -475.580E-03
             824    -8.72150E-12     203.024E-12    -365.098E-03
             825    -35.0306E-12     125.915E-12        -1.18147
             826     165.733E-12     146.159E-12     158.752E-03
             827    -2.88406E-12     255.093E-12     134.879E-03
             828     48.2617E-12     271.459E-12     507.911E-03
             829    -29.3084E-12     134.631E-12        -1.09652
             830     109.533E-12     43.1772E-12    -659.541E-03
             831     141.066E-12     43.9290E-12     120.030E-03
             832     54.9349E-12     200.472E-12    -643.856E-03
             833     4.14770E-12    -36.8032E-12     69.5016E-03
             834    -3.49689E-12     297.018E-12     836.081E-03
             835     187.400E-12     149.633E-12     697.509E-03
             836    -43.3057E-12     106.779E-12    -672.864E-03
             837     181.208E-12     38.0737E-12         1.25608
             838     5.65690E-12    -49.8095E-12     938.326E-03
             839    -3.74366E-12    -16.2967E-12    -676.020E-03
             840    -16.4756E-12     314.955E-12         1.63906
             841    -54.1514E-12     32.8559E-12    -608.300E-03
             842     46.3159E-12    -26.2562E-12    -694.431E-03
             843     387.249E-12     315.483E-12         6.22617
             844     44.7265E-12    -46.5200E-12     236.826E-03
             845     121.498E-12     521.735E-12         5.87497
             846     253.689E-12     172.701E-12         2.15398
             847     204.454E-12    -107.048E-12         8.37016
             848    -172.610E-12     152.512E-12         4.18933
             849     134.308E-12    -147.525E-12         8.03809
             850     14.6152E-12    -80.6709E-12         2.66954
             851     224.861E-12     21.5692E-12         3.00413
             852     86.7772E-12     377.743E-12         2.66113
             853    -85.9151E-12    -34.7793E-12         6.22459
             854    -76.1967E-12     29.9945E-12     433.845E-03
             855    -110.990E-12     10.5286E-12         3.72139
             856     220.807E-12     503.888E-12         6.54118
             857    -76.5746E-12     96.8190E-12     525.383E-03
             858    -147.234E-12     125.410E-12         3.17807
             859    -106.363E-12     22.6158E-12         2.39742
             860     54.0688E-12     320.420E-12         1.37388
             861    -39.2794E-12    -85.4631E-12         7.41022
             862     309.449E-12     447.889E-12         6.67639
             863     323.251E-12     222.027E-12         3.88736
             864    -80.2658E-12     448.038E-12         5.56056
             865    -26.2388E-12     142.966E-12        -1.21270
             866    -17.5353E-12     13.0669E-12        -1.40637
             867     84.2339E-12     151.127E-12        -1.39608
             868     60.3007E-12     15.3782E-12        -1.50744
             869    -26.0286E-12     20.5288E-12        -1.26006
             870     52.5937E-12     458.700E-15        -1.45858
             871    -11.8038E-12     3.42721E-12        -1.28304
             872     66.2119E-12     22.5005E-12        -1.44082
             873    -21.4682E-12     16.7952E-12        -1.34117
             874     55.6950E-12     5.44928E-12        -1.41094
             875     43.7723E-12    -44.2127E-12    -33.4897E-03
             876     101.577E-12     148.906E-12        -1.01335
             877     93.6527E-12     38.9389E-12    -975.944E-03
             878    -18.6633E-12     161.704E-12        -1.12604
             879     66.9102E-12     170.569E-12        -1.14946
             880     75.3873E-12     159.390E-12        -1.38080
             881     115.409E-12     147.372E-12    -818.537E-03
             882    -12.3009E-12     183.701E-12    -735.321E-03
             883     76.0019E-12     29.4282E-12        -1.24275
             884    -39.7388E-12     119.893E-12        -1.37268
             885    -7.23997E-12    -3.19936E-12        -1.22891
             886    -36.7097E-12     125.778E-12        -1.41952
             887     87.4779E-12     151.019E-12        -1.39596
             888    -47.8866E-12     105.357E-12    -695.791E-03
             889    -31.1218E-12     133.524E-12        -1.26443
             890    -41.2607E-12     114.554E-12        -1.21572
             891    -60.3404E-12     99.4029E-12    -75.9853E-03
             892    -300.800E-15    -20.9836E-12    -657.401E-03
             893     131.083E-12     47.5890E-12    -250.535E-03
             894    -31.6242E-12     26.3595E-12        -1.27185
             895     3.90749E-12    -31.6498E-12    -290.034E-03
             896    -68.6299E-12     97.5738E-12     228.818E-03
             897     50.1506E-12    -8.74914E-12        -1.23045
             898    -3.80955E-12    -12.4975E-12    -925.265E-03
             899    -41.7886E-12     30.5965E-12        -1.01108
             900     168.709E-12     44.8176E-12     755.196E-03
             901     8.18835E-12    -50.7828E-12     741.274E-03
             902     90.8981E-12     150.937E-12        -1.29182
             903     141.969E-12     145.620E-12    -336.709E-03
             904    -4.77638E-12     222.251E-12    -424.848E-03
             905     47.2367E-12    -18.1659E-12        -1.02931
             906     121.135E-12     50.3000E-12    -593.739E-03
             907    -427.010E-15     282.136E-12     421.341E-03
             908     194.099E-12     148.368E-12     650.368E-03
             909     44.4519E-12    -33.4051E-12    -512.790E-03
             910    -7.32056E-12     320.625E-12         1.37338
             911     48.1079E-12     239.729E-12    -92.0624E-03
             912    -23.6372E-12     363.048E-12         2.56331
             913    -38.0231E-12     376.094E-12         3.12264
             914     251.505E-12     165.957E-12         2.01409
             915    -92.6233E-12     96.8585E-12         1.11778
             916     43.4038E-12    -57.7922E-12     546.929E-03
             917     210.006E-12     38.8626E-12         2.02106
             918     11.9501E-12    -69.4957E-12         1.91944
             919    -87.5160E-12     29.3514E-12     982.222E-03
             920     46.7579E-12     304.779E-12     953.093E-03
             921    -191.683E-12     230.641E-12         5.26746
             922    -59.6977E-12     33.8464E-12    -435.311E-03
             923     158.094E-12    -124.040E-12         7.41296
             924    -107.159E-12    -26.0220E-12         7.29547
             925    -199.625E-12     207.036E-12         5.45960
             926     7.90977E-12    -81.3446E-12         3.40859
             927    -201.482E-12     291.040E-12         6.29055
             928     287.745E-12     530.133E-12         8.16166
             929     259.618E-12     23.0091E-12         4.17116
             930     110.683E-12    -151.895E-12         7.53354
             931     392.238E-12     267.928E-12         5.91026
             932    -158.388E-12     115.933E-12         3.57345
             933    -121.303E-12     17.5074E-12         3.82451
             934    -61.5581E-12    -66.5963E-12         7.38543
             935    -57.2559E-12     441.112E-12         4.86231
             936     45.9636E-12    -86.7470E-12         1.93091
             937     66.9144E-12     387.753E-12         2.60981
             938     310.865E-12     197.269E-12         3.46877
             939    -106.556E-12     448.886E-12         6.28063
             940    -13.2272E-12     9.04373E-12        -1.48296
             941     63.5857E-12     22.9281E-12        -1.63826
             942    -19.5622E-12     17.7817E-12        -1.52108
             943     58.0981E-12     12.4731E-12        -1.55340
             944    -44.2695E-12     108.107E-12    -834.837E-03
             945    -33.9879E-12     130.052E-12        -1.42687
             946     107.949E-12     148.165E-12    -916.825E-03
             947     70.4256E-12     27.1261E-12        -1.43139
             948    -8.71107E-12     934.346E-15        -1.35514
             949    -21.5906E-12     154.259E-12        -1.22598
             950     3.20199E-12    -25.8445E-12    -624.310E-03
             951     78.3799E-12     156.110E-12        -1.43099
             952    -28.9015E-12     26.3201E-12        -1.41523
             953    -42.6581E-12     111.868E-12        -1.11982
             954     51.3788E-12    -5.19484E-12        -1.29370
             955     85.4318E-12     152.093E-12        -1.48516
             956     42.1523E-12    -54.6507E-12     280.671E-03
             957    -36.9912E-12     30.1634E-12        -1.20735
             958     103.163E-12     45.6185E-12    -935.278E-03
             959    -819.089E-15    -16.2343E-12    -920.820E-03
             960    -27.4511E-12     141.178E-12        -1.35021
             961     47.8263E-12    -10.7714E-12        -1.32376
             962    -23.2327E-12     20.5328E-12        -1.43545
             963     54.1052E-12     3.07270E-12        -1.44496
             964     71.6387E-12     164.127E-12        -1.35924
             965    -38.5447E-12     122.341E-12        -1.40818
             966    -53.2489E-12     102.155E-12    -516.709E-03
             967     82.7138E-12     35.4345E-12        -1.22850
             968     97.6064E-12     150.803E-12        -1.25762
             969     157.764E-12     50.7615E-12     310.743E-03
             970    -6.07185E-12    -6.64935E-12        -1.11209
             971     124.710E-12     146.667E-12    -724.007E-03
             972     8.47252E-12    -45.0124E-12     257.523E-03
             973    -8.00033E-12     198.530E-12    -844.561E-03
             974    -40.2238E-12     118.230E-12        -1.50252
             975     45.2859E-12    -24.0636E-12    -901.820E-03
             976     89.1581E-12     151.933E-12        -1.44124
             977     132.006E-12     57.5664E-12    -530.439E-03
             978     93.4828E-12     151.153E-12        -1.28929
             979    -1.50654E-12     244.323E-12    -220.184E-03
             980     155.331E-12     144.825E-12    -185.952E-03
             981     42.7054E-12    -41.7234E-12    -284.500E-03
             982    -15.3817E-12     171.647E-12        -1.02483
             983    -2.25062E-12     319.130E-12         1.11735
             984     196.035E-12     43.5119E-12         1.49534
             985     12.8347E-12    -64.0745E-12         1.33330
             986     214.446E-12     151.041E-12         1.10479
             987     53.1402E-12     205.102E-12    -862.454E-03
             988    -82.8142E-12     94.3762E-12     662.717E-03
             989     45.1435E-12     264.854E-12     235.436E-03
             990    -13.5931E-12     337.757E-12         1.86475
             991    -50.4426E-12     35.2720E-12    -873.800E-03
             992    -126.640E-12     101.611E-12         2.34668
             993    -39.4762E-12     422.881E-12         4.03456
             994    -67.3695E-12     30.6500E-12     37.6216E-03
             995     42.5771E-12    -70.1378E-12     996.932E-03
             996     276.635E-12     177.969E-12         2.61433
             997     184.792E-12    -141.961E-12         9.68925
             998     19.3403E-12    -84.1372E-12         2.41279
             999    -85.1038E-12     34.1929E-12     612.495E-03
            1000    -229.806E-12     209.027E-12         6.71604
            1001     233.420E-12     36.4067E-12         2.82067
            1002     191.099E-12    -117.891E-12         8.44616
            1003    -77.0056E-12    -46.2268E-12         6.61937
            1004    -124.313E-12    -26.2469E-12         8.98233
            1005    -189.599E-12     136.447E-12         4.84676
            1006     45.4519E-12    -105.775E-12         2.84118
            1007     88.9493E-12     419.700E-12         3.43318
            1008     52.5338E-12     360.229E-12         1.95541
            1009    -86.5003E-12     498.920E-12         7.00463
            1010    -56.8628E-12    -91.5486E-12         9.42083
            1011    -127.696E-12     433.686E-12         6.51977
            1012    -128.954E-12    -3.85746E-12         6.79754
            1013     351.316E-12     227.470E-12         4.58961
            1014    -60.7576E-12     485.345E-12         5.97401
            1015     93.7748E-12     152.084E-12        -1.46878
            1016    -15.4006E-12     14.5198E-12        -1.61610
            1017    -25.6306E-12     23.3825E-12        -1.44341
            1018     60.9974E-12     20.0961E-12        -1.68937
            1019     52.2302E-12     3.95132E-12        -1.63050
            1020    -4.06705E-12    -8.59770E-12        -1.14091
            1021     82.7400E-12     153.885E-12        -1.55317
            1022    -10.4720E-12     5.89847E-12        -1.49732
            1023     66.5856E-12     26.0526E-12        -1.60314
            1024    -33.0823E-12     29.8459E-12        -1.37819
            1025     49.3965E-12    -6.48520E-12        -1.39858
            1026     90.1810E-12     41.6115E-12        -1.20792
            1027    -67.2277E-12     34.4560E-12    -157.654E-03
            1028     102.794E-12     149.954E-12        -1.18562
            1029    -30.9632E-12     135.305E-12        -1.44736
            1030    -21.7289E-12     22.0758E-12        -1.60298
            1031     56.0058E-12     9.79491E-12        -1.59496
            1032    -52.2629E-12     102.758E-12    -742.045E-03
            1033     52.7048E-12     209.065E-12    -680.628E-03
            1034    -34.8127E-12     128.826E-12        -1.63229
            1035     6.84766E-12    -30.6051E-12    -595.351E-03
            1036     74.2270E-12     161.874E-12        -1.58259
            1037    -44.8777E-12     109.016E-12        -1.00726
            1038     112.548E-12     52.4363E-12    -899.797E-03
            1039     75.1604E-12     32.4164E-12        -1.42946
            1040    -38.4737E-12     121.914E-12        -1.63394
            1041     144.903E-12     54.9365E-12    -125.408E-03
            1042    -17.1829E-12     165.121E-12        -1.27113
            1043    -41.4761E-12     115.218E-12        -1.39789
            1044    -6.70665E-12     1.05131E-12        -1.47966
            1045    -23.7804E-12     148.878E-12        -1.29894
            1046     86.8504E-12     152.954E-12        -1.56342
            1047     46.0264E-12    -15.6794E-12        -1.23036
            1048    -61.8769E-12     97.7485E-12    -255.088E-03
            1049     63.5320E-12     177.850E-12        -1.34026
            1050     90.9345E-12     152.298E-12        -1.46719
            1051     43.4015E-12    -30.8423E-12    -740.593E-03
            1052     8.07866E-12    -38.3442E-12    -189.765E-03
            1053    -3.32631E-12     208.770E-12    -988.789E-03
            1054     134.649E-12     145.436E-12    -624.924E-03
            1055     1.50315E-12     266.711E-12     6.13670E-03
            1056     171.987E-12     143.016E-12     49.5700E-03
            1057     186.506E-12     50.3740E-12         1.05542
            1058     2.40864E-12    -19.9605E-12    -922.077E-03
            1059    -72.1513E-12     94.8282E-12     199.908E-03
            1060    -43.3938E-12     34.7777E-12        -1.14326
            1061     1.51355E-12     313.451E-12     839.086E-03
            1062    -7.38266E-12     194.470E-12        -1.08849
            1063     195.164E-12     144.577E-12     568.465E-03
            1064     113.505E-12     147.989E-12        -1.00229
            1065    -58.2346E-12     37.5797E-12    -659.928E-03
            1066    -5.84701E-12     351.636E-12         1.79692
            1067    -93.0383E-12     34.6902E-12     957.811E-03
            1068     40.7400E-12    -51.1441E-12     836.378E-06
            1069     252.326E-12     161.885E-12         1.98052
            1070     46.5925E-12     238.527E-12    -284.063E-03
            1071     211.911E-12     46.4326E-12         1.86428
            1072     15.6484E-12    -72.4369E-12         1.75992
            1073     40.5111E-12    -66.5484E-12     693.699E-03
            1074     41.7665E-12    -84.2493E-12         1.59481
            1075    -106.518E-12     92.5837E-12         1.51491
            1076     43.8213E-12     335.869E-12         1.38329
            1077    -24.9420E-12     401.792E-12         3.26030
            1078     52.6387E-12    -110.755E-12         3.35727
            1079    -223.577E-12     165.621E-12         6.27568
            1080    -99.3064E-12    -39.4231E-12         7.99554
            1081     225.693E-12    -112.913E-12         9.77171
            1082    -133.166E-12     12.6561E-12         5.22002
            1083    -167.440E-12     100.913E-12         3.93490
            1084    -174.038E-12     433.743E-12         8.00872
            1085    -84.5804E-12    -58.4379E-12         8.60836
            1086    -30.0018E-12    -116.424E-12         9.62552
            1087     60.9165E-12     429.544E-12         3.33503
            1088     143.247E-12    -169.767E-12         9.78725
            1089    -13.0786E-12     12.5977E-12        -1.66161
            1090    -28.3504E-12     139.863E-12        -1.45792
            1091     64.3169E-12     27.7752E-12        -1.80155
            1092     48.3657E-12     221.122E-12    -729.647E-03
            1093    -47.8308E-12     106.366E-12        -1.06397
            1094    -17.5960E-12     19.6737E-12        -1.72606
            1095     58.3961E-12     17.3307E-12        -1.74031
            1096    -32.1766E-12     133.241E-12        -1.63761
            1097     97.7090E-12     47.8512E-12        -1.18924
            1098     46.6404E-12    -7.79221E-12        -1.51269
            1099     77.0653E-12     159.217E-12        -1.62799
            1100    -19.9796E-12     157.151E-12        -1.37620
            1101     97.6462E-12     151.215E-12        -1.44463
            1102     88.3060E-12     153.227E-12        -1.61972
            1103     58.4322E-12     189.373E-12        -1.11807
            1104    -38.1164E-12     34.1986E-12        -1.34908
            1105     73.9235E-12     35.3002E-12        -1.61449
            1106    -7.63650E-12     5.16443E-12        -1.62212
            1107    -29.8475E-12     29.3901E-12        -1.51634
            1108     84.0206E-12     154.311E-12        -1.65247
            1109     50.3539E-12     458.441E-15        -1.61569
            1110    -4.91413E-12    -3.57686E-12        -1.35541
            1111    -57.1214E-12     99.0212E-12    -620.536E-03
            1112     80.7623E-12     38.0849E-12        -1.42731
            1113     120.812E-12     59.3670E-12    -873.386E-03
            1114    -36.9749E-12     125.270E-12        -1.62792
            1115    -24.2756E-12     25.5536E-12        -1.62555
            1116     10.3833E-12    -34.3817E-12    -602.643E-03
            1117     54.1015E-12     7.00643E-12        -1.62350
            1118     92.9383E-12     152.318E-12        -1.64636
            1119     67.5399E-12     170.625E-12        -1.53679
            1120    -1.34061E-12    -11.3373E-12        -1.16407
            1121    -43.0744E-12     112.318E-12        -1.29471
            1122     120.062E-12     146.812E-12    -958.362E-03
            1123    -11.7579E-12     180.097E-12        -1.20107
            1124     140.982E-12     65.1695E-12    -488.407E-03
            1125    -39.8151E-12     117.914E-12        -1.67541
            1126     13.2511E-12    -54.3343E-12     490.038E-03
            1127     176.734E-12     58.6013E-12     590.977E-03
            1128     44.1237E-12    -21.2481E-12        -1.11579
            1129    -49.8434E-12     40.0836E-12        -1.10300
            1130    -442.639E-15     233.491E-12    -561.859E-03
            1131     145.684E-12     143.601E-12    -511.385E-03
            1132     5.69725E-12    -23.4117E-12    -931.612E-03
            1133     4.47155E-12     288.335E-12     249.644E-03
            1134     179.548E-12     138.953E-12     96.1189E-03
            1135     109.862E-12     148.508E-12        -1.17374
            1136    -90.6935E-12     89.6753E-12     837.992E-03
            1137     39.3978E-12     313.019E-12     865.639E-03
            1138    -2.81522E-12     202.025E-12        -1.22913
            1139     41.3425E-12    -38.3981E-12    -538.526E-03
            1140    -65.8162E-12     38.5921E-12    -394.866E-03
            1141    -761.809E-15     349.178E-12         1.56006
            1142    -84.2104E-12     39.0167E-12     372.983E-03
            1143     206.264E-12     53.9381E-12         1.50447
            1144     21.7705E-12    -83.1431E-12         1.98992
            1145     239.452E-12     151.636E-12         1.60165
            1146     38.8765E-12    -61.8194E-12     359.132E-03
            1147    -75.7764E-12     34.4867E-12     195.851E-03
            1148     290.846E-12     176.427E-12         2.90133
            1149     39.0452E-12    -79.4337E-12         1.20060
            1150     40.5523E-12    -99.9970E-12         2.33024
            1151    -83.6272E-12    -80.6752E-12         10.6317
            1152    -14.0989E-12     376.968E-12         2.51188
            1153    -99.8948E-12     29.4011E-12         1.57394
            1154    -133.719E-12     21.3468E-12         4.25164
            1155     236.730E-12    -92.2447E-12         9.02585
            1156    -139.455E-12     91.1027E-12         2.76040
            1157    -146.099E-12     17.0189E-12         5.81045
            1158    -25.7211E-12     442.626E-12         4.08930
            1159    -116.851E-12    -42.4068E-12         9.97530
            1160     207.715E-12    -130.556E-12         10.0104
            1161    -253.464E-12     208.511E-12         7.66965
            1162    -201.902E-12     118.894E-12         5.36399
            1163     24.2405E-12    -97.9279E-12         3.24972
            1164     234.436E-12     47.4666E-12         2.52496
            1165    -69.2078E-12    -112.403E-12         12.2326
            1166     46.9395E-12     396.707E-12         2.52814
            1167    -225.693E-12     279.413E-12         7.12957
            1168    -62.1399E-12     525.587E-12         7.12565
            1169     59.2948E-12     185.843E-12        -1.32977
            1170    -15.3609E-12     18.1728E-12        -1.78227
            1171     61.3742E-12     25.3958E-12        -1.86846
            1172     81.3307E-12     155.863E-12        -1.67408
            1173     66.4214E-12     29.0722E-12        -1.73113
            1174    -10.6187E-12     10.6675E-12        -1.71021
            1175    -1.87184E-12    -6.42349E-12        -1.38408
            1176     86.6978E-12     43.9631E-12        -1.42339
            1177    -27.1696E-12     28.7230E-12        -1.62058
            1178     51.5722E-12     7.79886E-12        -1.80945
            1179     1.67378E-12    -14.2640E-12        -1.18529
            1180     48.4828E-12    -3.49496E-12        -1.57542
            1181    -33.8463E-12     33.6329E-12        -1.51722
            1182    -50.8895E-12     103.354E-12    -953.718E-03
            1183     54.0899E-12     199.830E-12        -1.08241
            1184     115.095E-12     147.005E-12        -1.18338
            1185     90.3922E-12     153.019E-12        -1.64800
            1186    -32.5099E-12     131.286E-12        -1.83664
            1187     111.392E-12     60.6767E-12        -1.17052
            1188    -20.0173E-12     24.4658E-12        -1.80370
            1189     56.0136E-12     14.4246E-12        -1.78288
            1190     72.7309E-12     163.455E-12        -1.75363
            1191     127.763E-12     66.3719E-12    -866.313E-03
            1192    -29.1892E-12     138.067E-12        -1.62989
            1193    -14.8281E-12     168.981E-12        -1.38649
            1194     85.2214E-12     154.343E-12        -1.74014
            1195    -45.2101E-12     109.313E-12        -1.18199
            1196    -74.1160E-12     39.0187E-12    -64.9214E-03
            1197     104.064E-12     149.582E-12        -1.37666
            1198     12.8685E-12    -45.7261E-12    -84.6733E-03
            1199     44.7524E-12    -12.5278E-12        -1.43134
            1200     158.212E-12     63.2619E-12    -3.65414E-03
            1201     78.4726E-12     40.7016E-12        -1.62081
            1202    -5.13617E-12     4.12413E-12        -1.70041
            1203     96.6557E-12     151.067E-12        -1.62752
            1204    -35.9098E-12     124.798E-12        -1.86624
            1205    -68.1122E-12     92.9852E-12    -208.630E-03
            1206    -6.53182E-12     191.137E-12        -1.29623
            1207    -43.7373E-12     39.0312E-12        -1.31279
            1208    -41.3813E-12     115.044E-12        -1.56956
            1209     128.048E-12     145.099E-12    -896.550E-03
            1210    -56.5191E-12     41.8039E-12    -894.126E-03
            1211     8.91758E-12    -26.1215E-12    -962.290E-03
            1212     63.8154E-12     176.285E-12        -1.53266
            1213     42.0177E-12    -27.4438E-12    -973.445E-03
            1214     18.8050E-12    -67.3207E-12     924.169E-03
            1215     198.828E-12     61.4502E-12         1.11981
            1216     2.99467E-12     251.238E-12    -395.512E-03
            1217     156.143E-12     140.736E-12    -386.076E-03
            1218     578.640E-15     222.750E-12    -893.342E-03
            1219     39.3532E-12    -46.9745E-12    -286.883E-03
            1220     4.51824E-12     329.313E-12     988.701E-03
            1221     200.608E-12     140.211E-12     595.951E-03
            1222    -91.7652E-12     41.5383E-12     633.153E-03
            1223    -78.0396E-12     90.5664E-12     260.074E-03
            1224     36.9751E-12    -73.2798E-12     786.002E-03
            1225     38.0405E-12     263.633E-12    -208.170E-03
            1226     266.893E-12     159.654E-12         2.25675
            1227    -100.969E-12     36.4648E-12         1.25664
            1228    -2.47198E-12     375.271E-12         2.09588
            1229     246.326E-12    -68.0895E-12         8.03074
            1230     37.2933E-12    -93.1454E-12         1.80144
            1231     34.6697E-12     333.770E-12         1.12292
            1232     229.297E-12     57.1892E-12         2.10587
            1233     26.5414E-12    -96.4926E-12         2.61589
            1234     263.604E-12     36.6883E-12         3.84370
            1235    -116.639E-12     84.9991E-12         1.81294
            1236     17.7896E-12    -95.3429E-12         3.80446
            1237     53.3857E-12    -130.113E-12         4.52742
            1238    -14.4538E-12     415.501E-12         3.22897
            1239     44.5216E-12    -123.985E-12         3.87835
            1240    -121.150E-12     26.0800E-12         2.98568
            1241    -144.693E-12    -2.21152E-12         8.08693
            1242     271.683E-12    -100.988E-12         11.3352
            1243    -107.922E-12    -59.7512E-12         10.8031
            1244    -236.106E-12     109.781E-12         6.86421
            1245     253.423E-12    -128.011E-12         11.9961
            1246     197.077E-12    -163.032E-12         11.4824
            1247    -40.7478E-12     466.561E-12         5.01307
            1248    -174.732E-12     85.3298E-12         4.26828
            1249    -13.0238E-12     16.5597E-12        -1.83614
            1250     65.7851E-12     34.4737E-12        -1.95724
            1251     91.6294E-12     151.982E-12        -1.82551
            1252    -26.1846E-12     143.396E-12        -1.58545
            1253     54.9275E-12     194.260E-12        -1.31053
            1254     101.012E-12     149.147E-12        -1.60773
            1255     92.6621E-12     50.0071E-12        -1.42198
            1256    -38.0249E-12     120.731E-12        -1.80147
            1257    -17.6822E-12     160.942E-12        -1.50977
            1258     45.4142E-12    -4.29384E-12        -1.69935
            1259    -17.7440E-12     23.4457E-12        -1.87863
            1260     58.4742E-12     22.4847E-12        -1.92520
            1261    -38.4649E-12     38.3056E-12        -1.50638
            1262     75.0661E-12     160.808E-12        -1.82920
            1263     86.8633E-12     153.931E-12        -1.80764
            1264     81.2667E-12     156.215E-12        -1.82781
            1265    -29.7376E-12     135.634E-12        -1.83703
            1266     68.6691E-12     33.0439E-12        -1.77596
            1267     116.561E-12     66.8853E-12        -1.17930
            1268     49.5574E-12     210.881E-12        -1.02728
            1269    -30.2465E-12     32.7952E-12        -1.64945
            1270    -8.03300E-12     9.40436E-12        -1.78498
            1271     49.4534E-12     4.00575E-12        -1.79152
            1272    -2.17886E-12    -1.89514E-12        -1.57873
            1273     1.05293E-12    -8.85808E-12        -1.41631
            1274    -61.2083E-12     95.3152E-12    -577.939E-03
            1275     4.75431E-12    -16.9095E-12        -1.21300
            1276     83.3756E-12     46.2611E-12        -1.62272
            1277     146.572E-12     72.4876E-12    -503.529E-03
            1278     109.868E-12     147.027E-12        -1.39970
            1279    -32.0660E-12     129.294E-12        -2.02848
            1280    -22.8435E-12     28.3178E-12        -1.81995
            1281     53.7194E-12     11.3111E-12        -1.80866
            1282     13.5571E-12    -35.7171E-12    -703.372E-03
            1283     59.7305E-12     182.534E-12        -1.53515
            1284    -9.79120E-12     180.780E-12        -1.39753
            1285     69.8423E-12     166.751E-12        -1.72787
            1286     17.2819E-12    -56.5397E-12     276.629E-03
            1287     188.250E-12     67.4367E-12     696.374E-03
            1288    -43.0915E-12     112.043E-12        -1.46669
            1289    -3.02582E-12     195.988E-12        -1.38992
            1290    -39.2817E-12     116.897E-12        -1.82867
            1291    -48.6490E-12     44.2707E-12        -1.30426
            1292     42.6930E-12    -17.7154E-12        -1.33064
            1293    -70.7712E-12     43.8775E-12    -377.414E-03
            1294     136.296E-12     142.486E-12    -820.118E-03
            1295    -63.4540E-12     43.2422E-12    -662.962E-03
            1296     39.9581E-12    -34.4075E-12    -796.228E-03
            1297     6.14323E-12     267.970E-12    -223.535E-03
            1298     165.024E-12     136.956E-12    -286.347E-03
            1299     37.2780E-12    -56.4037E-12     20.3107E-03
            1300    -47.7261E-12     105.984E-12        -1.23435
            1301     33.6147E-12     305.171E-12     514.563E-03
            1302     7.66604E-12     307.419E-12     465.856E-03
            1303     183.381E-12     135.246E-12     119.099E-03
            1304     4.27459E-12     237.289E-12    -766.633E-03
            1305     121.408E-12     144.622E-12        -1.14900
            1306     35.4139E-12    -66.3629E-12     376.939E-03
            1307    -84.1626E-12     46.4258E-12     150.759E-03
            1308    -108.618E-12     38.8697E-12         1.53377
            1309    -98.2328E-12     83.2927E-12     997.647E-03
            1310     38.7436E-12     365.015E-12         1.80305
            1311     4.98372E-12     365.150E-12         1.65400
            1312     219.741E-12     143.700E-12         1.07431
            1313     219.868E-12     65.9916E-12         1.61829
            1314     23.2254E-12    -83.0142E-12         1.72376
            1315     272.591E-12     154.067E-12         2.36771
            1316     301.566E-12     172.175E-12         3.13844
            1317     35.2795E-12    -85.1725E-12         1.27888
            1318    -78.1614E-12     44.5495E-12    -73.8335E-03
            1319    -6.82633E-12     390.472E-12         2.51980
            1320     38.6777E-12    -116.018E-12         3.17606
            1321     53.8240E-12    -149.790E-12         5.93404
            1322     62.4497E-12    -113.490E-12         3.77230
            1323    -132.640E-12     29.0648E-12         3.37852
            1324     255.558E-12     60.9902E-12         2.84917
            1325     31.6809E-12    -113.061E-12         3.67291
            1326    -110.915E-12     31.0256E-12         2.03222
            1327    -147.687E-12     78.6561E-12         3.08054
            1328    -24.7974E-12     485.434E-12         5.04286
            1329    -101.476E-12    -74.9175E-12         11.6129
            1330    -138.219E-12    -46.4491E-12         12.2586
            1331    -156.440E-12     10.2559E-12         7.60905
            1332     262.787E-12     49.6188E-12         3.40784
            1333     310.756E-12    -115.861E-12         14.0719
            1334     29.8858E-12    -113.550E-12         4.27660
            1335    -90.2290E-12     549.786E-12         8.52439
            1336    -37.5250E-12     119.262E-12        -1.93692
            1337    -15.3675E-12     22.1096E-12        -1.94345
            1338     61.6710E-12     30.9357E-12        -2.03818
            1339     3.96754E-12    -10.9660E-12        -1.45381
            1340     76.7569E-12     158.683E-12        -1.98350
            1341     88.1303E-12     51.8843E-12        -1.63287
            1342    -10.6246E-12     15.0252E-12        -1.89105
            1343     546.858E-15    -3.78053E-12        -1.62030
            1344     47.3906E-12    -38.4362E-15        -1.75443
            1345    -33.9336E-12     37.6108E-12        -1.67693
            1346    -19.6312E-12     154.843E-12        -1.66601
            1347     94.7948E-12     150.440E-12        -1.80100
            1348    -24.8811E-12     28.1773E-12        -1.71192
            1349     103.650E-12     61.9994E-12        -1.42696
            1350     50.6065E-12     11.8834E-12        -1.98923
            1351     55.5178E-12     189.262E-12        -1.52937
            1352    -40.9500E-12     114.208E-12        -1.73266
            1353     119.813E-12     72.4999E-12        -1.21433
            1354     50.6344E-12     202.762E-12        -1.28268
            1355    -12.7024E-12     171.387E-12        -1.52228
            1356    -29.8155E-12     132.921E-12        -2.03321
            1357     83.0026E-12     155.230E-12        -1.91944
            1358     132.711E-12     73.6986E-12    -892.105E-03
            1359     7.79095E-12    -19.0460E-12        -1.25234
            1360    -20.5959E-12     28.4250E-12        -1.93576
            1361    -26.6073E-12     140.881E-12        -1.81897
            1362     71.6889E-12     163.091E-12        -1.96095
            1363     88.8781E-12     153.109E-12        -1.84243
            1364     55.6766E-12     19.4242E-12        -1.97210
            1365     169.193E-12     73.7536E-12     63.5199E-03
            1366     43.3587E-12    -8.83919E-12        -1.62792
            1367     63.8282E-12     174.303E-12        -1.71452
            1368     76.1037E-12     43.4298E-12        -1.80861
            1369    -5.45929E-12     8.26833E-12        -1.85786
            1370    -43.2844E-12     43.1532E-12        -1.48542
            1371     105.420E-12     146.520E-12        -1.61105
            1372     12.0202E-12    -27.7802E-12        -1.02573
            1373    -54.3228E-12     46.0919E-12        -1.13085
            1374     29.4107E-12     354.427E-12         1.40503
            1375     115.435E-12     144.143E-12        -1.38224
            1376    -33.3890E-12     126.576E-12        -2.03921
            1377    -5.30993E-12     188.808E-12        -1.46267
            1378     15.4540E-12    -44.1210E-12    -359.918E-03
            1379    -67.5250E-12     48.9539E-12    -655.602E-03
            1380     33.8470E-12    -58.9736E-12    -16.4688E-03
            1381     43.6474E-12     233.678E-12    -694.329E-03
            1382     1.55894E-12     211.116E-12        -1.23747
            1383    -63.6418E-12     91.8458E-12    -617.655E-03
            1384     40.6018E-12    -23.4325E-12        -1.20714
            1385     144.702E-12     139.075E-12    -735.828E-03
            1386     37.7934E-12    -42.0760E-12    -577.248E-03
            1387    -45.0507E-12     107.917E-12        -1.51717
            1388     9.14635E-12     281.339E-12    -79.8510E-03
            1389     174.298E-12     132.686E-12    -137.878E-03
            1390     22.5004E-12    -72.4052E-12     917.406E-03
            1391     206.754E-12     73.9882E-12         1.08056
            1392     7.74827E-12     251.148E-12    -625.217E-03
            1393    -73.8238E-12     49.0496E-12    -381.139E-03
            1394     128.245E-12     141.638E-12        -1.09655
            1395     8.57903E-12     335.534E-12     972.630E-03
            1396     220.546E-12     139.829E-12         1.04068
            1397     32.0368E-12     391.038E-12         2.20327
            1398    -78.0499E-12     50.4055E-12    -215.415E-03
            1399     33.6462E-12    -76.6475E-12     784.581E-03
            1400    -98.1381E-12     44.3043E-12     861.641E-03
            1401    -83.2944E-12     84.7089E-12     308.538E-03
            1402     33.3904E-12     278.779E-12    -54.4076E-03
            1403     244.105E-12     147.753E-12         1.65614
            1404     307.880E-12     164.050E-12         3.27651
            1405     2.79531E-12     396.436E-12         2.35048
            1406     35.5795E-12    -106.701E-12         2.47460
            1407     28.7645E-12     322.350E-12     732.233E-03
            1408     36.7441E-12    -130.480E-12         4.08981
            1409     243.800E-12     71.3828E-12         2.23320
            1410     28.8742E-12    -99.0496E-12         2.38136
            1411     42.5198E-12    -141.438E-12         5.05568
            1412     66.5263E-12    -133.454E-12         5.08509
            1413    -124.624E-12     75.8373E-12         2.05880
            1414     299.361E-12     37.9473E-12         5.18027
            1415     30.9746E-12    -129.080E-12         6.24426
            1416    -12.9513E-12     20.6700E-12        -2.00219
            1417     61.4386E-12     36.3828E-12        -2.20971
            1418     89.9310E-12     150.932E-12        -1.99930
            1419    -23.2135E-12     147.070E-12        -1.76572
            1420     98.0327E-12     148.402E-12        -1.80117
            1421     92.6740E-12     57.9612E-12        -1.65337
            1422    -15.6177E-12     163.315E-12        -1.63001
            1423     44.0749E-12    -435.719E-15        -1.88114
            1424    -38.3335E-12     42.4024E-12        -1.66474
            1425     74.8374E-12     160.306E-12        -1.97108
            1426     108.172E-12     67.6793E-12        -1.43366
            1427    -15.3459E-12     26.1747E-12        -2.09715
            1428     58.3371E-12     27.8004E-12        -2.10010
            1429    -58.6956E-12     94.7781E-12    -864.922E-03
            1430     128.200E-12     80.0060E-12        -1.13485
            1431     109.852E-12     143.380E-12        -1.60282
            1432     45.2570E-12     220.856E-12    -992.375E-03
            1433    -2.52644E-12     2.59905E-12        -1.75578
            1434     69.8284E-12     40.6311E-12        -1.97553
            1435    -33.6607E-12     124.818E-12        -2.09550
            1436    -29.8768E-12     36.4530E-12        -1.81341
            1437     48.3172E-12     7.82050E-12        -1.96760
            1438     80.5072E-12     48.5811E-12        -1.80232
            1439     59.9545E-12     179.181E-12        -1.73765
            1440    -8.16212E-12     13.7011E-12        -1.95247
            1441    -38.5414E-12     115.656E-12        -1.97041
            1442     51.1935E-12     196.294E-12        -1.51221
            1443     84.5012E-12     154.076E-12        -1.99833
            1444     10.8097E-12    -20.5078E-12        -1.30731
            1445    -26.9468E-12     137.399E-12        -2.03509
            1446    -48.1991E-12     104.087E-12        -1.37371
            1447     144.994E-12     78.7322E-12    -668.560E-03
            1448     16.4544E-12    -36.1687E-12    -813.224E-03
            1449    -29.5615E-12     129.966E-12        -2.20734
            1450    -7.94102E-12     180.537E-12        -1.55590
            1451    -24.1272E-12     31.6377E-12        -1.89155
            1452     53.0236E-12     15.9610E-12        -1.99925
            1453    -42.8073E-12     111.269E-12        -1.63186
            1454     68.5119E-12     167.027E-12        -1.88199
            1455    -60.1617E-12     49.0160E-12    -973.003E-03
            1456    -66.2494E-12     53.9610E-12    -819.840E-03
            1457    -47.2095E-12     48.0723E-12        -1.48286
            1458     191.097E-12     81.4699E-12     516.015E-03
            1459     38.3607E-12    -29.6669E-12        -1.05511
            1460    -815.616E-15     197.308E-12        -1.47196
            1461     17.7892E-12    -51.5687E-12    -70.9652E-03
            1462     41.2879E-12    -13.6733E-12        -1.54072
            1463     120.783E-12     140.859E-12        -1.34737
            1464     3.31798E-12    -5.43163E-12        -1.66459
            1465     5.81167E-12     225.370E-12        -1.09487
            1466     35.7786E-12    -50.4476E-12    -312.847E-03
            1467     152.556E-12     134.805E-12    -638.976E-03
            1468     10.8589E-12     263.572E-12    -482.827E-03
            1469     23.5380E-12     370.390E-12         1.63716
            1470     28.9681E-12     294.872E-12     148.993E-03
            1471    -72.4988E-12     52.6870E-12    -512.613E-03
            1472     32.2509E-12    -67.9520E-12     330.973E-03
            1473     11.0571E-12     307.505E-12     361.018E-03
            1474     197.244E-12     134.522E-12     438.489E-03
            1475    -89.2485E-12     49.5278E-12     325.521E-03
            1476     38.9850E-12     245.079E-12    -639.587E-03
            1477     134.696E-12     137.848E-12        -1.04056
            1478    -115.121E-12     41.9528E-12         1.76090
            1479    -72.3129E-12     84.3415E-12    -345.909E-03
            1480     38.3358E-12     429.062E-12         3.08575
            1481     8.18702E-12     365.326E-12         1.57530
            1482     25.6849E-12    -85.6957E-12         1.60175
            1483     228.501E-12     80.3249E-12         1.59874
            1484     244.288E-12     142.003E-12         1.62891
            1485     24.3834E-12     334.855E-12     897.540E-03
            1486    -104.397E-12     75.4364E-12         1.15021
            1487    -1.33225E-12     434.190E-12         3.26303
            1488     33.6309E-12    -96.7915E-12         1.81833
            1489     306.850E-12     152.809E-12         3.26480
            1490     343.124E-12     190.075E-12         4.24208
            1491     34.2956E-12    -141.867E-12         5.02108
            1492     74.8838E-12    -178.049E-12         8.59601
            1493     33.7591E-12    -118.913E-12         3.18003
            1494     270.301E-12     78.3692E-12         2.94603
            1495     32.1116E-12    -113.230E-12         3.28047
            1496     296.440E-12     53.7582E-12         4.51675
            1497     293.819E-12     21.0946E-12         5.62229
            1498     16.0312E-12    -112.718E-12         5.81709
            1499     53.1532E-12    -168.805E-12         7.55104
            1500     74.7505E-12     157.679E-12        -2.22513
            1501     64.9961E-12     39.7116E-12        -2.15284
            1502     110.784E-15     1.12734E-12        -1.80520
            1503    -10.5487E-12     19.2770E-12        -2.05832
            1504    -16.5350E-12     156.659E-12        -1.88679
            1505     93.0194E-12     149.570E-12        -1.94976
            1506    -44.4361E-12     107.027E-12        -1.67367
            1507    -33.6277E-12     41.7792E-12        -1.84044
            1508     46.1683E-12     3.76435E-12        -1.93249
            1509     97.3408E-12     63.8161E-12        -1.65999
            1510    -36.9341E-12     117.890E-12        -2.05125
            1511     110.906E-12     73.1305E-12        -1.47256
            1512     41.1150E-12     228.542E-12    -989.168E-03
            1513     51.5109E-12     190.383E-12        -1.73125
            1514    -50.8564E-12     100.467E-12        -1.30282
            1515     33.8326E-12     254.215E-12    -618.950E-03
            1516    -10.2058E-12     172.939E-12        -1.67524
            1517     6.88648E-12    -12.6696E-12        -1.49820
            1518    -31.5414E-12     126.999E-12        -2.18288
            1519     137.640E-12     84.4759E-12    -952.219E-03
            1520    -25.0749E-12     37.1653E-12        -2.05037
            1521     49.3762E-12     15.8069E-12        -2.15864
            1522     15.0190E-12    -28.4749E-12        -1.10826
            1523     81.5638E-12     153.913E-12        -2.17695
            1524    -27.0687E-12     133.707E-12        -2.22267
            1525     160.493E-12     83.0729E-12    -329.697E-03
            1526     68.1783E-12     163.523E-12        -2.17118
            1527     41.9930E-12    -4.80747E-12        -1.81643
            1528     101.075E-12     145.590E-12        -1.82274
            1529    -23.5289E-12     142.871E-12        -2.01998
            1530    -42.6033E-12     47.1345E-12        -1.64322
            1531     64.7517E-12     171.126E-12        -1.88278
            1532     86.4367E-12     152.299E-12        -2.07124
            1533     114.249E-12     139.927E-12        -1.57934
            1534    -18.0722E-12     31.6772E-12        -2.17025
            1535    -50.1326E-12     52.4073E-12        -1.47807
            1536    -5.64504E-12     12.5693E-12        -2.01609
            1537     55.1951E-12     24.6427E-12        -2.15394
            1538     73.8955E-12     46.4431E-12        -1.98421
            1539     36.1822E-12    -36.5358E-12    -867.665E-03
            1540     58.0023E-12     33.1876E-12        -2.26866
            1541    -12.8304E-12     24.7977E-12        -2.15856
            1542     18.0593E-12    -43.7580E-12    -509.138E-03
            1543    -3.51331E-12     187.976E-12        -1.59733
            1544    -40.2026E-12     113.021E-12        -1.89497
            1545     32.2311E-12    -51.4662E-12    -379.940E-03
            1546    -66.1259E-12     58.6395E-12    -896.783E-03
            1547    -60.0958E-12     55.1676E-12        -1.11782
            1548     4.26040E-12     205.885E-12        -1.48738
            1549     83.9338E-12     53.3356E-12        -1.81472
            1550     125.629E-12     137.177E-12        -1.31211
            1551     39.0571E-12    -18.7956E-12        -1.43655
            1552     162.185E-12     129.915E-12    -473.225E-03
            1553     9.50410E-12     237.682E-12    -962.693E-03
            1554     30.6019E-12    -59.4926E-12    -70.6581E-03
            1555    -63.5015E-12     89.4688E-12    -752.173E-03
            1556     6.09803E-12    -6.75071E-12        -1.71316
            1557     192.190E-12     122.276E-12     240.059E-03
            1558     11.8480E-12     290.235E-12     8.12943E-03
            1559     46.5587E-12     210.610E-12        -1.25372
            1560     24.6474E-12    -73.1596E-12     772.852E-03
            1561     211.656E-12     88.4889E-12     987.187E-03
            1562     28.6051E-12     273.124E-12    -333.890E-03
            1563     140.393E-12     132.528E-12    -999.705E-03
            1564    -80.8072E-12     53.5122E-12    -136.795E-03
            1565     25.1474E-12     307.632E-12     335.212E-03
            1566     11.5031E-12     329.918E-12     794.360E-03
            1567     216.482E-12     134.048E-12     905.392E-03
            1568     32.3876E-12    -86.6125E-12         1.22771
            1569    -127.954E-12     37.3592E-12         2.59584
            1570    -104.032E-12     47.0792E-12         1.08467
            1571     24.7766E-12     412.595E-12         2.56887
            1572     20.6981E-12     337.127E-12     894.828E-03
            1573    -86.3755E-12     77.5028E-12     277.727E-03
            1574     273.558E-12     146.392E-12         2.36933
            1575     330.299E-12     197.005E-12         3.93116
            1576     6.84038E-12     400.428E-12         2.33806
            1577     345.565E-12     161.541E-12         4.35921
            1578    -12.6555E-12     450.613E-12         3.93299
            1579     286.290E-12     67.1777E-12         3.75221
            1580     35.6522E-12    -128.865E-12         5.41671
            1581     32.6887E-12    -107.231E-12         2.37568
            1582     251.857E-12     87.8984E-12         2.18646
            1583     29.6516E-12    -99.5083E-12         2.16846
            1584     387.403E-12     172.827E-12         5.64624
            1585    -130.647E-12     66.1103E-12         2.29501
            1586     33.1558E-12    -128.610E-12         3.86498
            1587     337.456E-12     40.5140E-12         6.76383
            1588     270.619E-12    -3.28506E-12         5.72825
            1589     36.7206E-12    -142.048E-12         7.55473
            1590    -120.580E-12     502.201E-12         8.00769
            1591     343.679E-12     503.278E-12         8.59746
            1592     89.9702E-12    -155.381E-12         7.20270
            1593    -41.9490E-12     509.276E-12         6.09621
            1594    -803.230E-15    -119.597E-12         7.85388
            1595    -23.9573E-12    -141.396E-12         11.4261
            1596    -154.485E-12     482.016E-12         8.52198
            1597     49.5624E-12     466.932E-12         4.02411
            1598    -19.8796E-12     149.487E-12        -1.97397
            1599     88.8689E-12     149.021E-12        -2.15018
            1600    -36.3904E-12     116.777E-12        -2.13693
            1601     2.76378E-12    -186.732E-15        -1.85324
            1602     42.6698E-12     3.65656E-12        -2.05679
            1603    -33.1326E-12     123.318E-12        -2.19985
            1604    -38.0467E-12     46.4806E-12        -1.80940
            1605     102.162E-12     68.2218E-12        -1.62079
            1606    -56.3615E-12     94.6529E-12        -1.08376
            1607    -10.3663E-12     23.4984E-12        -2.21595
            1608     60.9633E-12     41.8035E-12        -2.37213
            1609     71.0589E-12     159.775E-12        -2.26551
            1610     76.8007E-12     155.421E-12        -2.28462
            1611     104.769E-12     142.293E-12        -1.81463
            1612     47.2235E-12     196.312E-12        -1.71168
            1613     31.0274E-12     243.821E-12    -940.932E-03
            1614    -15.2256E-12     30.2081E-12        -2.24262
            1615     87.6701E-12     59.4987E-12        -1.85540
            1616     120.845E-12     83.8678E-12        -1.39303
            1617     54.8735E-12     30.3124E-12        -2.32470
            1618     37.6902E-12     230.469E-12        -1.06914
            1619    -253.603E-15     5.90758E-12        -1.97572
            1620     55.7570E-12     180.132E-12        -1.94651
            1621     78.8856E-12     52.6536E-12        -1.97402
            1622     149.372E-12     89.7690E-12    -716.911E-03
            1623    -28.6998E-12     40.8406E-12        -2.01950
            1624     47.0314E-12     11.8263E-12        -2.13961
            1625     71.3340E-12     49.1727E-12        -2.15847
            1626     13.7706E-12    -21.2104E-12        -1.37676
            1627    -42.1508E-12     110.150E-12        -1.79098
            1628    -8.13869E-12     18.0135E-12        -2.11395
            1629    -27.2087E-12     129.732E-12        -2.37799
            1630    -54.3926E-12     56.0588E-12        -1.37936
            1631     19.2465E-12    -36.3671E-12    -896.947E-03
            1632    -5.98233E-12     181.346E-12        -1.65983
            1633    -23.9757E-12     138.213E-12        -2.23021
            1634     36.7546E-12    -24.3073E-12        -1.31138
            1635     82.4901E-12     151.914E-12        -2.25833
            1636     64.3888E-12     168.525E-12        -2.07960
            1637    -41.9135E-12     51.0778E-12        -1.78273
            1638    -21.6811E-12     33.3591E-12        -2.06909
            1639     51.9229E-12     21.2227E-12        -2.20311
            1640    -46.8298E-12     103.161E-12        -1.59660
            1641     176.811E-12     89.3999E-12     22.5194E-03
            1642     1.23661E-12     195.465E-12        -1.62319
            1643     39.8400E-12    -9.24201E-12        -1.74103
            1644     118.057E-12     136.340E-12        -1.55012
            1645     22.3121E-12    -63.3776E-12     335.356E-03
            1646     28.7251E-12    -51.4892E-12    -419.185E-03
            1647     7.71189E-12     216.167E-12        -1.36738
            1648    -58.8976E-12     61.5560E-12        -1.27127
            1649     34.0633E-12    -43.8847E-12    -640.512E-03
            1650     12.8777E-12     249.070E-12    -821.142E-03
            1651     128.453E-12     133.301E-12        -1.30701
            1652     95.0348E-12     147.766E-12        -1.95909
            1653    -13.1226E-12     164.520E-12        -1.79114
            1654     8.87001E-12    -7.60430E-12        -1.76855
            1655     172.166E-12     124.481E-12    -262.244E-03
            1656     13.5861E-12     275.170E-12    -322.613E-03
            1657     24.7137E-12     288.291E-12    -84.7207E-03
            1658    -73.2015E-12     56.3969E-12    -534.760E-03
            1659     150.707E-12     127.219E-12    -793.208E-03
            1660     30.9517E-12    -76.6546E-12     709.737E-03
            1661     13.3716E-12     301.391E-12     190.384E-03
            1662     211.589E-12     127.721E-12     752.464E-03
            1663    -93.9430E-12     54.0756E-12     498.381E-03
            1664    -119.700E-12     45.9342E-12         1.89293
            1665     22.5026E-12     315.306E-12     451.852E-03
            1666    -69.5609E-12     82.1566E-12    -602.880E-03
            1667     17.5161E-12     376.616E-12         1.71993
            1668    -133.612E-12     42.1955E-12         2.71155
            1669     232.612E-12     95.6146E-12         1.49928
            1670     27.6430E-12    -86.8407E-12         1.42865
            1671     11.7886E-12     359.033E-12         1.37974
            1672     240.880E-12     135.083E-12         1.51565
            1673     4.31595E-12     442.291E-12         3.33226
            1674    -153.269E-12     66.6491E-12         3.35745
            1675     267.925E-12    -18.8964E-12         6.36648
            1676     31.4990E-12    -95.6270E-12         1.68614
            1677     28.5301E-12     457.394E-12         3.63268
            1678    -111.382E-12     67.1031E-12         1.38352
            1679    -8.21093E-12     478.069E-12         4.46409
            1680     298.812E-12     89.1987E-12         3.70186
            1681     34.8153E-12    -126.583E-12         4.25854
            1682     390.464E-12     215.464E-12         5.62873
            1683     300.130E-12     139.832E-12         3.11645
            1684     406.008E-12     466.191E-12         9.22983
            1685     32.2646E-12    -115.685E-12         2.92017
            1686     83.3212E-12     467.974E-12         4.34129
            1687     373.075E-12     147.908E-12         5.37522
            1688     33.3384E-12    -135.070E-12         4.47487
            1689     275.805E-12     97.4936E-12         2.79349
            1690     445.309E-12     219.464E-12         7.40789
            1691     31.9495E-12    -112.261E-12         2.94710
            1692     314.186E-12     588.411E-12         10.0968
            1693    -120.324E-12     33.8105E-12         2.37388
            1694    -217.920E-12     466.935E-12         10.2193
            1695     82.4635E-12     59.6527E-12        -2.03011
            1696     65.0975E-12     45.6855E-12        -2.30875
            1697    -12.6250E-12     28.8422E-12        -2.30377
            1698     57.5110E-12     38.6459E-12        -2.43059
            1699    -7.97711E-12     22.3183E-12        -2.26941
            1700     71.6776E-12     156.669E-12        -2.41718
            1701     44.7443E-12     7.87685E-12        -2.11013
            1702     51.4505E-12     185.089E-12        -1.93679
            1703     112.743E-12     86.7411E-12        -1.65750
            1704    -43.9685E-12     105.731E-12        -1.78525
            1705    -29.9022E-12     125.863E-12        -2.34345
            1706     12.6745E-12    -14.4018E-12        -1.61593
            1707    -34.8190E-12     117.623E-12        -2.24167
            1708    -50.8289E-12     98.6965E-12        -1.40213
            1709     92.0307E-12     148.054E-12        -2.06670
            1710     5.41556E-12    -1.22023E-12        -1.90305
            1711    -12.8859E-12     158.463E-12        -2.06167
            1712     128.783E-12     89.0116E-12        -1.25429
            1713     161.797E-12     96.1934E-12    -458.898E-03
            1714     17.8414E-12    -28.5164E-12        -1.19068
            1715    -45.3112E-12     55.5790E-12        -1.75234
            1716     40.5579E-12    -575.201E-15        -1.99451
            1717     63.9180E-12     163.027E-12        -2.38033
            1718    -25.1037E-12     42.8007E-12        -2.23220
            1719    -37.7521E-12     50.5753E-12        -1.93943
            1720    -52.9829E-12     60.9740E-12        -1.52953
            1721     48.0472E-12     19.4380E-12        -2.31081
            1722     34.3322E-12    -30.2153E-12        -1.15802
            1723     108.414E-12     138.603E-12        -1.79342
            1724    -20.2662E-12     143.694E-12        -2.22681
            1725    -24.3216E-12     133.680E-12        -2.40228
            1726     78.0725E-12     153.332E-12        -2.35223
            1727     59.5556E-12     171.410E-12        -2.16396
            1728    -37.3169E-12     114.800E-12        -2.11651
            1729    -61.8406E-12     65.2180E-12        -1.16884
            1730     85.7317E-12     149.699E-12        -2.24235
            1731    -3.23638E-12     15.9363E-12        -2.22659
            1732     74.9623E-12     54.8693E-12        -2.16997
            1733     21.1938E-12    -45.7562E-12    -536.775E-03
            1734    -17.6462E-12     35.7489E-12        -2.32231
            1735    -2.07077E-12     185.693E-12        -1.74005
            1736     51.9731E-12     28.0185E-12        -2.38220
            1737     11.6532E-12    -7.95171E-12        -1.83061
            1738     27.1071E-12     258.441E-12    -684.334E-03
            1739     6.28649E-12     200.194E-12        -1.69241
            1740     37.6182E-12    -13.7901E-12        -1.65497
            1741     11.4580E-12     226.273E-12        -1.25475
            1742     120.994E-12     132.811E-12        -1.53143
            1743     2.31103E-12     4.85014E-12        -2.02580
            1744    -73.4713E-12     60.5033E-12    -561.432E-03
            1745     134.040E-12     128.060E-12        -1.22925
            1746     15.9135E-12     260.730E-12    -645.520E-03
            1747     92.2266E-12     67.1367E-12        -1.89049
            1748     30.2822E-12    -43.9863E-12    -709.593E-03
            1749     41.6887E-12     213.161E-12        -1.40184
            1750     29.3502E-12    -67.3284E-12     267.715E-03
            1751     96.2449E-12     144.424E-12        -2.04393
            1752    -6.38954E-12     175.915E-12        -1.81313
            1753     151.237E-12     113.054E-12    -828.458E-03
            1754    -62.3519E-12     87.4950E-12    -919.600E-03
            1755     28.5385E-12     233.914E-12        -1.20333
            1756     181.798E-12     118.224E-12    -33.0443E-03
            1757     15.6926E-12     288.744E-12    -91.9728E-03
            1758     21.3671E-12     303.716E-12     199.535E-03
            1759     25.6234E-12    -69.6084E-12     490.383E-03
            1760     214.266E-12     102.936E-12     899.825E-03
            1761    -82.0372E-12     57.9273E-12    -118.149E-03
            1762     14.3255E-12     320.515E-12     556.487E-03
            1763     253.360E-12    -41.3726E-12         6.84873
            1764     234.367E-12     127.473E-12         1.34348
            1765     15.3320E-12     345.181E-12         1.05513
            1766    -142.257E-12     33.0851E-12         3.63370
            1767    -105.756E-12     53.8668E-12         1.08952
            1768     30.1759E-12    -84.5707E-12         1.10295
            1769    -135.943E-12     48.6397E-12         2.67229
            1770    -77.5718E-12     75.9923E-12    -253.987E-03
            1771     67.2481E-12     502.937E-12         4.98816
            1772     11.7368E-12     395.124E-12         2.15020
            1773     17.5606E-12     427.983E-12         2.87602
            1774     86.7064E-12     534.243E-12         5.91334
            1775     287.937E-12     126.784E-12         2.84373
            1776     272.186E-12     114.515E-12         2.47397
            1777     209.649E-15     490.455E-12         4.58977
            1778    -95.6868E-12     68.5449E-12     612.752E-03
            1779     29.8903E-12    -96.9175E-12         1.89406
            1780    -158.069E-12     29.1244E-12         4.91093
            1781    -134.858E-12     56.8038E-12         2.52206
            1782     31.3219E-12    -103.218E-12         2.14165
            1783     375.615E-12     225.616E-12         5.21985
            1784     319.953E-12     77.4981E-12         4.74215
            1785     408.271E-12     382.743E-12         7.70917
            1786     40.7676E-12    -142.789E-12         6.68881
            1787     327.085E-12     104.431E-12         4.40737
            1788     33.9108E-12    -125.560E-12         3.87176
            1789     236.535E-12     550.323E-12         7.86999
            1790    -155.833E-12     55.1661E-12         3.58266
            1791    -15.6168E-12     150.896E-12        -2.20768
            1792     85.0140E-12     147.039E-12        -2.36239
            1793    -35.2794E-12     115.153E-12        -2.27204
            1794     41.1142E-12     7.73660E-12        -2.22097
            1795    -33.6946E-12     50.3263E-12        -2.09744
            1796    -56.1979E-12     92.1614E-12        -1.21588
            1797     106.804E-12     80.6044E-12        -1.72567
            1798     69.2607E-12     158.388E-12        -2.41496
            1799     60.0970E-12     46.9733E-12        -2.53052
            1800     100.209E-12     140.820E-12        -2.00659
            1801    -7.68039E-12     26.7160E-12        -2.42192
            1802    -48.2992E-12     60.2717E-12        -1.72084
            1803     73.4047E-12     154.593E-12        -2.45542
            1804     78.0546E-12     60.5431E-12        -2.19628
            1805    -14.8614E-12     34.2283E-12        -2.38617
            1806     54.3417E-12     35.9186E-12        -2.48702
            1807     119.537E-12     92.5252E-12        -1.54447
            1808     16.7423E-12    -21.2781E-12        -1.45186
            1809     4.83232E-12     3.99839E-12        -2.07315
            1810    -30.2295E-12     122.745E-12        -2.41828
            1811     55.0137E-12     176.150E-12        -2.14032
            1812     68.6496E-12     51.6644E-12        -2.32105
            1813    -5.64043E-12     21.1730E-12        -2.31703
            1814    -25.7232E-12     46.5547E-12        -2.31567
            1815     91.4487E-12     145.567E-12        -2.17856
            1816     45.7253E-12     16.1223E-12        -2.30526
            1817    -41.1578E-12     106.182E-12        -2.02996
            1818    -8.96991E-12     161.022E-12        -2.18771
            1819    -24.4983E-12     129.339E-12        -2.54607
            1820     8.04849E-12    -1.78556E-12        -1.95928
            1821     21.4582E-12    -35.3997E-12    -992.711E-03
            1822     35.2008E-12    -18.4176E-12        -1.55732
            1823     14.4326E-12    -7.73505E-12        -1.89849
            1824    -718.370E-15     15.2573E-12        -2.28696
            1825    -3.63095E-12     175.089E-12        -1.98291
            1826    -41.2654E-12     55.0061E-12        -1.90666
            1827     61.3536E-12     167.314E-12        -2.27729
            1828     32.1071E-12    -36.7205E-12    -963.166E-03
            1829    -21.1006E-12     138.052E-12        -2.41636
            1830     43.6332E-12     193.267E-12        -1.92325
            1831    -65.8442E-12     66.1405E-12    -975.948E-03
            1832     26.6667E-12    -44.3088E-12    -705.423E-03
            1833     78.8720E-12     151.195E-12        -2.42393
            1834     174.642E-12     104.995E-12    -181.518E-03
            1835    -46.4694E-12     100.672E-12        -1.73428
            1836     3.13750E-12     191.950E-12        -1.79142
            1837     9.54499E-12     208.131E-12        -1.60283
            1838     38.4537E-12    -4.62469E-12        -1.92913
            1839    -84.4575E-12     69.1536E-12     32.5097E-03
            1840     111.892E-12     134.925E-12        -1.76261
            1841    -20.6257E-12     37.5340E-12        -2.25636
            1842     37.8590E-12     214.622E-12        -1.48566
            1843     49.4497E-12     26.5077E-12        -2.44020
            1844     24.8616E-12     245.589E-12    -984.512E-03
            1845     22.9681E-12    -59.3394E-12     65.4977E-03
            1846     23.3651E-12     273.302E-12    -414.166E-03
            1847     128.571E-12     130.236E-12        -1.35581
            1848     15.1816E-12     235.948E-12        -1.12918
            1849     84.9693E-12     65.8115E-12        -2.08797
            1850     136.800E-12     117.303E-12        -1.21277
            1851     25.2913E-12    -50.2256E-12    -444.532E-03
            1852     96.8856E-12     76.4100E-12        -1.93919
            1853     167.500E-12     114.582E-12    -408.089E-03
            1854     18.2933E-12     274.058E-12    -405.453E-03
            1855    -80.0035E-12     63.7037E-12    -238.437E-03
            1856     219.562E-12     113.663E-12     979.339E-03
            1857     29.8491E-12    -91.3680E-12         1.50111
            1858     18.5034E-12     323.760E-12     598.619E-03
            1859    -70.8111E-12     75.6197E-12    -658.462E-03
            1860     137.484E-12     94.4655E-12        -1.08422
            1861     260.021E-12     127.219E-12         2.03648
            1862    -119.879E-12     51.6462E-12         1.81615
            1863    -101.697E-12     60.6289E-12     869.473E-03
            1864     293.502E-12    -43.2158E-12         9.02423
            1865     27.8804E-12    -80.6449E-12     985.451E-03
            1866     10.9303E-12     440.178E-12         3.18381
            1867     28.4787E-12    -74.4151E-12     619.802E-03
            1868     319.286E-12     125.970E-12         3.81938
            1869    -146.232E-12     24.9891E-12         4.67332
            1870     31.6223E-12    -109.067E-12         2.58177
            1871    -179.513E-12     54.8881E-12         4.81309
            1872    -150.033E-12     38.3181E-12         3.75021
            1873     253.240E-12     104.055E-12         2.01477
            1874     19.1871E-12     478.502E-12         4.10860
            1875     32.8014E-12    -121.969E-12         3.43308
            1876    -4.33580E-12     536.979E-12         6.08751
            1877     356.051E-12     96.1114E-12         5.68999
            1878     38.4190E-12    -147.366E-12         6.60843
            1879     80.6156E-12     65.0644E-12        -2.21293
            1880     66.5503E-12     54.9114E-12        -2.47355
            1881    -6.55428E-12     167.539E-12        -2.08259
            1882    -5.33645E-12     25.4708E-12        -2.46292
            1883    -9.89680E-12     31.4925E-12        -2.48876
            1884     56.7912E-12     43.9415E-12        -2.58351
            1885     68.6901E-12     155.529E-12        -2.56257
            1886     93.1918E-12     141.247E-12        -2.23445
            1887    -29.7710E-12     50.4319E-12        -2.25843
            1888     43.0840E-12     12.6090E-12        -2.29735
            1889     7.24945E-12     3.68801E-12        -2.12855
            1890     104.819E-12     89.5828E-12        -1.91483
            1891     4.39256E-12     8.90914E-12        -2.22827
            1892     110.955E-12     95.5990E-12        -1.81379
            1893     29.9642E-12     215.496E-12        -1.60732
            1894     15.5857E-12    -14.4240E-12        -1.68425
            1895     32.5443E-12    -23.1820E-12        -1.44551
            1896    -44.2860E-12     59.4298E-12        -1.87500
            1897     91.2495E-12     73.3269E-12        -2.04988
            1898    -32.6700E-12     115.921E-12        -2.43436
            1899     20.4790E-12    -28.4152E-12        -1.25166
            1900    -43.2008E-12     102.304E-12        -1.96370
            1901    -26.7825E-12     126.119E-12        -2.52358
            1902     10.6935E-12    -1.84802E-12        -2.02291
            1903    -50.5942E-12     95.8541E-12        -1.54313
            1904     47.0543E-12     184.323E-12        -2.10874
            1905    -37.4314E-12     54.6761E-12        -2.05543
            1906     39.1205E-12     3.67420E-12        -2.15973
            1907     103.549E-12     137.059E-12        -1.97966
            1908     63.8435E-12     159.758E-12        -2.52971
            1909    -17.4261E-12     142.971E-12        -2.42383
            1910    -36.0263E-12     112.400E-12        -2.28283
            1911     56.5387E-12     169.445E-12        -2.35646
            1912     75.0201E-12     62.6731E-12        -2.34707
            1913    -21.5389E-12     133.086E-12        -2.57371
            1914    -3.29546E-12     20.1886E-12        -2.36442
            1915    -22.3819E-12     46.6167E-12        -2.45006
            1916     23.1459E-12    -42.6582E-12    -726.234E-03
            1917     82.1258E-12     147.027E-12        -2.46061
            1918     74.5750E-12     152.377E-12        -2.51580
            1919     44.7031E-12     20.8775E-12        -2.46214
            1920    -10.2427E-12     155.758E-12        -2.30786
            1921    -208.272E-15     183.290E-12        -1.88945
            1922     13.3143E-12     215.691E-12        -1.51965
            1923     36.2393E-12    -8.55454E-12        -1.85899
            1924     8.04859E-12     195.105E-12        -1.86801
            1925    -16.9484E-12     39.9160E-12        -2.47457
            1926    -53.9201E-12     67.2996E-12        -1.56625
            1927     51.4349E-12     33.6027E-12        -2.54033
            1928     18.6323E-12     246.330E-12    -961.976E-03
            1929     26.5185E-12     224.232E-12        -1.43719
            1930     123.512E-12     118.703E-12        -1.57145
            1931     86.8233E-12     143.928E-12        -2.38566
            1932     28.0075E-12    -37.1381E-12    -986.516E-03
            1933     21.3812E-12     259.415E-12    -709.555E-03
            1934     136.251E-12     108.311E-12        -1.21414
            1935     24.6130E-12    -38.4717E-12    -920.511E-03
            1936     98.2377E-12     82.7360E-12        -2.00449
            1937    -72.0473E-12     65.2186E-12    -653.178E-03
            1938     145.756E-12     100.371E-12    -917.566E-03
            1939     39.6645E-12     204.056E-12        -1.71892
            1940    -90.0540E-12     61.8757E-12     276.057E-03
            1941     151.249E-12     106.565E-12    -806.585E-03
            1942     20.0456E-12     289.209E-12    -105.605E-03
            1943     198.818E-12     111.694E-12     425.962E-03
            1944    -56.4688E-12     89.8176E-12        -1.28230
            1945    -49.9865E-12     65.8227E-12        -1.73169
            1946     26.4212E-12    -64.6014E-12     190.288E-03
            1947     126.351E-12     98.0579E-12        -1.41663
            1948    -75.9627E-12     69.7848E-12    -429.730E-03
            1949    -65.3554E-12     81.0959E-12    -894.702E-03
            1950     335.566E-12     143.854E-12         4.17081
            1951    -154.819E-12     45.6090E-12         3.73054
            1952    -179.564E-12     69.3440E-12         4.59383
            1953    -21.0125E-12     531.368E-12         6.22792
            1954     9.86188E-12     489.352E-12         4.44378
            1955     299.372E-12    -18.8322E-12         7.91127
            1956     284.712E-12    -71.4471E-12         10.2651
            1957     34.8321E-12    -138.345E-12         4.98593
            1958     36.1996E-12     502.171E-12         4.78348
            1959     233.179E-12     109.225E-12         1.38300
            1960     1.88758E-12     14.7097E-12        -2.34660
            1961     90.1020E-12     78.4743E-12        -2.17468
            1962     96.3776E-12     138.712E-12        -2.17835
            1963     85.0895E-12     70.8840E-12        -2.18778
            1964    -33.4575E-12     113.005E-12        -2.44347
            1965     6.43219E-12     8.82203E-12        -2.27641
            1966     39.4992E-12     11.3671E-12        -2.36285
            1967    -33.7300E-12     54.4927E-12        -2.20103
            1968     66.8010E-12     157.203E-12        -2.54816
            1969    -53.3250E-12     90.6438E-12        -1.48687
            1970     62.0766E-12     54.9960E-12        -2.63590
            1971    -7.33436E-12     31.5826E-12        -2.57749
            1972     103.296E-12     98.5320E-12        -2.05538
            1973     25.7436E-12     215.692E-12        -1.62725
            1974    -13.4413E-12     148.010E-12        -2.43307
            1975     84.1602E-12     144.512E-12        -2.46013
            1976    -3.37994E-12     167.935E-12        -2.21230
            1977     70.1509E-12     153.524E-12        -2.60306
            1978     9.75815E-12     3.98606E-12        -2.19636
            1979     17.1839E-12    -6.95201E-12        -1.97035
            1980    -14.2071E-12     38.3031E-12        -2.53077
            1981     33.8900E-12    -12.3848E-12        -1.78397
            1982     19.9807E-12    -21.0547E-12        -1.52117
            1983     53.6556E-12     41.3623E-12        -2.63927
            1984     69.5609E-12     59.4287E-12        -2.46672
            1985    -3.24934E-12     24.1483E-12        -2.48883
            1986     23.0551E-12    -34.3286E-12        -1.06293
            1987     78.9671E-12     69.1629E-12        -2.34908
            1988    -25.9567E-12     50.9239E-12        -2.42155
            1989     53.4361E-12     173.292E-12        -2.30260
            1990     42.4529E-12     18.0438E-12        -2.45732
            1991    -41.2158E-12     103.336E-12        -2.09352
            1992    -21.7483E-12     128.345E-12        -2.70927
            1993    -27.0334E-12     122.150E-12        -2.61700
            1994    -40.5788E-12     58.8011E-12        -2.01661
            1995    -57.3093E-12     70.4050E-12        -1.42264
            1996     89.8491E-12     142.850E-12        -2.31006
            1997     98.1121E-12     92.8243E-12        -2.14480
            1998     59.3951E-12     165.124E-12        -2.44126
            1999    -7.00471E-12     158.566E-12        -2.35705
            2000     10.9073E-12     200.384E-12        -1.81007
            2001    -64.9793E-12     75.6721E-12    -997.024E-03
            2002    -18.1889E-12     137.237E-12        -2.59360
            2003     5.11766E-12     188.124E-12        -1.95183
            2004     106.566E-12     132.436E-12        -1.95677
            2005     37.0495E-12     171.301E-15        -2.10689
            2006    -44.8221E-12     99.5523E-12        -1.90548
            2007     125.331E-12     110.938E-12        -1.51709
            2008     17.3637E-12     223.355E-12        -1.42202
            2009    -46.0778E-12     64.5998E-12        -1.88706
            2010     111.576E-12     120.412E-12        -1.90364
            2011     75.9436E-12     147.673E-12        -2.63501
            2012    -19.7847E-12     41.4748E-12        -2.40953
            2013     132.159E-12     103.371E-12        -1.29883
            2014     24.1493E-12    -55.2892E-12    -185.068E-03
            2015     25.5046E-12    -32.4065E-12        -1.15974
            2016     48.7101E-12     31.3770E-12        -2.58418
            2017     43.7288E-12     186.874E-12        -2.10838
            2018    -62.8207E-12     70.8122E-12        -1.13871
            2019     116.433E-12     101.203E-12        -1.71127
            2020     32.9307E-12     207.148E-12        -1.76903
            2021    -50.0746E-12     71.5226E-12        -1.78243
            2022     29.4542E-12    -28.1629E-12        -1.30809
            2023    -60.8940E-12     80.8388E-12        -1.17892
            2024     23.1344E-12     529.788E-12         5.51331
            2025    -175.565E-12     43.0070E-12         4.95172
            2026     385.767E-12     122.561E-12         6.28819
            2027     50.5550E-12     544.224E-12         5.94155
            2028    -206.359E-12     56.4108E-12         6.22545
            2029     8.75599E-12     9.63502E-12        -2.35447
            2030     85.0717E-12     141.317E-12        -2.49932
            2031    -2.65389E-12     162.145E-12        -2.41235
            2032    -9.20981E-12     152.669E-12        -2.45738
            2033     65.0235E-12     58.4036E-12        -2.60380
            2034    -4.56690E-12     29.6291E-12        -2.60887
            2035     65.1802E-12     154.946E-12        -2.68275
            2036    -9.34717E-12     34.6921E-12        -2.59917
            2037     93.0036E-12     136.223E-12        -2.32924
            2038    -14.5452E-12     141.650E-12        -2.60611
            2039    -42.6192E-12     63.2954E-12        -2.01494
            2040     56.0131E-12     49.0644E-12        -2.72360
            2041    -30.0513E-12     54.5928E-12        -2.34975
            2042     40.9319E-12     15.1204E-12        -2.42426
            2043     18.7471E-12     669.294E-15        -2.22875
            2044     78.4937E-12     143.968E-12        -2.65085
            2045    -59.8004E-12     75.8311E-12        -1.28935
            2046    -1.34755E-12     24.0221E-12        -2.54043
            2047     92.5184E-12     87.2395E-12        -2.23807
            2048     18.4914E-12    -13.6967E-12        -1.76040
            2049     12.3050E-12     4.56083E-12        -2.26395
            2050     22.9753E-12    -29.5664E-12        -1.24594
            2051    -33.6431E-12     58.6167E-12        -2.29581
            2052    -29.0104E-12     116.694E-12        -2.63128
            2053    -47.2473E-12     95.5393E-12        -1.81656
            2054     21.9816E-12     231.100E-12        -1.29251
            2055     4.84106E-12     13.7778E-12        -2.39458
            2056     37.7309E-12     7.78323E-12        -2.30704
            2057     96.7682E-12     101.151E-12        -2.26487
            2058     85.5226E-12     75.0793E-12        -2.25606
            2059    -34.2750E-12     110.546E-12        -2.43657
            2060    -42.1268E-12     99.8878E-12        -2.09620
            2061     61.3534E-12     157.017E-12        -2.69948
            2062    -24.4024E-12     125.036E-12        -2.67500
            2063     45.1049E-12     180.439E-12        -2.27472
            2064     71.7933E-12     64.0112E-12        -2.48495
            2065     1.93758E-12     173.088E-12        -2.25178
            2066     53.3932E-12     168.180E-12        -2.49068
            2067     25.8085E-12    -25.6274E-12        -1.40904
            2068     121.193E-12     106.376E-12        -1.61306
            2069    -18.6654E-12     132.014E-12        -2.73836
            2070     34.8941E-12    -3.17516E-12        -2.05170
            2071     115.269E-12     114.960E-12        -1.80094
            2072     7.18854E-12     184.738E-12        -2.09621
            2073    -22.2080E-12     51.1423E-12        -2.57094
            2074     71.1530E-12     151.173E-12        -2.65962
            2075    -53.1671E-12     85.8604E-12        -1.58675
            2076     43.5298E-12     25.7979E-12        -2.61596
            2077    -46.6471E-12     70.3142E-12        -1.93140
            2078     107.151E-12     125.102E-12        -2.00696
            2079    -16.1593E-12     44.1944E-12        -2.61951
            2080     50.6560E-12     39.0029E-12        -2.69144
            2081     107.917E-12     104.069E-12        -1.96918
            2082     31.3159E-12    -15.8398E-12        -1.71047
            2083     36.2006E-12     200.141E-12        -1.89336
            2084     95.0694E-12     133.893E-12        -2.29289
            2085     27.9223E-12     208.780E-12        -1.77299
            2086    -51.0081E-12     76.4850E-12        -1.75803
            2087    -205.812E-12     95.5243E-12         5.61132
            2088    -168.172E-12     34.9058E-12         4.99906
            2089     417.339E-12     122.157E-12         7.74951
            2090     9.76331E-12     538.941E-12         5.88153
            2091     4.15278E-12     19.9020E-12        -2.56132
            2092     73.7973E-12     70.2518E-12        -2.53950
            2093     34.6677E-12     192.551E-12        -2.10476
            2094    -46.6942E-12     90.5676E-12        -1.93281
            2095     37.7905E-12     14.8624E-12        -2.49242
            2096    -30.3517E-12     58.4260E-12        -2.42244
            2097     32.6791E-12    -6.38170E-12        -1.99110
            2098    -30.9021E-12     112.522E-12        -2.60137
            2099     28.4356E-12    -18.0568E-12        -1.66242
            2100     59.4228E-12     154.209E-12        -2.83722
            2101     11.2930E-12     10.3815E-12        -2.42376
            2102     58.2921E-12     56.2932E-12        -2.79281
            2103    -5.85085E-12     35.9485E-12        -2.74249
            2104     14.9109E-12     5.40748E-12        -2.32918
            2105     19.7945E-12    -5.65010E-12        -2.04200
            2106     46.0647E-12     28.7435E-12        -2.60953
            2107    -2.44439E-12     27.3937E-12        -2.60755
            2108     111.801E-12     109.467E-12        -1.88715
            2109     92.3720E-12     95.8474E-12        -2.34440
            2110     22.3420E-12    -18.3335E-12        -1.64499
            2111     67.1859E-12     152.391E-12        -2.72194
            2112    -36.8953E-12     63.8383E-12        -2.26270
            2113     67.8699E-12     62.9926E-12        -2.59797
            2114    -3.21629E-12     155.605E-12        -2.58771
            2115     84.5794E-12     137.193E-12        -2.58096
            2116    -10.6365E-12     40.4868E-12        -2.71218
            2117    -10.7432E-12     146.188E-12        -2.61209
            2118     52.9055E-12     46.7147E-12        -2.78091
            2119    -26.2708E-12     55.2400E-12        -2.51156
            2120     41.1424E-12     22.6400E-12        -2.60568
            2121     81.0475E-12     142.295E-12        -2.60715
            2122    -35.7567E-12     106.451E-12        -2.41053
            2123    -55.2260E-12     76.0515E-12        -1.53829
            2124     51.9896E-12     171.299E-12        -2.41474
            2125    -15.2381E-12     135.984E-12        -2.75929
            2126     15.5041E-12     195.178E-12        -2.01480
            2127    -19.1321E-12     126.885E-12        -2.85767
            2128     22.8045E-12     214.347E-12        -1.64965
            2129    -25.4333E-12     120.064E-12        -2.74242
            2130     47.7759E-12     36.6008E-12        -2.73320
            2131     103.197E-12     128.948E-12        -2.09830
            2132     55.0596E-12     164.140E-12        -2.59246
            2133     11.8661E-12     184.470E-12        -2.20576
            2134     104.885E-12     116.800E-12        -2.09554
            2135     35.7021E-12     5.19254E-12        -2.27751
            2136     94.5226E-12     108.474E-12        -2.37707
            2137    -43.6057E-12     95.5516E-12        -2.06602
            2138    -47.2885E-12     76.0189E-12        -1.94158
            2139     72.6486E-12     145.455E-12        -2.78448
            2140     7.70091E-12     15.0566E-12        -2.49614
            2141     39.9432E-12     182.054E-12        -2.31924
            2142    -15.2606E-12     48.5392E-12        -2.75701
            2143     90.6321E-12     132.804E-12        -2.44455
            2144     3.03293E-12     166.737E-12        -2.45775
            2145    -56.5563E-12     80.8924E-12        -1.43868
            2146    -43.3167E-12     68.7215E-12        -2.06306
            2147    -196.936E-12     41.4436E-12         6.31027
            2148     61.0634E-12     59.4644E-12        -2.76124
            2149    -3.18592E-12     33.8398E-12        -2.76176
            2150     62.4742E-12     152.554E-12        -2.82638
            2151    -27.1655E-12     58.9541E-12        -2.55676
            2152     39.2030E-12     19.0483E-12        -2.56597
            2153     82.5023E-12     138.874E-12        -2.62157
            2154     75.8964E-12     78.1739E-12        -2.60808
            2155    -6.90433E-12     150.792E-12        -2.60913
            2156    -11.5733E-12     140.189E-12        -2.77086
            2157    -8.19183E-12     38.3241E-12        -2.73352
            2158     55.3670E-12     54.0142E-12        -2.84629
            2159     44.9670E-12     33.8946E-12        -2.75871
            2160     47.0167E-12     23.9136E-12        -2.46181
            2161     93.0268E-12     129.800E-12        -2.39817
            2162     87.4903E-12     90.5891E-12        -2.43011
            2163     20.0513E-12     8.53590E-12        -2.46633
            2164     946.433E-15     25.0922E-12        -2.63245
            2165     21.9183E-12     1.97628E-12        -2.28767
            2166     13.8209E-12     11.2396E-12        -2.48617
            2167     49.8051E-12     44.5097E-12        -2.83668
            2168     21.2145E-12    -12.0589E-12        -1.84763
            2169     22.9027E-12    -23.9908E-12        -1.44927
            2170     91.2914E-12     103.393E-12        -2.44079
            2171     74.8799E-12     143.181E-12        -2.77335
            2172    -33.1612E-12     62.7430E-12        -2.39490
            2173     10.3266E-12     16.0413E-12        -2.57164
            2174     30.9501E-12     191.134E-12        -2.17360
            2175     42.2873E-12     30.8769E-12        -2.76574
            2176     103.469E-12     111.535E-12        -2.13003
            2177     87.1892E-12     135.226E-12        -2.52439
            2178     6.86939E-12     20.6283E-12        -2.63884
            2179     36.7635E-12     11.2786E-12        -2.42110
            2180     152.596E-15     160.986E-12        -2.53534
            2181    -26.0071E-12     114.631E-12        -2.81395
            2182    -33.0396E-12     109.074E-12        -2.53428
            2183     82.0529E-12     85.0670E-12        -2.52103
            2184     33.4865E-12     2.40958E-12        -2.23705
            2185     56.8103E-12     159.416E-12        -2.71714
            2186     6.04890E-12     176.967E-12        -2.26445
            2187    -40.0783E-12     66.7791E-12        -2.17680
            2188    -39.8373E-12     97.3726E-12        -2.27728
            2189     24.9252E-12     203.537E-12        -1.89630
            2190    -22.2300E-12     123.411E-12        -2.81277
            2191     15.2319E-12     186.585E-12        -2.20775
            2192     50.5736E-12     163.811E-12        -2.69514
            2193    -15.8222E-12     130.567E-12        -2.89022
            2194     44.9455E-12     174.204E-12        -2.46781
            2195    -43.2995E-12     75.2743E-12        -2.12722
            2196     68.0879E-12     146.986E-12        -2.86162
            2197    -45.3210E-12     80.2858E-12        -2.05278
            2198     100.845E-12     122.300E-12        -2.20544
            2199    -49.6434E-12     85.7307E-12        -1.80201
            2200    -21.9460E-12     56.7450E-12        -2.70477
            2201     35.0185E-12     183.378E-12        -2.33762
            2202    -12.1822E-12     46.6521E-12        -2.81394
            2203     68.7116E-12     69.1823E-12        -2.68730
            2204     27.6467E-12    -10.3146E-12        -1.91667
            2205    -52.5540E-12     80.9332E-12        -1.66834
            2206     25.3183E-12    -18.0655E-12        -1.66844
            2207    -41.3903E-12     93.8970E-12        -2.22082
            2208     329.124E-12    -42.8494E-12         11.0365
            2209     328.672E-12     13.3990E-12         7.66228
            2210     3.52582E-12     25.4568E-12        -2.70330
            2211     12.8604E-12     16.9639E-12        -2.63349
            2212     9.49875E-12     21.6977E-12        -2.71337
            2213     81.7892E-12     134.617E-12        -2.69768
            2214     6.49683E-12     165.859E-12        -2.56577
            2215     24.2454E-12    -9.54235E-12        -1.94447
            2216     35.9159E-12     16.9647E-12        -2.58197
            2217    -30.2735E-12     62.0159E-12        -2.49607
            2218    -322.103E-15     154.130E-12        -2.71873
            2219    -40.3375E-12     72.8474E-12        -2.24014
            2220     58.2421E-12     151.735E-12        -2.93493
            2221     16.2988E-12     12.3352E-12        -2.54445
            2222    -28.5236E-12     110.914E-12        -2.74858
            2223     23.9501E-12     6.79269E-12        -2.42815
            2224    -4.70918E-12     39.9985E-12        -2.87536
            2225     57.6071E-12     59.8599E-12        -2.88415
            2226    -146.228E-15     31.0447E-12        -2.76721
            2227     86.9320E-12     129.484E-12        -2.58610
            2228     87.4571E-12     98.6223E-12        -2.51528
            2229     52.2869E-12     52.1035E-12        -2.90939
            2230    -17.7523E-12     54.7667E-12        -2.81025
            2231     64.0261E-12     67.2653E-12        -2.80651
            2232     25.5780E-12     189.534E-12        -2.22273
            2233     69.0351E-12     75.0888E-12        -2.77627
            2234     39.6380E-12     27.4542E-12        -2.75362
            2235     89.6706E-12     109.078E-12        -2.52068
            2236     64.8472E-12     150.178E-12        -2.84745
            2237    -7.78265E-12     144.577E-12        -2.77074
            2238     97.9953E-12     126.935E-12        -2.26649
            2239     20.9042E-12     196.514E-12        -2.03774
            2240    -24.3676E-12     61.0597E-12        -2.70156
            2241    -42.1534E-12     79.6800E-12        -2.20699
            2242    -12.2848E-12     134.458E-12        -2.91153
            2243     31.3261E-12    -518.702E-15        -2.18198
            2244     75.6389E-12     139.982E-12        -2.80780
            2245     40.9508E-12     36.2508E-12        -2.91383
            2246    -9.39574E-12     44.5329E-12        -2.85042
            2247    -34.7713E-12     102.671E-12        -2.51603
            2248    -43.8245E-12     89.7677E-12        -2.11131
            2249     45.3133E-12     168.749E-12        -2.62742
            2250     13.4413E-12     180.136E-12        -2.33541
            2251     34.6065E-12     11.2204E-12        -2.45863
            2252     19.1229E-12     185.448E-12        -2.28042
            2253    -16.4987E-12     125.157E-12        -2.99558
            2254    -23.0289E-12     118.094E-12        -2.88592
            2255     51.4335E-12     159.422E-12        -2.81797
            2256    -14.1880E-12     52.9094E-12        -2.88873
            2257     68.1739E-12     142.320E-12        -2.96379
            2258     30.1685E-12     184.796E-12        -2.33156
            2259     46.7141E-12     42.1576E-12        -2.88259
            2260     83.2202E-12     93.7955E-12        -2.59380
            2261     73.6278E-12     83.9856E-12        -2.76654
            2262     40.2015E-12     175.323E-12        -2.50366
            2263    -46.3531E-12     85.3009E-12        -1.99338
            2264    -34.3924E-12     68.4021E-12        -2.43717
            2265     77.9789E-12     136.307E-12        -2.79222
            2266     91.5225E-12     125.978E-12        -2.46735
            2267     36.9538E-12     23.2600E-12        -2.71397
            2268     68.3872E-12     80.4293E-12        -2.87962
            2269    -2.16639E-12     38.5494E-12        -2.90605
            2270     59.5529E-12     64.4943E-12        -2.90484
            2271    -4.00161E-12     149.183E-12        -2.75487
            2272     28.0519E-12     244.447E-15        -2.23157
            2273     60.0459E-12     150.362E-12        -2.94164
            2274    -28.0123E-12     61.6055E-12        -2.57583
            2275     32.0636E-12     7.94287E-12        -2.40878
            2276     64.0142E-12     72.6806E-12        -2.89965
            2277     15.2990E-12     17.8864E-12        -2.68504
            2278    -38.5623E-12     93.1801E-12        -2.38149
            2279     55.1080E-12     58.9939E-12        -2.94949
            2280     34.9581E-12     176.034E-12        -2.53458
            2281    -8.52735E-12     138.558E-12        -2.92136
            2282     18.6063E-12     13.8238E-12        -2.60283
            2283    -6.99028E-12     42.2434E-12        -2.86649
            2284    -18.6219E-12     50.1426E-12        -2.67817
            2285    -16.2712E-12     59.3160E-12        -2.94865
            2286     24.9148E-12    -2.27250E-12        -2.16790
            2287     8.72521E-12     27.4815E-12        -2.85086
            2288     43.7409E-12     39.4685E-12        -2.91048
            2289     21.9583E-12    -4.30951E-12        -2.09929
            2290     96.4695E-12     114.275E-12        -2.33613
            2291    -10.8901E-12     50.9534E-12        -2.94886
            2292     86.7110E-12     105.573E-12        -2.58906
            2293     38.2573E-12     32.7186E-12        -2.89895
            2294     9.50272E-12     173.605E-12        -2.42893
            2295     94.3109E-12     120.216E-12        -2.40262
            2296     71.8550E-12     138.915E-12        -2.92934
            2297    -19.5338E-12     61.6375E-12        -2.88336
            2298     16.5152E-12     177.646E-12        -2.44025
            2299    -40.0626E-12     83.7416E-12        -2.31939
            2300     23.3721E-12     181.623E-12        -2.40448
            2301    -31.2459E-12     106.990E-12        -2.65896
            2302    -40.8387E-12     88.9311E-12        -2.27869
            2303    -23.2125E-12     112.572E-12        -2.96159
            2304     55.7382E-12     154.998E-12        -2.88138
            2305     83.9639E-12     132.562E-12        -2.65133
            2306     3.18314E-12     159.660E-12        -2.65623
            2307    -36.6139E-12     97.5187E-12        -2.45998
            2308     49.0335E-12     50.2293E-12        -2.97331
            2309    -13.0312E-12     128.848E-12        -3.02916
            2310    -19.8018E-12     121.583E-12        -2.94917
            2311     45.9879E-12     163.773E-12        -2.76713
            2312     63.3085E-12     142.547E-12        -3.06667
            2313     40.6733E-12     169.198E-12        -2.67260
            2314     3.18383E-12     30.8936E-12        -2.83827
            2315     83.1565E-12     101.428E-12        -2.66642
            2316    -29.3533E-12     65.3009E-12        -2.58935
            2317    -34.6412E-12     74.4678E-12        -2.50188
            2318     12.0947E-12     22.6246E-12        -2.77365
            2319     75.4948E-12     92.6741E-12        -2.81577
            2320     9.86587E-12     164.363E-12        -2.67549
            2321     11.5026E-12     28.3817E-12        -2.91055
            2322     45.6607E-12     48.2106E-12        -3.03066
            2323     59.6905E-12     70.6116E-12        -3.00353
            2324     71.5298E-12     88.5444E-12        -2.88978
            2325    -37.3706E-12     76.5693E-12        -2.40453
            2326     17.5577E-12     18.8260E-12        -2.72740
            2327     55.0225E-12     150.681E-12        -3.01881
            2328     39.3919E-12     41.9812E-12        -3.06334
            2329     3.00933E-12     152.594E-12        -2.84759
            2330     22.3135E-12     11.7196E-12        -2.56092
            2331    -3.90834E-12     43.4482E-12        -2.97652
            2332     709.057E-15     37.2798E-12        -2.94244
            2333     27.0564E-12     6.14380E-12        -2.40273
            2334    -25.9643E-12     108.938E-12        -2.88906
            2335    -37.8754E-12     87.8975E-12        -2.42992
            2336     35.6788E-12     29.3215E-12        -2.87428
            2337     28.6630E-12     176.172E-12        -2.55061
            2338    -7.84366E-12     48.7675E-12        -2.98993
            2339    -22.3368E-12     64.4799E-12        -2.83491
            2340     5.53488E-12     30.1794E-12        -2.86612
            2341    -4.64171E-12     142.890E-12        -2.91717
            2342     61.8633E-12     149.067E-12        -2.94155
            2343     83.3074E-12     126.661E-12        -2.71225
            2344    -25.2867E-12     67.1593E-12        -2.77179
            2345     79.4023E-12     97.0901E-12        -2.74175
            2346     32.9007E-12     15.6131E-12        -2.59666
            2347     51.9545E-12     57.5568E-12        -3.02107
            2348    -31.8299E-12     72.0973E-12        -2.59011
            2349     73.5518E-12     134.121E-12        -2.94318
            2350     13.1747E-12     170.970E-12        -2.56037
            2351    -39.7536E-12     78.5084E-12        -2.31166
            2352    -9.36762E-12     132.697E-12        -3.05015
            2353    -14.6453E-12     63.6717E-12        -3.07422
            2354    -31.4204E-12     100.942E-12        -2.70500
            2355     16.6567E-12     168.483E-12        -2.67212
            2356     41.3564E-12     163.593E-12        -2.82360
            2357     64.7218E-12     137.310E-12        -3.12732
            2358     46.6573E-12     159.095E-12        -2.89528
            2359    -20.2729E-12     116.095E-12        -3.02629
            2360    -13.7572E-12     123.233E-12        -3.12548
            2361     28.5024E-12     11.5234E-12        -2.53810
            2362    -12.8783E-12     57.2912E-12        -3.01590
            2363     14.6781E-12     23.2652E-12        -2.81758
            2364     34.0385E-12     22.1929E-12        -2.73945
            2365     79.3599E-12     130.851E-12        -2.80521
            2366     63.7411E-12     78.0210E-12        -2.99011
            2367     55.5219E-12     64.0656E-12        -3.02540
            2368     83.3620E-12     117.917E-12        -2.72916
            2369    -35.6902E-12     92.1692E-12        -2.53245
            2370     88.0458E-12     113.100E-12        -2.58176
            2371     35.7131E-12     169.081E-12        -2.71416
            2372     79.4425E-12     104.524E-12        -2.79951
            2373     3.89286E-12     36.2290E-12        -2.98172
            2374    -739.248E-15     147.539E-12        -2.89446
            2375     57.4661E-12     147.778E-12        -3.05569
            2376     19.3354E-12     19.5533E-12        -2.75530
            2377    -32.0437E-12     78.4168E-12        -2.64726
            2378     59.6271E-12     76.1188E-12        -3.08955
            2379    -5.35314E-12     46.1883E-12        -3.00102
            2380    -5.49928E-12     136.730E-12        -3.05881
            2381     52.0115E-12     62.9108E-12        -3.11202
            2382     36.6853E-12     37.9716E-12        -3.03747
            2383     14.3853E-12     28.7002E-12        -2.94692
            2384    -17.6710E-12     65.9043E-12        -3.01528
            2385     72.4390E-12     96.1912E-12        -2.94365
            2386     33.1587E-12     26.6761E-12        -2.85523
            2387     74.5370E-12     129.909E-12        -2.95095
            2388     30.8511E-12     13.1432E-12        -2.55906
            2389     83.4503E-12     121.303E-12        -2.72448
            2390    -28.7372E-12     105.042E-12        -2.80142
            2391     42.3295E-12     45.6977E-12        -3.06820
            2392     19.9516E-12     23.7068E-12        -2.85956
            2393     67.4472E-12     134.714E-12        -3.09681
            2394    -20.5581E-12     68.3181E-12        -2.95637
            2395     6.45885E-12     158.114E-12        -2.77374
            2396    -20.3766E-12     110.428E-12        -3.09324
            2397     51.3948E-12     151.009E-12        -3.06152
            2398    -33.5808E-12     96.5410E-12        -2.62206
            2399     48.5820E-12     56.0928E-12        -3.09375
            2400     31.9472E-12     19.9931E-12        -2.71614
            2401     7.45082E-12     33.9705E-12        -2.98879
            2402     36.6582E-12     162.994E-12        -2.87306
            2403     66.6511E-12     88.8841E-12        -3.04251
            2404     82.1025E-12     114.151E-12        -2.76102
            2405    -9.50313E-12     55.3026E-12        -3.07542
            2406    -10.2211E-12     126.932E-12        -3.15700
            2407     61.2098E-12     138.468E-12        -3.18331
            2408     42.0551E-12     158.534E-12        -2.95805
            2409    -37.3157E-12     82.4064E-12        -2.44442
            2410    -17.0963E-12     119.628E-12        -3.08211
            2411    -1.67070E-12     43.8465E-12        -3.03883
            2412     27.6557E-12     17.0223E-12        -2.68387
            2413     55.8559E-12     74.5249E-12        -3.17906
            2414     76.9840E-12     125.612E-12        -2.90526
            2415    -26.5532E-12     73.2885E-12        -2.80957
            2416     30.6899E-12     167.953E-12        -2.75937
            2417    -32.7719E-12     90.7125E-12        -2.67141
            2418     19.7323E-12     165.573E-12        -2.77776
            2419     52.2141E-12     68.1355E-12        -3.18953
            2420     34.2246E-12     34.2542E-12        -3.00303
            2421    -8.16396E-12     59.7379E-12        -3.19011
            2422    -30.6194E-12     94.9878E-12        -2.76597
            2423     51.9912E-12     147.743E-12        -3.13863
            2424     44.9288E-12     54.6990E-12        -3.16677
            2425     32.0568E-12     161.770E-12        -2.92030
            2426     13.2235E-12     162.489E-12        -2.77934
            2427     24.6847E-12     16.0181E-12        -2.67152
            2428     22.2805E-12     26.1333E-12        -2.91967
            2429     79.9205E-12     122.510E-12        -2.82786
            2430     80.5944E-12     110.513E-12        -2.79594
            2431    -13.0847E-12     67.8836E-12        -3.18313
            2432     6.87813E-12     150.888E-12        -2.97558
            2433     59.3735E-12     81.5088E-12        -3.17041
            2434     69.2622E-12     131.076E-12        -3.08651
            2435    -1.41952E-12     141.011E-12        -3.05347
            2436    -23.1953E-12     106.819E-12        -3.02136
            2437     11.1670E-12     34.1670E-12        -3.04182
            2438     69.2762E-12     92.1782E-12        -2.99952
            2439     31.0102E-12     24.1351E-12        -2.82450
            2440     1.40806E-12     43.2979E-12        -3.09278
            2441     58.9496E-12     142.973E-12        -3.14133
            2442     74.5638E-12     126.662E-12        -2.97026
            2443     37.3882E-12     47.4859E-12        -3.20523
            2444     17.0287E-12     28.4450E-12        -2.95955
            2445     55.6668E-12     79.7309E-12        -3.25462
            2446    -23.5379E-12     70.8176E-12        -2.88795
            2447    -6.08623E-12     53.1282E-12        -3.12360
            2448     48.5480E-12     61.8325E-12        -3.19167
            2449    -18.7964E-12     72.1514E-12        -3.06631
            2450     75.8598E-12     100.452E-12        -2.87752
            2451    -6.50797E-12     130.746E-12        -3.17600
            2452     80.1484E-12     118.346E-12        -2.82536
            2453     29.9324E-12     17.9059E-12        -2.68763
            2454    -26.9636E-12     79.7007E-12        -2.86005
            2455    -28.3770E-12     99.1083E-12        -2.85340
            2456     37.5200E-12     157.673E-12        -3.01125
            2457     61.5840E-12     133.133E-12        -3.24939
            2458     42.6608E-12     153.808E-12        -3.08042
            2459    -17.3902E-12     113.967E-12        -3.15541
            2460     8.04127E-12     40.7360E-12        -3.14754
            2461    -10.8976E-12     121.157E-12        -3.24647
            2462    -32.1851E-12     84.6840E-12        -2.68225
            2463    -2.40994E-12     50.0321E-12        -3.15069
            2464    -34.6948E-12     80.5757E-12        -2.55113
            2465     24.9833E-12     22.1845E-12        -2.82227
            2466     72.3658E-12     103.589E-12        -3.00449
            2467     4.71576E-12     42.1562E-12        -3.12824
            2468     14.4913E-12     34.0569E-12        -3.06994
            2469     2.80621E-12     145.659E-12        -3.02923
            2470     54.0942E-12     143.950E-12        -3.19876
            2471     27.6041E-12     23.2254E-12        -2.83379
            2472     69.1983E-12     99.0396E-12        -3.06515
            2473    -21.6082E-12     74.4998E-12        -3.00100
            2474     74.0940E-12     122.196E-12        -2.99949
            2475     16.3799E-12     160.731E-12        -2.86694
            2476     58.9329E-12     86.6880E-12        -3.24457
            2477    -2.57990E-12     134.700E-12        -3.18276
            2478     34.7719E-12     42.6906E-12        -3.16147
            2479     63.2407E-12     89.3434E-12        -3.14924
            2480     70.6236E-12     127.488E-12        -3.07565
            2481    -29.8421E-12     88.8863E-12        -2.79679
            2482     72.0140E-12     124.482E-12        -3.05108
            2483     27.5783E-12     159.826E-12        -2.96794
            2484    -24.3549E-12     76.9860E-12        -2.93141
            2485     11.4320E-12     39.9339E-12        -3.16950
            2486     77.2424E-12     115.004E-12        -2.90835
            2487     52.4368E-12     73.2419E-12        -3.25834
            2488     1.92162E-12     49.4364E-12        -3.22647
            2489     19.2113E-12     28.9024E-12        -2.97879
            2490     76.1057E-12     119.444E-12        -2.94442
            2491     63.6347E-12     130.654E-12        -3.22919
            2492    -25.8938E-12     103.047E-12        -2.93983
            2493    -10.0591E-12     66.0005E-12        -3.23908
            2494     45.0824E-12     61.1690E-12        -3.27024
            2495     47.9689E-12     146.181E-12        -3.22418
            2496     40.6141E-12     53.2811E-12        -3.24257
            2497    -17.4673E-12     108.137E-12        -3.21222
            2498    -4.75480E-12     57.9029E-12        -3.24211
            2499     57.2613E-12     139.001E-12        -3.24718
            2500    -7.37325E-12     124.863E-12        -3.27437
            2501    -15.9861E-12     69.9547E-12        -3.12605
            2502     38.2071E-12     152.807E-12        -3.13449
            2503     29.5727E-12     27.7933E-12        -2.92210
            2504    -1.18219E-12     56.2643E-12        -3.29116
            2505    -14.2323E-12     117.529E-12        -3.20692
            2506     48.8212E-12     67.4131E-12        -3.27148
            2507    -27.7181E-12     93.1842E-12        -2.89103
            2508    -29.5050E-12     82.4519E-12        -2.78126
            2509     13.9698E-12     155.213E-12        -2.97767
            2510     33.0169E-12     156.448E-12        -3.05715
            2511     69.0422E-12     121.313E-12        -3.14241
            2512     71.1279E-12     109.937E-12        -3.07236
            2513     8.89968E-12     46.7495E-12        -3.27872
            2514     65.2445E-12     127.288E-12        -3.21665
            2515    -26.6930E-12     86.7143E-12        -2.91588
            2516     48.6623E-12     142.183E-12        -3.30615
            2517    -6.91834E-12     64.3251E-12        -3.29346
            2518     72.5700E-12     114.312E-12        -3.04308
            2519    -24.6230E-12     82.9682E-12        -2.97248
            2520    -17.0451E-12     75.9407E-12        -3.16498
            2521     67.0229E-12     124.140E-12        -3.18749
            2522     24.3988E-12     31.8282E-12        -3.04283
            2523     5.61745E-12     48.4321E-12        -3.26806
            2524     52.3700E-12     78.1408E-12        -3.32530
            2525     1.61932E-12     138.857E-12        -3.17699
            2526     41.6014E-12     61.2974E-12        -3.35134
            2527     17.8481E-12     33.4652E-12        -3.07589
            2528    -20.3362E-12     104.573E-12        -3.14140
            2529    -11.5935E-12     72.0442E-12        -3.27816
            2530     2.73160E-12     55.5533E-12        -3.35044
            2531     32.6323E-12     38.4840E-12        -3.11121
            2532     49.2511E-12     72.5787E-12        -3.33407
            2533    -24.9626E-12     91.4983E-12        -2.99758
            2534     28.4922E-12     154.872E-12        -3.09621
            2535     66.5622E-12     94.4784E-12        -3.10323
            2536    -25.4818E-12     97.1511E-12        -2.97841
            2537     34.7773E-12     51.7728E-12        -3.32360
            2538    -3.66927E-12     128.644E-12        -3.29013
            2539     14.7591E-12     39.5073E-12        -3.18772
            2540     58.1510E-12     91.3771E-12        -3.31448
            2541     33.7454E-12     151.601E-12        -3.17889
            2542     58.5348E-12     129.595E-12        -3.34951
            2543    -22.2351E-12     80.3703E-12        -3.03755
            2544     68.8166E-12     106.027E-12        -3.12261
            2545     43.1231E-12     149.260E-12        -3.19334
            2546    -14.4253E-12     111.690E-12        -3.27327
            2547     23.7551E-12     153.021E-12        -3.12496
            2548    -299.511E-15     61.8233E-12        -3.39703
            2549    -7.94964E-12     118.956E-12        -3.35751
            2550     45.6147E-12     67.3337E-12        -3.35063
            2551     53.0985E-12     139.040E-12        -3.31183
            2552     69.0058E-12     115.219E-12        -3.14615
            2553    -23.8966E-12     87.4121E-12        -3.02390
            2554     32.1076E-12     46.5792E-12        -3.27039
            2555     6.23959E-12     143.381E-12        -3.15606
            2556    -22.7322E-12     95.0263E-12        -3.08344
            2557     49.8549E-12     76.6790E-12        -3.37265
            2558     29.1848E-12     150.191E-12        -3.21334
            2559     64.3464E-12     96.4115E-12        -3.18534
            2560    -8.72246E-12     70.3664E-12        -3.33166
            2561     54.5489E-12     89.2714E-12        -3.39102
            2562     217.784E-15     132.491E-12        -3.29431
            2563    -12.7526E-12     77.8856E-12        -3.30889
            2564     61.5093E-12     93.8307E-12        -3.24360
            2565     21.0204E-12     35.0257E-12        -3.11598
            2566     11.7817E-12     148.862E-12        -3.10942
            2567     3.18190E-12     61.4079E-12        -3.45025
            2568     57.3030E-12     125.149E-12        -3.41026
            2569     46.3950E-12     73.1909E-12        -3.41256
            2570    -23.0188E-12     100.915E-12        -3.06243
            2571     42.4996E-12     67.8626E-12        -3.42833
            2572     10.2224E-12     52.1056E-12        -3.38990
            2573     43.5165E-12     144.815E-12        -3.29628
            2574    -3.66597E-12     62.9011E-12        -3.34600
            2575     12.0610E-12     45.3779E-12        -3.28403
            2576    -14.5516E-12     105.659E-12        -3.31811
            2577     36.8945E-12     57.0993E-12        -3.37655
            2578     23.9352E-12     36.4121E-12        -3.14067
            2579     18.4387E-12     151.047E-12        -3.13482
            2580     52.0797E-12     134.776E-12        -3.39720
            2581     34.3148E-12     146.997E-12        -3.28930
            2582    -4.47272E-12     122.693E-12        -3.38101
            2583     7.03402E-12     55.3475E-12        -3.40936
            2584     29.4049E-12     38.4060E-12        -3.14638
            2585    -22.4703E-12     85.5395E-12        -3.06539
            2586    -11.2476E-12     115.284E-12        -3.32200
            2587     48.6468E-12     138.076E-12        -3.38647
            2588     17.8885E-12     39.4328E-12        -3.20120
            2589    -17.8220E-12     81.6496E-12        -3.19288
            2590     63.6573E-12     120.107E-12        -3.28641
            2591     15.1978E-12     44.7106E-12        -3.29306
            2592     438.497E-15     67.1178E-12        -3.48378
            2593    -5.75597E-12     68.9482E-12        -3.38377
            2594     43.4220E-12     73.8031E-12        -3.48706
            2595     57.6100E-12     95.7343E-12        -3.36630
            2596     51.6023E-12     82.5172E-12        -3.39725
            2597     66.6673E-12     110.017E-12        -3.19955
            2598     66.1657E-12     117.414E-12        -3.22434
            2599    -22.6718E-12     90.0088E-12        -3.07755
            2600     54.0689E-12     93.9280E-12        -3.44375
            2601     4.33712E-12     136.408E-12        -3.28760
            2602     48.2364E-12     134.035E-12        -3.45880
            2603     13.7604E-12     144.087E-12        -3.25209
            2604     12.9488E-12     50.1639E-12        -3.37901
            2605     26.9169E-12     39.0414E-12        -3.17864
            2606     6.63446E-12     61.8244E-12        -3.50410
            2607    -17.4993E-12     102.161E-12        -3.24661
            2608    -20.8429E-12     88.5840E-12        -3.13565
            2609     38.2780E-12     63.0370E-12        -3.44251
            2610    -20.2766E-12     83.6144E-12        -3.12816
            2611     24.3828E-12     148.632E-12        -3.23536
            2612     43.8185E-12     140.499E-12        -3.38685
            2613     62.5164E-12     105.289E-12        -3.29470
            2614    -15.3121E-12     79.7385E-12        -3.25309
            2615     32.3049E-12     55.4383E-12        -3.41792
            2616    -840.654E-15     126.438E-12        -3.39308
            2617    -10.1503E-12     76.1644E-12        -3.36078
            2618    -20.2218E-12     98.6175E-12        -3.16807
            2619     10.5001E-12     59.1668E-12        -3.50674
            2620     47.8459E-12     79.4757E-12        -3.45533
            2621     54.1549E-12     130.295E-12        -3.42364
            2622     39.0970E-12     143.660E-12        -3.34973
            2623    -11.3827E-12     109.224E-12        -3.38013
            2624    -4.89830E-12     116.683E-12        -3.45827
            2625     20.8026E-12     39.8952E-12        -3.21516
            2626     60.8913E-12     122.864E-12        -3.34443
            2627     53.7239E-12     98.3223E-12        -3.48243
            2628     19.1440E-12     146.694E-12        -3.24608
            2629    -16.0604E-12     85.2887E-12        -3.27094
            2630     51.0166E-12     87.2574E-12        -3.46123
            2631     38.7055E-12     138.493E-12        -3.45938
            2632    -8.71890E-12     80.1338E-12        -3.43174
            2633    -2.70218E-12     67.8536E-12        -3.43447
            2634     58.2264E-12     100.713E-12        -3.38426
            2635     2.94584E-12     130.142E-12        -3.39493
            2636     39.3851E-12     69.0639E-12        -3.50617
            2637     44.2506E-12     136.555E-12        -3.45799
            2638     18.2374E-12     44.7888E-12        -3.30627
            2639     12.2877E-12     56.3871E-12        -3.47851
            2640     23.1749E-12     40.0054E-12        -3.21473
            2641     14.3197E-12     54.2887E-12        -3.45802
            2642     30.1577E-12     51.1610E-12        -3.37210
            2643     60.2070E-12     108.735E-12        -3.36892
            2644     54.9966E-12     126.293E-12        -3.44691
            2645     47.6288E-12     85.4176E-12        -3.52313
            2646     29.7682E-12     145.581E-12        -3.32327
            2647     47.7037E-12     130.358E-12        -3.51677
            2648     33.9386E-12     60.1402E-12        -3.46893
            2649     44.3014E-12     79.2863E-12        -3.53267
            2650     58.2467E-12     117.328E-12        -3.42220
            2651    -11.7338E-12     102.921E-12        -3.40899
            2652     3.62698E-12     66.9255E-12        -3.53231
            2653     63.3938E-12     113.008E-12        -3.29549
            2654    -4.65205E-12     73.5106E-12        -3.46098
            2655     8.81209E-12     140.399E-12        -3.27117
            2656    -1.53835E-12     120.499E-12        -3.47624
            2657    -17.5653E-12     96.1985E-12        -3.25672
            2658    -18.5289E-12     87.0886E-12        -3.20487
            2659    -8.13516E-12     112.901E-12        -3.42768
            2660     52.9952E-12     102.376E-12        -3.52079
            2661     24.6570E-12     44.0953E-12        -3.28739
            2662     1.14289E-12     72.1145E-12        -3.55471
            2663     58.1098E-12     111.468E-12        -3.42668
            2664     40.3611E-12     74.7238E-12        -3.55881
            2665     26.1831E-12     51.3257E-12        -3.40724
            2666     6.88835E-12     133.753E-12        -3.38805
            2667     44.5277E-12     84.3563E-12        -3.57958
            2668     30.0254E-12     58.3813E-12        -3.48902
            2669     47.1952E-12     90.2275E-12        -3.57469
            2670     50.5426E-12     91.9842E-12        -3.51365
            2671     9.88913E-12     63.3441E-12        -3.56061
            2672     44.4632E-12     128.791E-12        -3.57324
            2673    -17.0608E-12     90.5554E-12        -3.26413
            2674     12.7262E-12     61.3919E-12        -3.55653
            2675     15.4643E-12     140.237E-12        -3.36018
            2676     18.4811E-12     49.8574E-12        -3.39839
            2677     25.0330E-12     144.368E-12        -3.33799
            2678     55.3651E-12     117.788E-12        -3.48443
            2679     35.2576E-12     65.2231E-12        -3.52297
            2680    -14.8039E-12     99.5639E-12        -3.33531
            2681    -11.8385E-12     87.5912E-12        -3.40057
            2682    -11.1283E-12     81.8683E-12        -3.38511
            2683     60.8134E-12     115.611E-12        -3.36272
            2684     6.77957E-12     67.2698E-12        -3.57854
            2685    -6.22754E-12     78.6937E-12        -3.47682
            2686     40.0750E-12     134.539E-12        -3.52403
            2687     21.2184E-12     44.9617E-12        -3.31205
            2688     1.96824E-12     124.203E-12        -3.48431
            2689     35.2889E-12     139.400E-12        -3.45382
            2690     51.6643E-12     127.537E-12        -3.49300
            2691    -1.81588E-12     72.6646E-12        -3.50854
            2692    -8.33158E-12     106.501E-12        -3.47516
            2693    -1.71221E-12     114.452E-12        -3.54873
            2694     50.1004E-12     96.3639E-12        -3.55455
            2695    -3.61497E-12     78.0534E-12        -3.52616
            2696     21.7586E-12     50.9357E-12        -3.41726
            2697     20.1649E-12     142.660E-12        -3.34794
            2698     12.8972E-12     64.6470E-12        -3.60210
            2699     14.3904E-12     59.9318E-12        -3.54577
            2700     34.3887E-12     134.390E-12        -3.55132
            2701     30.1590E-12     140.621E-12        -3.43335
            2702     55.9939E-12     113.213E-12        -3.47694
            2703     5.61087E-12     127.738E-12        -3.48426
            2704     53.5542E-12     121.672E-12        -3.50479
            2705    -7.06300E-12     83.8625E-12        -3.49648
            2706     36.4072E-12     70.6672E-12        -3.57680
            2707     43.9803E-12     88.6980E-12        -3.62789
            2708    -15.0491E-12     93.9053E-12        -3.33090
            2709    -12.3192E-12     96.6592E-12        -3.40725
            2710     56.6832E-12     104.982E-12        -3.44435
            2711     1.82989E-12     76.7154E-12        -3.61121
            2712     31.1614E-12     62.6536E-12        -3.53975
            2713     40.8879E-12     131.026E-12        -3.57423
            2714     41.2658E-12     79.7530E-12        -3.59775
            2715     9.91092E-12     68.0579E-12        -3.62122
            2716     24.2457E-12     48.6998E-12        -3.37211
            2717     4.13952E-12     72.0004E-12        -3.59903
            2718    -9.15278E-12     99.8502E-12        -3.48279
            2719     15.9157E-12     52.6094E-12        -3.43790
            2720     4.71717E-12     122.025E-12        -3.56302
            2721    -7.19763E-12     89.7764E-12        -3.52130
            2722     13.1658E-12     134.071E-12        -3.46549
            2723     26.5124E-12     57.6115E-12        -3.50588
            2724     1.43555E-12     118.405E-12        -3.55933
            2725    -4.80756E-12     110.352E-12        -3.52554
            2726     4.49819E-12     116.540E-12        -3.63060
            2727     16.0966E-12     64.4598E-12        -3.61601
            2728     7.13655E-12     72.2730E-12        -3.64001
            2729     55.2737E-12     108.109E-12        -3.48754
            2730     24.4426E-12     54.3942E-12        -3.46679
            2731     42.1218E-12     83.5305E-12        -3.61897
            2732     37.4774E-12     76.1065E-12        -3.62369
            2733     17.0348E-12     136.829E-12        -3.44844
            2734    -10.2106E-12     92.5571E-12        -3.45787
            2735     20.8274E-12     57.5102E-12        -3.52421
            2736     46.7079E-12     94.5411E-12        -3.61514
            2737     16.3056E-12     57.6075E-12        -3.51947
            2738     52.3460E-12     117.718E-12        -3.54495
            2739     13.0165E-12     68.9095E-12        -3.65565
            2740     21.0762E-12     139.038E-12        -3.43356
            2741     54.2881E-12     110.254E-12        -3.51340
            2742     32.2485E-12     136.927E-12        -3.50774
            2743     32.3619E-12     67.2461E-12        -3.58830
            2744    -967.458E-15     77.2928E-12        -3.56953
            2745     28.0896E-12     60.1014E-12        -3.53188
            2746     48.2506E-12     124.356E-12        -3.57352
            2747     36.0952E-12     131.648E-12        -3.59175
            2748    -6.82988E-12     96.4515E-12        -3.53998
            2749     8.19444E-12     125.357E-12        -3.56172
            2750    -2.76911E-12     83.2069E-12        -3.58105
            2751     15.3309E-12     131.125E-12        -3.54380
            2752     49.5735E-12     100.526E-12        -3.58788
            2753    -5.53254E-12     103.438E-12        -3.55305
            2754     1.68069E-12     112.568E-12        -3.62721
            2755     18.6511E-12     133.835E-12        -3.52135
            2756     25.0561E-12     60.8797E-12        -3.56236
            2757     53.5476E-12     113.770E-12        -3.52950
            2758     49.2298E-12     116.915E-12        -3.60375
            2759     30.4686E-12     130.946E-12        -3.61519
            2760     16.3002E-12     74.1175E-12        -3.72810
            2761     29.5838E-12     68.9578E-12        -3.63852
            2762     46.1816E-12     98.4616E-12        -3.64663
            2763     5.11666E-12     80.9564E-12        -3.69210
            2764     10.1526E-12     72.8141E-12        -3.67641
            2765     33.5375E-12     72.3142E-12        -3.63641
            2766     38.6054E-12     81.3943E-12        -3.65962
            2767     44.8375E-12     124.824E-12        -3.61309
            2768     52.3158E-12     106.064E-12        -3.54892
            2769     11.7495E-12     128.298E-12        -3.55675
            2770    -999.237E-15     107.452E-12        -3.62057
            2771     25.1405E-12     136.877E-12        -3.49847
            2772    -4.43782E-12     93.2625E-12        -3.58804
            2773     37.4600E-12     128.894E-12        -3.62638
            2774     5.45328E-12     111.464E-12        -3.69335
            2775     7.38474E-12     120.009E-12        -3.62885
            2776    -3.34268E-12     99.9098E-12        -3.60777
            2777     4.67887E-12     76.6778E-12        -3.65220
            2778    -20.3858E-15     81.5772E-12        -3.61970
            2779     18.4625E-12     61.1283E-12        -3.57661
            2780    -2.21358E-12     90.1245E-12        -3.62374
            2781     14.0889E-12     125.475E-12        -3.62700
            2782     10.5147E-12     123.076E-12        -3.62539
            2783     48.9769E-12     104.965E-12        -3.61496
            2784     51.4591E-12     109.564E-12        -3.57276
            2785     34.6192E-12     77.5610E-12        -3.67968
            2786     43.5336E-12     92.9000E-12        -3.66579
            2787     36.7860E-12     123.779E-12        -3.69382
            2788     18.5574E-12     66.6695E-12        -3.65069
            2789     13.2316E-12     73.4747E-12        -3.70646
            2790     3.97852E-12     107.800E-12        -3.69877
            2791    -1.27530E-12     96.4353E-12        -3.64980
            2792     42.5708E-12     116.225E-12        -3.70314
            2793     28.3466E-12     133.718E-12        -3.56680
            2794     32.4311E-12     128.352E-12        -3.65274
            2795     22.5829E-12     133.600E-12        -3.55039
            2796     402.726E-15     102.722E-12        -3.66744
            2797     27.8105E-12     64.3650E-12        -3.59384
            2798    -268.295E-15     87.2266E-12        -3.64767
            2799     22.8539E-12     63.2258E-12        -3.60337
            2800     2.99200E-12     83.5404E-12        -3.67981
            2801     40.3833E-12     86.7826E-12        -3.67732
            2802     48.5578E-12     111.972E-12        -3.62731
            2803     7.54903E-12     77.0166E-12        -3.69024
            2804     11.0656E-12     113.673E-12        -3.74123
            2805     30.7688E-12     73.7426E-12        -3.68287
            2806     1.96885E-12     99.0657E-12        -3.70154
            2807     26.6518E-12     127.415E-12        -3.66763
            2808     16.6124E-12     78.6915E-12        -3.77042
            2809     42.7137E-12     96.7122E-12        -3.70045
            2810     18.8879E-12     70.1954E-12        -3.69295
            2811     27.5402E-12     70.7400E-12        -3.67570
            2812     45.6446E-12     101.811E-12        -3.66908
            2813     25.3516E-12     140.409E-12        -3.42662
            2814     40.0788E-12     122.827E-12        -3.68004
            2815     20.4368E-12     65.0953E-12        -3.63174
            2816     17.7296E-12     128.347E-12        -3.61212
            2817     4.34142E-12     104.296E-12        -3.72204
            2818     7.91790E-12     81.6854E-12        -3.73033
            2819     40.9885E-12     91.4047E-12        -3.70026
            2820     44.6726E-12     111.968E-12        -3.69036
            2821     7.11550E-12     107.906E-12        -3.74001
            2822     766.827E-15     93.1943E-12        -3.68240
            2823     34.4026E-12     125.875E-12        -3.68058
            2824     12.1327E-12     121.058E-12        -3.67071
            2825     16.0030E-12     121.839E-12        -3.69534
            2826     10.4684E-12     77.4848E-12        -3.72297
            2827     31.7399E-12     78.7102E-12        -3.72372
            2828     20.8292E-12     131.395E-12        -3.58085
            2829     3.80416E-12     87.4846E-12        -3.71158
            2830     46.3852E-12     107.251E-12        -3.66635
            2831     20.2568E-12     125.878E-12        -3.66733
            2832     44.5853E-12     103.871E-12        -3.69252
            2833     37.0317E-12     88.5213E-12        -3.74022
            2834     28.0399E-12     74.6517E-12        -3.71507
            2835     41.1913E-12     120.067E-12        -3.69374
            2836     13.7984E-12     82.5050E-12        -3.78504
            2837     19.7135E-12     79.2068E-12        -3.78152
            2838     3.85749E-12     95.8405E-12        -3.73113
            2839     33.8966E-12     119.995E-12        -3.74722
            2840     5.34371E-12     101.023E-12        -3.74611
            2841     21.7375E-12     69.7021E-12        -3.68714
            2842     35.7375E-12     82.9324E-12        -3.71509
            2843     24.3470E-12     130.104E-12        -3.61946
            2844     10.7729E-12     82.0606E-12        -3.76031
            2845     24.9873E-12     68.5241E-12        -3.66370
            2846     14.2113E-12     112.287E-12        -3.78110
            2847     5.00312E-12     84.6832E-12        -3.71414
            2848     28.9473E-12     124.868E-12        -3.70461
            2849     16.5832E-12     115.925E-12        -3.76671
            2850     41.1079E-12     111.782E-12        -3.73842
            2851     38.7726E-12     94.6413E-12        -3.75105
            2852     16.8872E-12     83.1800E-12        -3.80413
            2853     42.5564E-12     103.911E-12        -3.72450
            2854     37.3800E-12     111.884E-12        -3.77705
            2855     6.27760E-12     92.9444E-12        -3.76011
            2856     36.5198E-12     117.948E-12        -3.74925
            2857     32.7046E-12     83.9365E-12        -3.75858
            2858     22.3303E-12     74.5700E-12        -3.73861
            2859     11.2123E-12     86.5021E-12        -3.78930
            2860     6.03685E-12     89.1025E-12        -3.74695
            2861     12.0176E-12     108.149E-12        -3.79062
            2862     19.4397E-12     119.786E-12        -3.74306
            2863     31.3026E-12     122.403E-12        -3.73145
            2864     17.4902E-12     111.289E-12        -3.81047
            2865     8.90923E-12     102.143E-12        -3.78565
            2866     33.6849E-12     89.4343E-12        -3.78555
            2867     14.0574E-12     86.4823E-12        -3.80939
            2868     28.7863E-12     79.3892E-12        -3.75517
            2869     22.8783E-12     123.603E-12        -3.71113
            2870     39.5885E-12     101.402E-12        -3.76220
            2871     33.2970E-12     112.727E-12        -3.80292
            2872     35.9923E-12     106.582E-12        -3.80336
            2873     22.7912E-12     79.4757E-12        -3.78242
            2874     20.0559E-12     83.9061E-12        -3.81582
            2875     9.53686E-12     91.4496E-12        -3.79242
            2876     16.1626E-12     108.133E-12        -3.82190
            2877     29.5629E-12     84.3821E-12        -3.78935
            2878     34.5649E-12     95.1859E-12        -3.80360
            2879     25.2380E-12     74.4713E-12        -3.72888
            2880     25.5282E-12     121.257E-12        -3.74678
            2881     12.3592E-12     90.6469E-12        -3.81446
            2882     14.2899E-12     100.021E-12        -3.83655
            2883     16.9672E-12     87.4162E-12        -3.82793
            2884     9.38543E-12     97.7179E-12        -3.79760
            2885     22.3148E-12     117.653E-12        -3.77791
            2886     19.3481E-12     114.251E-12        -3.79739
            2887     35.0737E-12     100.937E-12        -3.81234
            2888     28.0914E-12     118.858E-12        -3.77322
            2889     23.2375E-12     84.3505E-12        -3.81742
            2890     19.4569E-12     107.366E-12        -3.84198
            2891     21.3497E-12     111.400E-12        -3.82609
            2892     17.3057E-12     103.822E-12        -3.84592
            2893     20.2316E-12     88.6241E-12        -3.84140
            2894     14.5979E-12     94.9128E-12        -3.83864
            2895     30.7070E-12     116.294E-12        -3.79083
            2896     30.2681E-12     89.5094E-12        -3.81591
            2897     11.0717E-12     94.7843E-12        -3.81232
            2898     16.4670E-12     91.3394E-12        -3.84091
            2899     25.7923E-12     79.5162E-12        -3.77356
            2900     31.8230E-12     106.657E-12        -3.83378
            2901     22.5814E-12     105.706E-12        -3.85632
            2902     29.5583E-12     111.021E-12        -3.82782
            2903     29.7113E-12     100.405E-12        -3.85079
            2904     23.7151E-12     89.3884E-12        -3.84404
            2905     30.5213E-12     94.8131E-12        -3.83615
            2906     18.7017E-12     96.6962E-12        -3.85920
            2907     19.9287E-12     93.0787E-12        -3.85640
            2908     24.8248E-12     115.313E-12        -3.80425
            2909     26.9096E-12     89.1780E-12        -3.83361
            2910     22.5893E-12     99.4519E-12        -3.86686
            2911     24.8079E-12     109.349E-12        -3.84312
            2912     26.3727E-12     84.4144E-12        -3.80822
            2913     24.7037E-12     95.3552E-12        -3.86170
            2914     28.1348E-12     107.467E-12        -3.84681
            2915     25.8714E-12     103.283E-12        -3.86181
            2916     431.542E-12     185.308E-12         7.09894
            2917     26.9326E-12    -154.871E-12         9.92579
            2918    -28.1530E-12     579.248E-12         8.15016
            2919    -194.433E-12     548.926E-12         11.5716
            2920    -62.6124E-12     556.627E-12         8.07232
            2921     33.7608E-12    -148.744E-12         5.83870
            2922     370.347E-12     567.370E-12         10.7325
            2923    -161.004E-12     20.8885E-12         6.34815
            2924    -160.844E-12     788.205E-15         9.42231
            2925    -174.683E-12     16.7677E-12         8.75512
            2926    -249.948E-12     146.320E-12         7.36139
            2927    -132.612E-12     561.722E-12         10.0562
            2928     2.63077E-12    -140.377E-12         9.70773
            2929    -79.4291E-12    -137.256E-12         14.9316
            2930    -174.057E-12     26.2870E-12         6.47048
            2931     258.598E-12     613.243E-12         9.81207
            2932    -143.271E-12    -27.5698E-12         10.9618
            2933     81.4871E-12     577.367E-12         7.02984
            2934     335.533E-12     62.4057E-12         5.82325
            2935     100.675E-12    -181.849E-12         9.36975
            2936     38.9713E-12    -152.936E-12         7.98145
            2937     42.8487E-12    -150.561E-12         8.22022
            2938    -275.601E-12     479.689E-12         12.5232
            2939     445.450E-12     158.938E-12         8.11105
            2940    -244.897E-12     335.331E-12         8.62652
            2941     288.340E-12    -154.078E-12         14.9570
            2942     498.117E-12     242.148E-12         9.28745
            2943     332.317E-12    -14.2428E-12         9.45199
            2944     323.008E-12    -76.8904E-12         12.6398
            2945     227.480E-12    -149.754E-12         12.0441
            2946    -221.074E-12     396.701E-12         8.83336
            2947     338.444E-12     635.754E-12         11.8083
            2948     422.275E-12     557.434E-12         11.7925
            2949    -7.06702E-12     575.821E-12         7.67521
            2950     122.396E-12    -176.039E-12         9.54795
            2951     34.5964E-12    -159.292E-12         7.93104
            2952    -145.540E-12    -12.7644E-12         9.53914
            2953     384.717E-12     81.4003E-12         7.43069
            2954     375.888E-12     47.5478E-12         8.44569
            2955     39.9031E-12    -151.782E-12         8.89705
            2956    -136.575E-12     620.289E-12         12.1080
            2957    -215.107E-12     41.6301E-12         7.70427
            2958    -199.775E-12     31.6693E-12         7.86736
            2959    -183.022E-12     379.481E-12         7.11356
            2960     152.998E-12    -187.548E-12         11.2515
            2961    -50.5641E-12     589.785E-12         9.05013
            2962    -267.224E-12     261.573E-12         8.65073
            2963    -13.6050E-12    -94.4209E-12         6.31735
            2964    -185.994E-12     32.4263E-12         6.40727
            2965     32.5307E-12     587.486E-12         7.31051
            2966     460.036E-12     391.790E-12         9.32713
            2967     430.706E-12     323.063E-12         7.50485
            2968     177.189E-12     544.320E-12         7.00030
            2969    -253.930E-12     94.0653E-12         7.93550
            2970    -210.640E-12     76.5987E-12         6.04209
            2971    -172.130E-12    -142.128E-12         21.5344
            2972     289.291E-12    -275.034E-12         20.4230
            2973     633.314E-12     646.240E-12         20.4212
            2974    -354.607E-12     668.792E-12         19.5988
            2975     597.352E-12     463.906E-12         15.1516
            2976     565.988E-12     383.429E-12         12.7050
            2977     125.355E-12     652.184E-12         9.50875
            2978     297.618E-12     689.804E-12         12.5314
            2979    -390.679E-12     380.932E-12         14.4341
            2980    -292.698E-12     145.545E-12         9.17803
            2981    -182.254E-12    -31.6145E-12         15.0553
            2982    -415.712E-12     480.662E-12         16.9608
            2983     172.099E-12    -249.503E-12         15.4325
            2984    -178.353E-12    -11.6973E-12         12.8861
            2985    -331.485E-12     208.321E-12         10.6562
            2986    -234.075E-12     60.1101E-12         7.73902
            2987    -53.4027E-12    -165.386E-12         15.2741
            2988    -364.458E-12     288.026E-12         12.4140
            2989    -182.071E-12    -97.2731E-12         19.5266
            2990     4.98458E-12    -158.588E-12         11.3246
            2991     357.732E-12    -134.772E-12         17.1424
            2992     226.658E-12    -266.849E-12         17.9731
            2993    -87.8508E-12    -164.728E-12         17.4778
            2994    -185.390E-12    -58.5700E-12         17.3204
            2995     361.528E-12    -82.4783E-12         15.0292
            2996     81.1770E-12    -204.851E-12         10.7391
            2997     121.863E-12    -219.484E-12         12.4286
            2998     54.1150E-12    -185.195E-12         9.29592
            2999    -200.104E-12     635.772E-12         14.2339
            3000    -23.0391E-12    -162.611E-12         13.1583
            3001     69.2805E-12     623.225E-12         8.45520
            3002     199.116E-12     676.056E-12         10.8029
            3003     620.604E-12     550.216E-12         17.7573
            3004     517.310E-12     301.812E-12         10.1174
            3005     10.8907E-12     579.179E-12         7.43133
            3006    -274.089E-12     653.598E-12         16.8584
            3007     342.045E-12    -201.813E-12         19.2211
            3008     467.640E-12     732.857E-12         17.7317
            3009     385.998E-12     718.489E-12         15.1484
            3010    -187.252E-12     25.2743E-12         8.22881
            3011    -93.3844E-12    -101.077E-12         13.1693
            3012     446.567E-12     250.262E-12         7.44422
            3013     40.4515E-12    -156.471E-12         6.36780
            3014    -128.303E-12    -67.8358E-12         13.2537
            3015    -175.438E-12     3.28045E-12         10.8555
            3016    -162.504E-12    -12.2321E-12         11.2190
            3017     141.789E-12    -201.960E-12         11.7660
            3018     36.6484E-12    -166.839E-12         7.89584
            3019     483.610E-12     559.907E-12         13.6184
            3020    -265.705E-12     313.457E-12         9.16070
            3021    -287.465E-12     207.170E-12         9.04426
            3022     475.103E-12     319.330E-12         8.80843
            3023     474.843E-12     471.490E-12         11.3039
            3024    -114.705E-12    -87.0815E-12         13.6870
            3025     176.357E-12    -192.506E-12         12.3662
            3026     472.021E-12     198.610E-12         8.61756
            3027     251.414E-12    -180.037E-12         14.6388
            3028     361.938E-12    -43.4663E-12         12.9905
            3029    -83.6119E-12     597.612E-12         10.0210
            3030     19.8998E-12    -127.029E-12         7.11848
            3031     127.411E-12     595.749E-12         7.86243
            3032    -109.739E-12    -125.570E-12         16.1992
            3033    -127.466E-12    -13.9896E-12         7.87321
            3034    -163.564E-12    -28.9359E-12         13.0278
            3035    -266.720E-12     397.765E-12         10.4986
            3036     402.248E-12     632.950E-12         13.2149
            3037     357.992E-12    -277.492E-12         22.9428
            3038     639.666E-12     742.494E-12         23.0709
            3039    -127.544E-12    -157.693E-12         19.6082
            3040    -439.300E-12     677.614E-12         22.2958
            3041     513.696E-12     390.885E-12         11.0093
            3042     537.554E-12     468.672E-12         13.2589
            3043     176.343E-12    -219.128E-12         13.9171
            3044     362.132E-12    -11.1578E-12         11.1372
            3045    -342.935E-12     478.931E-12         14.6977
            3046     210.674E-12    -191.953E-12         13.6356
            3047     555.002E-12     649.017E-12         18.0816
            3048     550.834E-12     557.942E-12         15.6943
            3049    -351.345E-12     576.972E-12         17.1603
            3050     190.137E-12     611.269E-12         8.87757
            3051     276.168E-12    -223.544E-12         17.6137
            3052     477.417E-12     647.538E-12         15.6753
            3053    -318.446E-12     371.668E-12         11.9456
            3054     220.939E-12    -227.358E-12         15.8515
            3055    -135.853E-12    -107.529E-12         16.8330
            3056     296.298E-12    -791.147E-15         6.78893
            3057    -432.339E-12     580.088E-12         19.6336
            3058     551.244E-12     741.158E-12         20.4171
            3059    -274.170E-12     568.582E-12         14.5809
            3060    -13.1670E-12     63.6913E-12    -120.126E-03
            3061     36.6850E-12     72.8757E-12    -113.055E-03
            3062     366.961E-12     18.1401E-12         9.56639
            3063    -12.5512E-12     87.1165E-12    -122.116E-03
            3064    -6.33865E-12     120.920E-12     8.64733E-03
            3065    -19.9830E-12     75.5354E-12    -62.5834E-03
            3066    -36.5775E-12     85.1199E-12    -416.759E-03
            3067    -23.8514E-12     83.6686E-12    -157.814E-03
            3068     35.5594E-12    -18.4190E-12     110.712E-03
            3069    -63.6296E-12     242.254E-12         1.62762
            3070     39.8570E-12    -5.58220E-12    -388.280E-03
            3071    -13.1691E-12    -1.06504E-12    -339.247E-03
            3072    -51.8699E-12    -13.6672E-12         1.63597
            3073    -6.74718E-12    -14.4406E-12     172.724E-03
            3074    -27.2263E-12     11.3214E-12    -106.805E-03
            3075    -152.814E-12    -80.7251E-12         16.1721
            3076    -160.441E-12    -52.7988E-12         14.7594
            3077    -34.0769E-12     76.5863E-12    -358.575E-03
            3078     63.9816E-12     115.733E-12    -409.898E-03
            3079    -29.1826E-12     93.7089E-12    -342.994E-03
            3080     73.2519E-12     105.209E-12    -73.9787E-03
            3081     92.7820E-12     110.355E-12     104.232E-03
            3082    -50.4274E-12    -143.479E-12         13.3578
            3083     50.9915E-12     151.008E-12    -127.843E-03
            3084    -22.3475E-12     92.9290E-12    -317.026E-03
            3085    -114.043E-12     156.505E-12         1.93659
            3086    -129.145E-12     161.843E-12         2.49207
            3087     46.5172E-12    -107.206E-15    -534.888E-03
            3088     49.5298E-12    -2.08205E-12    -654.875E-03
            3089     44.9964E-12    -8.50926E-12    -472.190E-03
            3090     41.9510E-12    -31.0722E-12     272.778E-03
            3091     44.5925E-12    -44.4857E-12     725.087E-03
            3092    -31.3162E-12     88.0650E-12    -54.8019E-03
            3093    -33.5566E-12     93.7339E-12    -168.809E-03
            3094    -312.931E-12     279.745E-12         10.5204
            3095     110.665E-12    -69.2661E-12         2.58629
            3096     139.067E-12    -71.6365E-12         3.52827
            3097    -48.4769E-12     270.133E-12         1.73934
            3098    -14.0844E-12    -851.162E-15    -454.168E-03
            3099    -15.5229E-12     994.098E-15    -558.746E-03
            3100    -7.43211E-12    -15.1329E-12     69.8840E-03
            3101    -19.1823E-12     6.71623E-12    -390.572E-03
            3102    -36.4652E-12     15.7657E-12    -177.533E-03
            3103    -57.5994E-12     4.55018E-12         1.01965
            3104     23.8309E-12    -141.767E-12         8.52754
            3105    -43.3629E-12     550.610E-12         7.38965
            3106     34.9247E-12    -149.956E-12         6.33375
            3107    -140.948E-12     6.44927E-12         6.66542
            3108     410.457E-12     153.501E-12         6.72109
            3109     424.860E-12     265.475E-12         6.83931
            3110    -41.3032E-12     86.8307E-12     213.612E-03
            3111     70.9308E-12     103.044E-12    -449.844E-03
            3112     75.2554E-12     114.852E-12    -560.130E-03
            3113     77.3190E-12     118.533E-12    -615.758E-03
            3114     279.789E-12     7.93356E-12         5.63526
            3115     66.3400E-12     113.476E-12    -248.527E-03
            3116    -36.0912E-12     91.8830E-12    -521.536E-03
            3117    -40.4578E-12     78.0604E-12     309.913E-03
            3118    -7.79336E-12    -14.1095E-12    -130.392E-03
            3119     73.8895E-12     125.411E-12    -630.347E-03
            3120     52.7243E-12     176.727E-12    -93.9418E-03
            3121    -129.640E-12     190.415E-12         2.57954
            3122    -107.021E-12     247.465E-12         2.48699
            3123    -33.0492E-12     99.4005E-12    -393.894E-03
            3124     46.2030E-12    -13.9042E-12    -370.321E-03
            3125    -36.7371E-12     17.4758E-12    -340.849E-03
            3126    -13.3136E-12    -2.55249E-12    -467.816E-03
            3127    -16.5503E-12     3.32752E-12    -786.601E-03
            3128     45.0405E-12    -42.1261E-12     437.104E-03
            3129    -40.8262E-12     95.3721E-12    -38.7432E-03
            3130    -42.5224E-12     99.0124E-12    -176.765E-03
            3131    -95.3914E-12     109.340E-12         1.43063
            3132    -43.5563E-12     20.2158E-12    -256.706E-03
            3133    -50.4039E-12     14.5241E-12     341.845E-03
            3134     168.783E-12    -167.787E-12         10.6193
            3135     355.969E-12     262.998E-12         4.91939
            3136    -127.411E-12     3.59918E-12         5.76040
            3137    -124.320E-12     9.20029E-12         4.88815
            3138     70.1583E-12    -155.134E-12         6.69243
            3139     394.870E-12     196.507E-12         5.76724
            3140     352.489E-12     124.985E-12         4.97058
            3141     89.6483E-12    -81.5338E-12         2.71290
            3142     165.596E-12    -88.7692E-12         5.45395
            3143    -53.9205E-12     92.3535E-12     443.521E-03
            3144    -11.2626E-12    -6.23808E-12    -377.174E-03
            3145    -9.05976E-12     208.213E-12     301.233E-03
            3146     77.6894E-12     127.107E-12    -383.391E-03
            3147    -8.45757E-12    -12.2017E-12    -344.638E-03
            3148     98.8643E-12     24.6868E-12    -28.9597E-03
            3149     71.1620E-12    -77.2453E-12         2.21553
            3150    -12.2125E-12    -4.78688E-12    -500.000E-03
            3151    -11.4587E-12    -5.88984E-12    -572.378E-03
            3152    -39.0266E-12     109.003E-12    -831.035E-03
            3153    -70.4312E-12     359.384E-12         3.49733
            3154     49.8556E-12    -7.00202E-12    -699.109E-03
            3155     259.222E-12     11.7128E-12         4.60412
            3156     37.0611E-12    -138.707E-12         5.37155
            3157    -49.7073E-12    -124.655E-12         11.7873
            3158    -19.0649E-12     6.72982E-12    -679.132E-03
            3159    -133.312E-12     269.314E-12         3.52138
            3160    -145.167E-12     239.444E-12         3.52167
            3161    -36.2184E-12     105.216E-12    -592.441E-03
            3162    -37.7031E-12     107.831E-12    -716.360E-03
            3163     76.2297E-12     136.209E-12    -798.781E-03
            3164     75.7878E-12     19.2578E-12    -414.272E-03
            3165    -7.78791E-12     229.631E-12     287.903E-03
            3166    -10.8807E-12     248.350E-12     702.175E-03
            3167    -125.538E-12     347.200E-12         4.61710
            3168     88.0836E-12     146.323E-12    -993.543E-03
            3169     47.6001E-12    -55.7337E-12         1.01267
            3170    -31.7411E-12     16.5695E-12    -558.281E-03
            3171    -42.6686E-12     22.2541E-12    -452.597E-03
            3172    -51.9376E-12     19.9750E-12     61.9213E-03
            3173    -6.67873E-12    -15.1193E-12    -391.432E-03
            3174    -115.166E-12     2.49060E-12         4.83962
            3175    -98.1001E-12     15.9030E-12         2.42476
            3176    -128.997E-12     126.526E-12         2.52657
            3177    -103.133E-12     103.377E-12         1.54589
            3178     160.449E-12    -145.987E-12         8.93128
            3179     53.3938E-12     195.591E-12    -71.2339E-03
            3180     59.3196E-12     175.516E-12    -525.113E-03
            3181     62.5598E-12     172.461E-12    -735.453E-03
            3182     37.8355E-12    -136.461E-12         5.57877
            3183     194.490E-12     13.1452E-12         2.31815
            3184     49.5724E-12    -9.55672E-12    -664.201E-03
            3185     47.1213E-12    -20.3855E-12    -349.257E-03
            3186    -22.3650E-12     10.6000E-12    -724.709E-03
            3187    -49.8862E-12     94.4996E-12     254.404E-03
            3188     195.538E-12     438.774E-12         4.78248
            3189     45.3752E-12    -49.7989E-12     557.615E-03
            3190     348.735E-12     178.318E-12         4.40801
            3191     299.119E-12     110.559E-12         3.36213
            3192     35.6878E-12    -126.710E-12         4.71077
            3193     350.135E-12     414.783E-12         6.83735
            3194     79.2225E-12    -94.2874E-12         3.14889
            3195     158.452E-12    -105.571E-12         6.21778
            3196     87.7067E-12     133.700E-12    -420.635E-03
            3197     90.0780E-12     129.518E-12    -289.836E-03
            3198     330.190E-12     344.778E-12         5.22640
            3199    -39.8535E-12     112.960E-12    -974.828E-03
            3200     243.350E-12     421.287E-12         5.03240
            3201    -54.6813E-12     405.272E-12         4.04760
            3202    -19.8274E-12     8.73605E-12    -874.432E-03
            3203    -231.337E-12     238.812E-12         6.98134
            3204    -205.725E-12     181.477E-12         5.59876
            3205     788.756E-15    -96.4720E-12         5.44796
            3206     178.137E-12    -128.188E-12         8.52470
            3207    -37.4100E-12     106.104E-12    -626.058E-03
            3208    -37.9861E-12     107.447E-12    -690.066E-03
            3209    -38.4900E-12     108.382E-12    -739.234E-03
            3210     77.3191E-12     145.682E-12    -970.760E-03
            3211     80.3697E-12     144.636E-12        -1.05523
            3212     83.2799E-12     145.536E-12        -1.13928
            3213     50.0079E-12    -66.8563E-12         1.34451
            3214     44.8224E-12    -55.1320E-12     663.666E-03
            3215    -4.40776E-12    -18.4916E-12    -415.750E-03
            3216     47.8560E-12    -21.5805E-12    -482.913E-03
            3217     46.9227E-12    -27.8571E-12    -320.166E-03
            3218     112.786E-12    -111.580E-12         4.97457
            3219     6.35052E-12    -55.6521E-12         1.33849
            3220     6.32052E-12    -88.0083E-12         4.15629
            3221    -36.0802E-12     20.9416E-12    -683.439E-03
            3222    -129.206E-12     113.094E-12         2.48239
            3223    -16.2989E-12     262.428E-12         1.04903
            3224    -26.0290E-12     14.5827E-12    -795.907E-03
            3225    -14.1474E-12     273.328E-12         1.08517
            3226     54.3360E-12     199.776E-12    -281.305E-03
            3227     59.0733E-12     185.234E-12    -714.572E-03
            3228     61.1293E-12     182.166E-12    -928.275E-03
            3229     99.7930E-12     138.176E-12    -411.167E-03
            3230    -117.004E-12     58.7916E-12         1.63151
            3231     229.374E-12     160.822E-12         1.60086
            3232     219.575E-12     155.274E-12         1.29745
            3233    -5.11964E-12     417.386E-12         3.00148
            3234    -52.4820E-12     29.8249E-12    -517.370E-03
            3235    -47.1602E-12     30.5791E-12    -775.928E-03
            3236    -59.4963E-12     30.2475E-12    -258.804E-03
            3237    -38.8710E-12     107.729E-12    -698.123E-03
            3238    -39.9568E-12     105.712E-12    -578.905E-03
            3239    -11.4441E-12    -617.726E-15        -1.06092
            3240    -20.2340E-12     11.0438E-12        -1.04791
            3241    -27.5113E-12    -98.8514E-12         7.80281
            3242    -350.656E-15     386.812E-12         2.24746
            3243     52.1880E-12     245.538E-12     394.942E-03
            3244     72.3734E-12     152.726E-12    -925.104E-03
            3245    -12.5631E-12     1.74755E-12        -1.12147
            3246     79.2876E-12     21.6915E-12    -483.589E-03
            3247     85.7686E-12     24.4726E-12    -447.702E-03
            3248    -13.6551E-12     6.16874E-12        -1.30168
            3249     86.3869E-12     147.353E-12        -1.20962
            3250     92.4227E-12     149.328E-12        -1.10552
            3251    -8.95446E-12     301.068E-12         1.17254
            3252     24.9120E-12    -113.514E-12         5.01085
            3253     5.30512E-12    -108.895E-12         6.34372
            3254    -15.4791E-12     11.2540E-12        -1.44961
            3255    -19.5071E-12     14.8176E-12        -1.36587
            3256    -29.2901E-12     18.4618E-12    -893.591E-03
            3257    -38.3756E-12     24.4989E-12    -815.520E-03
            3258    -39.8411E-12     27.0727E-12    -901.348E-03
            3259     268.932E-12     137.117E-12         2.25578
            3260     248.517E-12     117.837E-12         1.76215
            3261     194.405E-12     96.3746E-12     414.616E-03
            3262     84.3776E-12     27.1842E-12    -695.317E-03
            3263    -66.1956E-12     27.7349E-12     142.700E-03
            3264     82.1510E-12     150.555E-12        -1.31484
            3265     9.93570E-12    -60.1367E-12         1.32571
            3266    -8.40150E-12     201.739E-12    -596.169E-03
            3267     52.2262E-12     213.545E-12    -276.768E-03
            3268     54.8513E-12     200.572E-12    -484.161E-03
            3269     57.1289E-12     193.502E-12    -898.608E-03
            3270     234.982E-12     154.312E-12         1.54259
            3271    -109.788E-12     48.9006E-12         1.34062
            3272     62.6417E-12     179.728E-12        -1.13772
            3273     75.6166E-12     154.187E-12        -1.14252
            3274     177.391E-12     146.077E-12     291.213E-03
            3275     2.25695E-12     357.448E-12         1.59766
            3276     84.7177E-12     25.5141E-12    -559.082E-03
            3277    -21.6181E-12     12.9326E-12        -1.06765
            3278    -35.3360E-12     22.8380E-12    -862.319E-03
            3279     11.0948E-12    -98.5518E-12         4.80722
            3280    -27.3479E-12     18.2021E-12        -1.01000
            3281     51.0630E-12     218.929E-12    -378.346E-03
            3282     42.4539E-12     292.025E-12     587.858E-03
            3283     80.9748E-12     154.556E-12        -1.48707
            3284     67.6000E-12     170.664E-12        -1.34799
            3285     91.6750E-12     30.4737E-12    -624.872E-03
            3286    -71.7671E-12     88.1931E-12    -221.500E-03
            3287     17.0568E-12     305.917E-12     237.958E-03
            3288    -48.0365E-12     106.014E-12    -878.799E-03
            3289     226.786E-12     120.039E-12         1.15073
            3290    -11.8268E-12     183.654E-12    -947.710E-03
            3291    -4.06249E-12     215.852E-12    -709.902E-03
            3292    -35.9422E-12     122.930E-12        -1.95479
            3293    -34.5670E-12     127.676E-12        -1.83854
            3294    -17.5360E-12     16.2226E-12        -1.56905
            3295    -21.4664E-12     19.2448E-12        -1.47747
            3296     52.5909E-12    -2.65588E-12        -1.29952
            3297     69.8937E-12     30.4036E-12        -1.60472
            3298    -45.2852E-12     108.937E-12        -1.35496
            3299     216.597E-12     147.650E-12         1.06031
            3300     49.7250E-12     221.932E-12    -518.217E-03
            3301     38.6067E-12     285.674E-12     317.399E-03
            3302     6.12203E-12     342.937E-12         1.18560
            3303    -23.5814E-12     149.079E-12        -1.46419
            3304    -53.9678E-12     100.347E-12    -892.520E-03
            3305    -49.9201E-12     103.726E-12        -1.11003
            3306     50.9726E-12    -2.67769E-12        -1.44734
            3307     17.4928E-12    -71.0052E-12         1.39084
            3308     13.0318E-12    -59.9917E-12     964.387E-03
            3309     207.341E-12     120.750E-12     631.777E-03
            3310    -23.2942E-12     18.7207E-12        -1.32985
            3311    -27.6728E-12     20.4545E-12        -1.14900
            3312    -14.7817E-12     172.250E-12        -1.16830
            3313     71.9954E-12     38.0918E-12        -1.80028
            3314     71.0250E-12     165.968E-12        -1.55337
            3315     79.4370E-12     157.085E-12        -1.66136
            3316    -35.4751E-12     121.378E-12        -2.06521
            3317     27.4686E-12    -58.6134E-12    -109.337E-03
            3318    -19.7051E-12     20.9776E-12        -1.66691
            3319    -23.7049E-12     22.9396E-12        -1.53130
            3320     108.154E-12     148.841E-12        -1.07274
            3321     104.961E-12     54.3220E-12        -1.17417
            3322     20.4841E-12    -62.4660E-12     415.665E-03
            3323     19.6384E-12    -56.8684E-12     123.865E-03
            3324    -56.6072E-12     97.3539E-12    -868.447E-03
            3325     98.4758E-12     56.0692E-12        -1.42316
            3326     42.9681E-12     259.532E-12    -25.1374E-03
            3327     42.3746E-12     247.970E-12    -358.802E-03
            3328     189.010E-12     128.321E-12     187.021E-03
            3329    -53.6560E-12     98.7395E-12        -1.10433
            3330    -24.6043E-12     20.8882E-12        -1.36755
            3331    -4.72517E-12     86.2108E-15        -1.54329
            3332    -27.5889E-12     23.4619E-12        -1.33405
            3333     159.544E-12     121.541E-12    -602.705E-03
            3334     147.332E-12     119.167E-12    -928.687E-03
            3335    -68.9408E-12     70.4029E-12    -811.271E-03
            3336    -35.0241E-12     119.648E-12        -2.16579
            3337    -32.7301E-12     121.262E-12        -2.29418
            3338     138.536E-12     112.975E-12        -1.16509
            3339     34.6863E-12     228.252E-12        -1.22388
            3340     66.8199E-12     170.673E-12        -1.71298
            3341     78.3321E-12     158.159E-12        -1.83032
            3342    -22.1649E-12     25.1032E-12        -1.71797
            3343    -26.4915E-12     26.0107E-12        -1.52794
            3344    -51.4615E-12     49.4167E-12        -1.34778
            3345     78.5687E-12     157.192E-12        -2.03465
            3346     80.1211E-12     155.572E-12        -2.10448
            3347    -33.6596E-12     46.0300E-12        -1.97710
            3348    -29.4681E-12     45.9375E-12        -2.14634
            3349     55.7848E-12     184.623E-12        -1.74075
            3350     46.7368E-12     203.715E-12        -1.47926
            3351     9.78567E-12    -13.8749E-12        -1.55098
            3352    -60.2963E-12     86.0446E-12        -1.11464
            3353    -56.9176E-12     85.7845E-12        -1.34782
            3354     21.0011E-12    -57.1249E-12     55.6883E-03
            3355     121.054E-12     76.9827E-12        -1.27057
            3356     45.6465E-12     236.083E-12    -456.616E-03
            3357     114.794E-12     78.6677E-12        -1.47278
            3358    -51.3427E-12     101.723E-12        -1.12305
            3359     43.1881E-12     217.135E-12        -1.22178
            3360    -2.84645E-12     7.06562E-12        -1.92022
            3361    -3.08145E-12     11.5327E-12        -2.07801
            3362    -5.70188E-12     16.8836E-12        -2.16983
            3363     31.9769E-12     222.744E-12        -1.41275
            3364     19.4473E-12    -50.6623E-12    -219.313E-03
            3365    -27.3972E-12     31.6197E-12        -1.73568
            3366    -26.6340E-12     34.3836E-12        -1.88101
            3367     43.1390E-12     201.245E-12        -1.69756
            3368    -66.9129E-12     62.3935E-12    -899.409E-03
            3369    -49.9800E-12     90.8291E-12        -1.71415
            3370     70.9850E-12     164.527E-12        -1.86958
            3371     72.1336E-12     161.215E-12        -2.09976
            3372    -9.80537E-12     166.508E-12        -1.94272
            3373    -32.4967E-12     118.716E-12        -2.37962
            3374    -38.8111E-12     111.478E-12        -2.08367
            3375    -29.7203E-12     120.078E-12        -2.51810
            3376     74.6512E-12     159.219E-12        -2.10540
            3377     34.9352E-12     212.720E-12        -1.60283
            3378     140.972E-12     124.224E-12        -1.07415
            3379     131.646E-12     121.515E-12        -1.33972
            3380     82.5331E-12     149.574E-12        -2.36168
            3381    -46.1231E-12     51.7766E-12        -1.62889
            3382    -17.9805E-12     27.5317E-12        -2.02681
            3383    -54.1389E-12     51.8678E-12        -1.29707
            3384     60.0880E-12     175.479E-12        -1.93786
            3385     67.9313E-12     43.7777E-12        -2.14384
            3386     47.3649E-12     189.626E-12        -1.92347
            3387    -23.3405E-12     39.9072E-12        -2.21791
            3388     79.2547E-12     148.934E-12        -2.49488
            3389    -25.4581E-12     30.4067E-12        -1.77812
            3390     101.690E-12     73.3760E-12        -1.73929
            3391     21.1944E-12    -51.7924E-12    -242.997E-03
            3392     130.153E-12     114.841E-12        -1.39257
            3393    -41.4618E-12     108.545E-12        -1.92969
            3394    -49.5832E-12     56.1371E-12        -1.58561
            3395     68.1848E-12     165.612E-12        -2.03054
            3396     36.9844E-12     205.675E-12        -1.73788
            3397     39.8417E-12     196.242E-12        -1.92597
            3398    -523.888E-15     10.6380E-12        -2.13693
            3399     126.310E-12     125.410E-12        -1.46484
            3400     67.5692E-12     161.567E-12        -2.31103
            3401     75.2616E-12     149.978E-12        -2.58359
            3402     79.1869E-12     146.546E-12        -2.56798
            3403     88.0265E-12     146.517E-12        -2.27313
            3404    -22.5123E-12     42.8564E-12        -2.34075
            3405    -28.0581E-12     123.696E-12        -2.52045
            3406     49.7591E-12     22.4798E-12        -2.32563
            3407     118.477E-12     123.153E-12        -1.69394
            3408     50.8118E-12     180.433E-12        -2.12543
            3409     39.5842E-12     189.220E-12        -2.12556
            3410    -10.1009E-12     27.6490E-12        -2.36277
            3411     13.3602E-12    -1.46272E-12        -2.08968
            3412     16.0306E-12    -631.995E-15        -2.15832
            3413     71.9948E-12     57.1390E-12        -2.32885
            3414    -38.7286E-12     108.036E-12        -2.17756
            3415    -36.2702E-12     109.396E-12        -2.32619
            3416     18.9508E-12     209.877E-12        -1.72321
            3417     14.8064E-12     205.237E-12        -1.77460
            3418     122.282E-12     129.148E-12        -1.53933
            3419     113.703E-12     128.393E-12        -1.79395
            3420     67.0092E-12     159.971E-12        -2.41733
            3421     76.7581E-12     146.019E-12        -2.65523
            3422     2.01148E-12     9.83086E-12        -2.19018
            3423    -941.771E-15     19.7627E-12        -2.42394
            3424     115.459E-12     132.170E-12        -1.69982
            3425     64.4919E-12     165.607E-12        -2.23085
            3426     30.8453E-12     201.224E-12        -1.92901
            3427    -43.6714E-12     103.808E-12        -1.87939
            3428     49.5847E-12     176.719E-12        -2.28857
            3429     99.1072E-12     135.581E-12        -2.14341
            3430     101.049E-12     132.000E-12        -2.12927
            3431     81.4732E-12     144.520E-12        -2.54650
            3432    -5.51623E-12     162.542E-12        -2.29239
            3433    -872.489E-15     174.140E-12        -2.12406
            3434     2.01910E-12     181.139E-12        -2.03468
            3435    -38.6328E-12     104.715E-12        -2.25084
            3436     71.7158E-12     148.385E-12        -2.73198
            3437    -52.6004E-12     72.8542E-12        -1.66587
            3438    -48.8331E-12     80.7929E-12        -1.87155
            3439    -19.2151E-12     45.6739E-12        -2.54630
            3440    -12.2935E-12     32.7870E-12        -2.44020
            3441     63.4232E-12     50.6000E-12        -2.49059
            3442     10.7630E-12     191.694E-12        -2.01015
            3443     17.5188E-12     6.61123E-12        -2.39383
            3444    -5.54400E-12     157.139E-12        -2.45902
            3445     86.6018E-12     81.9798E-12        -2.33931
            3446     81.5886E-12     76.1986E-12        -2.39682
            3447     30.3051E-12    -9.14528E-12        -1.93436
            3448     1.54733E-12     19.7867E-12        -2.49408
            3449    -37.0686E-12     58.8675E-12        -2.16290
            3450    -40.1159E-12     61.9576E-12        -2.09649
            3451    -11.6625E-12     36.5813E-12        -2.57326
            3452    -38.9158E-12     101.171E-12        -2.28876
            3453     100.503E-12     106.497E-12        -2.19249
            3454     60.1518E-12     161.443E-12        -2.56463
            3455    -261.784E-15     167.517E-12        -2.33719
            3456     4.23009E-12     178.900E-12        -2.16310
            3457     28.0826E-12     196.157E-12        -2.06119
            3458    -43.1485E-12     84.6377E-12        -2.16628
            3459     59.1152E-12     51.8450E-12        -2.67358
            3460     78.5787E-12     88.7931E-12        -2.67611
            3461    -13.3002E-12     42.4562E-12        -2.67442
            3462     67.9875E-12     150.179E-12        -2.77294
            3463     96.7832E-12     130.690E-12        -2.27557
            3464     90.1557E-12     138.246E-12        -2.38940
            3465    -37.3447E-12     70.6253E-12        -2.34379
            3466    -11.4683E-12     61.6657E-12        -3.13382
            3467    -26.6959E-12     63.8968E-12        -2.66653
            3468     8.67194E-12     179.878E-12        -2.25171
            3469    -31.6750E-12     66.4435E-12        -2.51664
            3470     87.4642E-12     139.972E-12        -2.44691
            3471     29.4378E-12    -3.48183E-12        -2.11365
            3472     27.4246E-12    -4.26461E-12        -2.10246
            3473     48.9972E-12     172.631E-12        -2.43973
            3474     5.11133E-12     172.529E-12        -2.35788
            3475     6.19759E-12     25.9789E-12        -2.77040
            3476     83.0932E-12     142.209E-12        -2.54475
            3477     78.4517E-12     141.454E-12        -2.70251
            3478     20.6468E-12     16.1519E-12        -2.67339
            3479     49.5387E-12     168.224E-12        -2.57218
            3480     51.5519E-12     155.089E-12        -2.94538
            3481     20.1974E-12     174.568E-12        -2.55398
            3482     23.7246E-12     170.537E-12        -2.68137
            3483     64.4234E-12     146.448E-12        -2.95697
            3484     26.0954E-12     165.218E-12        -2.82600
            3485    -28.8865E-12     69.1196E-12        -2.66610
            3486     88.2936E-12     118.557E-12        -2.58211
            3487     25.9747E-12     2.67664E-12        -2.30975
            3488     67.3549E-12     85.1967E-12        -2.97647
            3489     63.3180E-12     83.3582E-12        -3.07624
            3490     29.4843E-12     5.16240E-12        -2.35994
            3491     64.2728E-12     62.1675E-12        -2.70504
            3492    -35.0112E-12     86.5045E-12        -2.56357
            3493     47.0868E-12     154.611E-12        -3.01636
            3494     10.0315E-12     156.498E-12        -2.88523
            3495     58.9361E-12     134.562E-12        -3.28536
            3496     26.0808E-12     10.2296E-12        -2.51711
            3497     22.1211E-12     19.5491E-12        -2.76179
            3498     17.2367E-12     23.6509E-12        -2.84619
            3499     22.0346E-12     161.985E-12        -2.88780
            3500     47.4056E-12     150.248E-12        -3.12925
            3501     23.1408E-12     157.551E-12        -3.00779
            3502    -29.3697E-12     75.9198E-12        -2.73130
            3503    -14.3649E-12     73.9402E-12        -3.22302
            3504    -19.6956E-12     78.0888E-12        -3.10248
            3505     34.3410E-12     18.3032E-12        -2.64177
            3506     83.4696E-12     108.297E-12        -2.70074
            3507     86.7421E-12     123.313E-12        -2.62238
            3508     55.6232E-12     134.843E-12        -3.34108
            3509     31.7831E-12     30.9408E-12        -2.96682
            3510     81.4345E-12     140.576E-12        -2.62691
            3511     79.3245E-12     139.587E-12        -2.70746
            3512     60.7392E-12     146.478E-12        -3.02940
            3513     23.0939E-12     22.5544E-12        -2.83517
            3514     21.6453E-12     30.5490E-12        -3.01959
            3515     57.1939E-12     131.388E-12        -3.35694
            3516     60.1069E-12     127.177E-12        -3.33713
            3517     75.9997E-12     108.672E-12        -2.92506
            3518     18.9199E-12     159.368E-12        -2.92864
            3519     18.5968E-12     155.618E-12        -3.02156
            3520    -7.44265E-12     74.6574E-12        -3.41128
            3521     55.8129E-12     69.2949E-12        -3.10215
            3522     30.2893E-12     34.9159E-12        -3.06727
            3523     27.5734E-12     32.2237E-12        -3.03478
            3524     29.5228E-12     21.7108E-12        -2.78306
            3525     11.0360E-12     137.189E-12        -3.37468
            3526     55.1822E-12     84.6028E-12        -3.32613
            3527     50.9542E-12     130.918E-12        -3.46632
            3528     56.7610E-12     121.893E-12        -3.43994
            3529     24.5750E-12     27.0960E-12        -2.93777
            3530     38.7359E-12     148.202E-12        -3.24645
            3531    -13.5817E-12     83.5915E-12        -3.33150
            3532     65.0391E-12     101.209E-12        -3.20124
            3533     73.3485E-12     117.624E-12        -3.02515
            3534     30.8632E-12     41.7256E-12        -3.19553
            3535     9.33014E-12     131.034E-12        -3.47733
            3536     71.2900E-12     119.120E-12        -3.08291
            3537     15.6443E-12     49.2406E-12        -3.37857
            3538     44.4637E-12     132.689E-12        -3.51947
            3539     26.5591E-12     27.4598E-12        -2.93727
            3540    -20.1442E-12     92.3251E-12        -3.17035
            3541     34.8188E-12     142.751E-12        -3.38482
            3542     51.4605E-12     124.885E-12        -3.51997
            3543     50.3989E-12     121.095E-12        -3.56402
            3544    -5.38344E-12     82.0073E-12        -3.52081
            3545    -9.33965E-12     85.8860E-12        -3.45518
            3546    -14.4805E-12     88.7854E-12        -3.33367
            3547     28.2451E-12     54.5881E-12        -3.44614
            3548     60.6454E-12     97.8814E-12        -3.30046
            3549     27.6495E-12     47.6329E-12        -3.33383
            3550     29.2084E-12     44.1278E-12        -3.25742
            3551     17.9176E-12     54.3894E-12        -3.47351
            3552     47.5035E-12     127.728E-12        -3.55053
            3553    -13.3003E-12     91.7792E-12        -3.37597
            3554     51.5776E-12     114.509E-12        -3.56774
            3555    -4.82277E-12     86.9035E-12        -3.56074
            3556     41.0534E-12     127.318E-12        -3.62279
            3557     21.8419E-12     135.920E-12        -3.50197
            3558     27.8078E-12     137.086E-12        -3.50191
            3559     49.5832E-12     127.641E-12        -3.52344
            3560     47.1144E-12     120.641E-12        -3.61768
            3561     45.8848E-12     116.403E-12        -3.65823
            3562     1.55928E-12     85.0481E-12        -3.66679
            3563     38.4875E-12     126.717E-12        -3.64894
            3564     23.4362E-12     57.4998E-12        -3.51899
            3565     13.5028E-12     78.0350E-12        -3.75004
            3566     25.0417E-12     133.686E-12        -3.55918
            3567     16.0300E-12     69.5251E-12        -3.67810
            3568     2.47627E-12     80.6715E-12        -3.65315
            3569     7.79995E-12     114.976E-12        -3.69204
            3570     10.2850E-12     118.299E-12        -3.68524
            3571     43.9487E-12     120.493E-12        -3.66024
            3572     2.54324E-12     90.2974E-12        -3.70348
            3573     43.2664E-12     107.602E-12        -3.71626
            3574     39.9095E-12     106.993E-12        -3.76155
            3575     39.3058E-12     116.541E-12        -3.73626
            3576     42.7363E-12     100.447E-12        -3.71440
            3577     6.10220E-12     98.2424E-12        -3.76018
            3578     19.3095E-12     74.5248E-12        -3.73912
            3579     8.92488E-12     110.427E-12        -3.74451
            3580     13.5202E-12     117.303E-12        -3.72875
            3581     8.03638E-12     86.7919E-12        -3.76072
            3582     43.2146E-12     102.597E-12        -3.71213
            3583     27.4872E-12     113.072E-12        -3.82051
            3584     8.06067E-12     105.528E-12        -3.76382
            3585     14.2520E-12     89.5226E-12        -3.82352
            3586     27.4476E-12     93.1539E-12        -3.84771
            3587     12.6298E-12     103.884E-12        -3.81509
            3588     20.0779E-12     102.268E-12        -3.86010
            3589     17.8523E-12     99.5617E-12        -3.85606
            3590     15.4046E-12     105.339E-12        -3.83008


Field Output reported at nodes for part: ASSEMBLY

      Node Label            U.U1            U.U2            U.U3
                          @Loc 1          @Loc 1          @Loc 1
-----------------------------------------------------------------
               1              0.              0.              0.
               2              0.              0.              0.
               3              0.              0.              0.
               4              0.              0.              0.


Source 1
---------

   ODB: C:/temp/vibration.odb
   Step: analyse_modale
   Frame: Mode         2: Value =  7.93224E+06 Freq =   448.25     (cycles/time)

Loc 1 : Nodal values from source 1

Output sorted by column "Node Label".

Field Output reported at nodes for part: PLAQUE-1

      Node Label            U.U1            U.U2            U.U3
                          @Loc 1          @Loc 1          @Loc 1
-----------------------------------------------------------------
               1              0.              0.              0.
               2              0.              0.              0.
               3              0.              0.              0.
               4              0.              0.              0.
               5              0.              0.              0.
               6              0.              0.              0.
               7              0.              0.              0.
               8              0.              0.              0.
               9              0.              0.              0.
              10              0.              0.              0.
              11              0.              0.              0.
              12              0.              0.              0.
              13              0.              0.              0.
              14              0.              0.              0.
              15              0.              0.              0.
              16              0.              0.              0.
              17              0.              0.              0.
              18              0.              0.              0.
              19              0.              0.              0.
              20              0.              0.              0.
              21              0.              0.              0.
              22              0.              0.              0.
              23              0.              0.              0.
              24              0.              0.              0.
              25              0.              0.              0.
              26              0.              0.              0.
              27              0.              0.              0.
              28              0.              0.              0.
              29              0.              0.              0.
              30              0.              0.              0.
              31              0.              0.              0.
              32              0.              0.              0.
              33     358.223E-12     367.348E-12        -40.8060
              34     256.112E-12    -189.617E-12         5.31193
              35    -37.2389E-12     123.235E-12        -5.07341
              36     17.3273E-12    -64.9282E-12         40.8107
              37     351.954E-12     307.229E-12        -36.3207
              38     346.615E-12     257.745E-12        -31.8029
              39     337.039E-12     208.894E-12        -27.3445
              40     327.123E-12     168.684E-12        -23.1052
              41     316.686E-12     128.628E-12        -19.2631
              42     304.450E-12     94.2651E-12        -15.9569
              43     290.791E-12     66.0635E-12        -13.2208
              44     277.737E-12     47.4553E-12        -11.0257
              45     271.920E-12     36.0740E-12        -9.29403
              46     274.079E-12     24.7022E-12        -7.88760
              47     278.881E-12     6.83592E-12        -6.68819
              48     282.876E-12    -15.2507E-12        -5.58307
              49     281.535E-12    -39.4817E-12        -4.49477
              50     276.789E-12    -62.2230E-12        -3.36144
              51     269.383E-12    -83.8280E-12        -2.13384
              52     262.128E-12    -101.917E-12    -794.422E-03
              53     256.466E-12    -120.393E-12     649.310E-03
              54     254.424E-12    -137.944E-12         2.17108
              55     257.082E-12    -163.184E-12         3.73582
              56    -38.7453E-12     124.073E-12        -5.55345
              57    -38.7739E-12     129.376E-12        -6.01470
              58    -37.6438E-12     136.725E-12        -6.44729
              59    -31.6369E-12     146.810E-12        -6.85375
              60    -19.7834E-12     159.954E-12        -7.25503
              61    -1.22295E-12     174.475E-12        -7.67550
              62     24.5758E-12     188.737E-12        -8.14654
              63     55.8460E-12     198.356E-12        -8.71076
              64     83.6128E-12     203.362E-12        -9.40238
              65     105.480E-12     206.249E-12        -10.2802
              66     117.986E-12     209.979E-12        -11.4275
              67     124.355E-12     217.558E-12        -12.9359
              68     126.145E-12     232.140E-12        -14.9090
              69     133.188E-12     253.820E-12        -17.4282
              70     145.627E-12     279.485E-12        -20.5198
              71     171.847E-12     307.388E-12        -24.1312
              72     208.548E-12     330.645E-12        -28.1297
              73     253.665E-12     347.021E-12        -32.3333
              74     299.277E-12     358.416E-12        -36.5871
              75     14.3684E-12    -43.5539E-12         36.3302
              76     11.5024E-12    -20.1681E-12         31.8245
              77     5.65943E-12     5.84178E-12         27.3796
              78     8.54078E-12     32.0907E-12         23.1581
              79     13.2173E-12     49.3257E-12         19.3395
              80     22.3953E-12     58.5198E-12         16.0393
              81     27.8758E-12     57.8274E-12         13.3013
              82     27.1127E-12     53.0246E-12         11.1249
              83     19.9747E-12     47.1304E-12         9.39701
              84     8.59355E-12     46.0749E-12         7.99783
              85    -3.55794E-12     49.4331E-12         6.79592
              86    -15.6281E-12     54.7006E-12         5.69908
              87    -28.1971E-12     61.2488E-12         4.62690
              88    -41.4032E-12     71.8823E-12         3.50504
              89    -50.2242E-12     88.5044E-12         2.29305
              90    -50.6300E-12     105.683E-12     969.871E-03
              91    -46.5932E-12     115.712E-12    -458.525E-03
              92    -42.0073E-12     119.701E-12        -1.96482
              93    -39.7228E-12     121.985E-12        -3.51211
              94     230.631E-12    -189.161E-12         5.75592
              95     200.268E-12    -185.104E-12         6.18116
              96     173.760E-12    -174.826E-12         6.57904
              97     148.536E-12    -159.011E-12         6.95455
              98     131.229E-12    -137.366E-12         7.32573
              99     118.732E-12    -115.211E-12         7.72233
             100     110.930E-12    -93.9539E-12         8.17493
             101     103.644E-12    -77.9394E-12         8.72209
             102     93.5632E-12    -64.1016E-12         9.40421
             103     82.1103E-12    -51.0034E-12         10.2764
             104     72.8554E-12    -37.5389E-12         11.4266
             105     68.7160E-12    -27.8298E-12         12.9331
             106     66.6857E-12    -23.6612E-12         14.9033
             107     65.4898E-12    -24.7551E-12         17.4318
             108     62.9277E-12    -26.5473E-12         20.5328
             109     66.2881E-12    -31.2347E-12         24.1429
             110     64.2953E-12    -42.2280E-12         28.1388
             111     56.0808E-12    -53.7342E-12         32.3401
             112     36.9036E-12    -62.7940E-12         36.5910
             113     35.0582E-12     51.7705E-12    -420.368E-03
             114     17.3895E-12     19.6291E-12     42.1695E-03
             115     16.2341E-12    -699.852E-15     12.3368E-03
             116     23.3322E-12     26.2777E-12     104.371E-03
             117     20.2729E-12     38.1303E-12    -249.967E-03
             118     16.0797E-12     6.11042E-12     262.275E-03
             119     18.4150E-12     8.27975E-12     387.164E-03
             120     13.6531E-12     8.34240E-12    -132.348E-03
             121     62.7282E-12    -19.1255E-12    -10.8606E-03
             122     38.6949E-12    -28.3510E-12     123.291E-03
             123     29.2344E-12    -17.1766E-12     153.255E-03
             124     31.1577E-12    -2.26013E-12     18.0241E-03
             125     27.5247E-12    -11.4220E-12    -27.3975E-03
             126     25.2768E-12    -915.827E-15    -54.7923E-03
             127     47.0549E-12    -4.24931E-12    -52.7202E-03
             128     1.76540E-12     15.2487E-12     24.0233E-03
             129     7.00559E-12     19.4107E-12     57.4106E-03
             130     6.13464E-12     16.3752E-12     59.3675E-03
             131     4.06172E-12     11.0847E-12     3.71843E-03
             132    -4.83765E-12     19.0992E-12    -13.8614E-03
             133    -5.24775E-12     26.3295E-12    -82.4338E-03
             134     8.02461E-12     28.8182E-12    -114.492E-03
             135     11.6271E-12     19.0848E-12    -60.0626E-03
             136     56.1256E-12     37.0973E-12    -445.383E-03
             137     52.1560E-12     20.7237E-12    -306.895E-03
             138     12.7077E-12     2.40538E-12     274.301E-03
             139     31.4185E-12     21.3586E-12     102.090E-03
             140     5.97741E-12     5.71029E-12     12.3370E-03
             141     13.9446E-12     7.41190E-12     406.213E-03
             142     9.01468E-12     9.78727E-12    -115.525E-03
             143     21.1147E-12     20.0394E-12    -91.5499E-03
             144     34.7757E-12     28.9660E-12     168.419E-03
             145     4.64972E-12     15.9235E-12     21.1608E-03
             146     30.7524E-12    -576.261E-15     57.4534E-03
             147     31.0475E-12    -8.33535E-12    -3.70599E-03
             148     13.0731E-12     11.0488E-12    -185.717E-03
             149     4.97845E-12     8.00869E-12    -60.4882E-03
             150     17.4227E-12     3.56139E-12    -102.833E-03
             151     35.4912E-12     32.2796E-12     117.528E-03
             152     2.91269E-12     17.2598E-12     33.3842E-03
             153     453.102E-15     27.5012E-12    -94.3529E-03
             154     40.1914E-12     60.1957E-12    -640.895E-03
             155     20.6072E-12     9.78478E-12     607.786E-03
             156     686.130E-15     12.2692E-12     26.8122E-03
             157     7.91249E-12     8.80723E-12    -17.0095E-03
             158     41.4491E-12    -28.6513E-12     255.913E-03
             159     24.2632E-12    -7.05233E-12    -44.0685E-03
             160     67.0793E-12    -13.4630E-12    -85.0806E-03
             161     44.8203E-12     45.2619E-12    -387.988E-03
             162     29.9995E-12     2.48044E-12    -50.0636E-03
             163     9.23569E-12     5.34071E-12     113.696E-03
             164     47.5473E-12    -27.8646E-12     52.6534E-03
             165     27.7243E-12    -4.52169E-12     115.008E-03
             166     12.1339E-12    -1.69999E-12     104.846E-03
             167     21.9399E-12     7.57172E-12    -78.5121E-03
             168     15.0540E-12     9.09556E-12     343.244E-03
             169     37.8699E-12     51.2889E-12    -403.560E-03
             170    -6.78732E-12     30.4027E-12    -94.4267E-03
             171     11.8580E-12     30.7771E-12    -157.997E-03
             172     6.98462E-12     22.0366E-12     109.041E-03
             173     28.1336E-12     11.2054E-12     47.3294E-03
             174     69.7316E-12     42.2673E-12    -768.135E-03
             175     18.6608E-12     5.71569E-12     671.172E-03
             176     44.0718E-12    -6.75810E-12     8.98325E-03
             177     5.40986E-12     23.8523E-12     54.9562E-03
             178     37.8712E-12    -10.0074E-12    -52.8411E-03
             179     45.1917E-12     27.5998E-12     176.888E-03
             180     20.2230E-12     9.85121E-12    -233.327E-03
             181     11.4118E-12     13.3519E-12    -177.652E-03
             182     7.48450E-12     26.6167E-12     104.639E-03
             183     44.9290E-12     167.533E-15    -109.911E-03
             184     20.9773E-12    -1.02786E-12     152.107E-03
             185     34.6681E-12     34.9014E-12     188.702E-03
             186     10.5884E-12     17.2229E-12    -9.94631E-03
             187     40.6419E-12     32.3447E-12    -79.7957E-03
             188     10.3748E-12     11.1262E-12     38.8600E-03
             189     34.1342E-12    -3.35336E-12     134.131E-03
             190     21.0165E-12     735.711E-15     490.974E-03
             191     17.6384E-12     10.7607E-12     451.470E-03
             192     2.88655E-12     22.9524E-12     98.8072E-03
             193     57.5577E-12     68.3228E-12    -884.374E-03
             194     34.5744E-12     49.5662E-12    -457.738E-03
             195     15.6631E-12     25.3940E-12    -105.310E-03
             196     68.4403E-12     59.1610E-12    -879.684E-03
             197     61.8512E-12    -38.4773E-12     213.030E-03
             198    -2.97124E-12     26.3058E-12     22.2086E-03
             199     43.5334E-12    -18.4925E-12     314.490E-03
             200    -3.45652E-12     38.5367E-12    -189.329E-03
             201     5.88661E-12     42.2494E-12    -258.177E-03
             202     54.3534E-12    -4.24028E-12    -100.460E-03
             203     42.1525E-12     23.1671E-12    -91.1509E-03
             204     72.4692E-12    -35.3503E-12     115.236E-03
             205     23.7937E-12     12.2369E-12     854.872E-03
             206     21.7799E-12     9.83593E-12     804.384E-03
             207     67.4048E-12     30.2966E-12    -606.764E-03
             208     9.18419E-12     20.5997E-12     15.4512E-03
             209     43.1821E-12     39.5723E-12     250.159E-03
             210     34.5287E-12    -9.64638E-12    -20.3119E-03
             211     45.0443E-12     38.9058E-12     201.599E-03
             212     13.5452E-12     20.4365E-12    -46.0155E-03
             213     15.4766E-12     14.9669E-12    -250.099E-03
             214     10.4485E-12     12.6335E-12    -97.8121E-03
             215     44.2416E-12    -5.25378E-12     42.6517E-03
             216     16.6422E-12     12.0690E-12     297.722E-03
             217     39.3660E-12    -12.0226E-12     225.611E-03
             218     20.8993E-12     259.632E-15     289.159E-03
             219     27.7159E-12     13.8388E-12         1.08752
             220     45.5072E-12     69.0891E-12    -814.239E-03
             221     8.62507E-12     29.5993E-12     163.706E-03
             222     12.0859E-12     46.3799E-12    -321.837E-03
             223    -164.166E-15     24.6234E-12     66.5906E-03
             224     52.5672E-12    -2.91240E-12    -109.303E-03
             225     52.2751E-12    -31.6984E-12     459.013E-03
             226     66.7728E-12     67.4036E-12    -946.971E-03
             227     764.975E-15     41.7440E-12    -227.339E-03
             228     6.34394E-12     25.4943E-12     72.3535E-03
             229     26.9227E-12     3.25971E-12    -124.936E-03
             230     41.4875E-12    -5.22051E-12    -106.884E-03
             231     54.3869E-12     23.5156E-12    -276.623E-03
             232     45.4805E-12     28.2683E-12     99.1903E-03
             233     80.9746E-12    -31.8886E-12     12.1200E-03
             234     77.4292E-12    -44.4204E-12     282.665E-03
             235    -7.15442E-12     36.4569E-12    -59.3225E-03
             236     95.9462E-12     51.5098E-12        -1.36868
             237     23.0204E-12     11.0024E-12     804.815E-03
             238     25.7958E-12     3.49127E-12     994.128E-03
             239     8.42909E-12     29.7726E-12     86.3415E-03
             240     54.7431E-12     36.6097E-12     251.502E-03
             241     46.6105E-12    -11.0735E-12    -68.4399E-03
             242     23.9482E-12     12.5736E-12    -326.355E-03
             243     52.6538E-12    -8.05079E-12     20.3128E-03
             244     14.8279E-12     16.5251E-12    -236.866E-03
             245     9.34426E-12     33.2515E-12     205.160E-03
             246     26.8214E-12    -786.543E-15     165.198E-03
             247     59.0039E-12    -1.49396E-12    -181.712E-03
             248     51.3694E-12     42.4933E-12    -74.1011E-03
             249     49.2495E-12     43.5860E-12     326.462E-03
             250     15.6530E-12     24.5859E-12    -28.4807E-03
             251     31.4668E-12     510.194E-15         1.23793
             252     4.53217E-12     29.1837E-12     185.479E-03
             253     25.3313E-12     14.5689E-12     947.483E-03
             254     21.3845E-12     39.4966E-12    -250.361E-03
             255     64.0674E-12     30.4545E-12    -309.696E-03
             256     66.7124E-12     87.9322E-12        -1.42697
             257     12.4263E-12     14.9822E-12    -78.0058E-03
             258     73.0972E-12    -9.44329E-12    -152.860E-03
             259    -5.91293E-12     36.3774E-12     30.2365E-03
             260     51.2977E-12    -20.9550E-12     467.327E-03
             261     55.0855E-12    -6.23721E-12     119.322E-03
             262     4.96268E-12     52.0576E-12    -400.088E-03
             263     85.7726E-12    -44.9941E-12     212.146E-03
             264     85.6096E-12     67.3488E-12        -1.32014
             265     30.0688E-12     14.7004E-12         1.50045
             266     62.7887E-12    -41.8495E-12     375.635E-03
             267    -7.20041E-12     48.0475E-12    -287.478E-03
             268     79.8622E-12     35.4873E-12    -782.207E-03
             269     27.3805E-12     9.93331E-12         1.34002
             270     23.8690E-12     7.46189E-12    -217.379E-03
             271     40.6849E-12    -8.71175E-12    -80.6042E-03
             272     48.7706E-12    -10.7896E-12    -31.8628E-03
             273     19.1102E-12     16.0652E-12    -333.090E-03
             274     9.88667E-12     24.5011E-12     38.8295E-03
             275     51.3021E-12     41.0139E-12     314.578E-03
             276     8.25317E-12     30.2512E-12     107.905E-03
             277     55.3669E-12     36.2582E-12     209.999E-03
             278     13.3693E-12     16.1130E-12    -175.176E-03
             279     58.3490E-12    -7.37494E-12     61.5875E-03
             280     53.5690E-12     44.0534E-12     284.006E-03
             281     30.1559E-12     1.01555E-12    -6.65358E-03
             282     55.0370E-12    -3.38133E-12    -171.078E-03
             283     17.7560E-12     26.4174E-12    -75.1695E-03
             284     27.2183E-12    -545.726E-15     561.618E-03
             285     7.46641E-12     32.6459E-12     255.848E-03
             286     58.6726E-12    -2.47860E-12    -161.293E-03
             287     51.7269E-12     65.8490E-12    -679.009E-03
             288     21.3194E-12     16.7856E-12     738.364E-03
             289     17.1873E-12     47.0126E-12    -363.670E-03
             290     58.3745E-12     87.2744E-12        -1.39056
             291     85.2115E-12     87.1951E-12        -1.78822
             292     58.7695E-12    -21.7926E-12     599.085E-03
             293     30.3908E-12     16.3782E-12         1.55833
             294    -1.61895E-12     32.0812E-12     114.737E-03
             295     98.5864E-12    -26.4309E-12    -144.907E-03
             296    -545.427E-15     51.9286E-12    -390.244E-03
             297     71.3965E-12     31.7806E-12    -562.711E-03
             298     78.9643E-12    -49.1867E-12     426.163E-03
             299    -11.1706E-12     49.4482E-12    -213.920E-03
             300     31.1976E-12     5.45293E-12         1.73870
             301     116.787E-12     65.5649E-12        -2.33705
             302     28.7076E-12     13.0492E-12         1.36605
             303     29.6484E-12     8.39912E-12    -302.316E-03
             304     48.1296E-12    -9.27704E-12    -88.2059E-03
             305     30.9634E-12     5.60790E-12    -217.705E-03
             306     50.4085E-12    -6.54061E-12    -122.356E-03
             307     8.98412E-12     31.7683E-12     144.574E-03
             308     54.4439E-12     39.1020E-12     85.8349E-03
             309     18.8406E-12     13.6314E-12    -273.977E-03
             310     33.6957E-12    -1.14478E-12     375.534E-03
             311     71.9109E-12    -2.01379E-12    -268.116E-03
             312     11.3408E-12     32.1887E-12     91.2188E-03
             313     64.3650E-12     46.5927E-12     434.593E-03
             314     50.8675E-12    -10.6012E-12    -64.4185E-03
             315     52.6125E-12    -8.98605E-12    -5.72888E-03
             316     19.2181E-12     18.9792E-12    -368.154E-03
             317     50.8085E-12     37.7077E-12     116.379E-03
             318     20.1382E-12     32.3918E-12    -146.367E-03
             319     55.5704E-12     47.6190E-12     396.495E-03
             320     18.2415E-12     28.6470E-12    -9.04405E-03
             321     57.3143E-12    -7.26256E-12     223.533E-03
             322     9.13171E-12     35.8013E-12     294.502E-03
             323     70.8652E-12     35.2897E-12    -280.353E-03
             324     57.0979E-12     58.8136E-12    -393.682E-03
             325     26.5431E-12     50.4616E-12    -431.349E-03
             326     1.49441E-12     37.8661E-12     344.146E-03
             327     50.2403E-12     73.4634E-12    -963.862E-03
             328     92.4038E-12    -14.8096E-12    -255.205E-03
             329     87.1994E-12     113.988E-12        -2.78410
             330     28.9326E-12     20.2131E-12         1.62337
             331     9.08617E-12     59.6235E-12    -588.157E-03
             332    -8.40123E-12     44.0782E-12     30.0374E-03
             333     58.9669E-12    -30.9690E-12     661.163E-03
             334     99.2212E-12    -42.8305E-12     88.9393E-03
             335     106.639E-12     96.8102E-12        -2.71597
             336     82.6022E-12    -54.0006E-12     637.728E-03
             337    -6.84607E-12     62.8625E-12    -589.070E-03
             338     34.4868E-12     16.7778E-12         2.11870
             339     92.7929E-12     39.0174E-12        -1.01940
             340     35.4288E-12     10.7616E-12         2.37711
             341     10.0980E-12     34.4301E-12     174.728E-03
             342     56.4462E-12     42.3788E-12     211.546E-03
             343     63.9643E-12     46.4210E-12     205.264E-03
             344     23.9575E-12     36.8369E-12    -180.428E-03
             345     34.9296E-12     6.66411E-12    -286.481E-03
             346     53.0618E-12    -7.67587E-12    -115.437E-03
             347     61.7920E-12     43.3059E-12     360.690E-03
             348     10.2857E-12     35.9964E-12     231.540E-03
             349     60.3213E-12     46.1043E-12     79.7072E-03
             350     33.3695E-12     3.60273E-12    -144.558E-03
             351     57.0038E-12    -4.98355E-12    -153.747E-03
             352     53.3467E-12    -9.64946E-12    -88.7792E-03
             353     16.5526E-12     18.7475E-12    -288.016E-03
             354     22.1537E-12     14.0472E-12    -339.238E-03
             355     5.81202E-12     37.3034E-12     397.157E-03
             356     60.9042E-12     80.9690E-12        -1.09945
             357     58.1614E-12     32.0775E-12    -128.103E-03
             358     25.6182E-12     43.4918E-12    -290.400E-03
             359     54.2677E-12    -11.1481E-12    -47.6758E-03
             360     22.6778E-12     19.8916E-12    -464.324E-03
             361     36.6393E-12     2.42760E-12    -73.9758E-03
             362     66.6020E-12    -1.79319E-12    -238.190E-03
             363     61.1745E-12     47.5443E-12     442.555E-03
             364     14.9464E-12     30.0703E-12     53.1547E-03
             365     52.9220E-12     45.4038E-12     343.458E-03
             366     19.8752E-12     29.4089E-12    -47.0213E-03
             367     34.5716E-12    -1.88511E-12     809.297E-03
             368     62.2883E-12    -7.02239E-12     108.402E-03
             369     90.1239E-12    -9.46470E-12    -311.574E-03
             370     51.4382E-12    -11.8303E-12     341.823E-03
             371     25.7334E-12     21.5907E-12         1.28302
             372     22.0399E-12     57.1987E-12    -581.694E-03
             373     63.8725E-12    -29.1631E-12     853.984E-03
             374     76.4849E-12     115.105E-12        -2.59957
             375    -4.41527E-12     41.4299E-12     236.207E-03
             376     99.3558E-12     109.616E-12        -2.93907
             377     117.918E-12    -28.9562E-12    -335.198E-03
             378     100.503E-12     40.2980E-12        -1.14093
             379     34.0034E-12     20.2486E-12         2.24592
             380     70.2853E-15     63.1326E-12    -635.502E-03
             381    -13.9824E-12     58.4360E-12    -210.759E-03
             382     98.5334E-12    -54.8358E-12     411.659E-03
             383     84.0725E-12    -57.4108E-12         1.04476
             384     36.4367E-12     1.47428E-12         2.10576
             385     124.045E-12     58.1809E-12        -2.37913
             386     132.555E-12     88.3260E-12        -3.56147
             387     34.8406E-12     14.5246E-12         2.27825
             388     37.5761E-12     6.65542E-12         2.71486
             389     58.2903E-12    -9.19640E-12    -5.02056E-03
             390     20.1745E-12     21.6895E-12    -407.643E-03
             391     11.2102E-12     33.7093E-12     116.487E-03
             392     65.0979E-12     45.5170E-12     372.267E-03
             393     59.1382E-12     48.6557E-12     413.666E-03
             394     24.2851E-12     34.3083E-12    -57.4215E-03
             395     17.2988E-12     20.3429E-12     131.528E-03
             396     60.2563E-12    -11.1179E-12     398.859E-03
             397     38.2871E-12     4.97955E-12    -227.123E-03
             398     63.8538E-12    -2.77169E-12    -200.958E-03
             399     10.1444E-12     33.9564E-12     139.020E-03
             400     60.8604E-12     41.6573E-12     293.051E-03
             401     59.2447E-12     47.0378E-12     361.606E-03
             402     25.8896E-12     36.5506E-12    -121.142E-03
             403     69.1064E-12     37.7337E-12    -128.890E-03
             404     29.8131E-12     46.5973E-12    -320.345E-03
             405     23.9498E-12     17.0129E-12    -425.484E-03
             406     22.5660E-12     22.3948E-12    -490.871E-03
             407     11.2240E-12     37.4020E-12     243.099E-03
             408     64.2440E-12     54.7911E-12    -50.4425E-03
             409     56.3988E-12    -7.77201E-12    -111.453E-03
             410     38.8178E-12    -1.97980E-12     529.141E-03
             411     82.7891E-12    -1.68921E-12    -361.466E-03
             412     58.1979E-12    -9.79784E-12    -77.3510E-03
             413     58.6918E-12    -7.86327E-12     27.3736E-03
             414     64.0770E-12    -7.80687E-12     221.146E-03
             415     15.5428E-12     18.8146E-12    -61.0831E-03
             416     15.3333E-12     18.2619E-12    -206.997E-03
             417     31.5084E-12     12.6039E-12    -448.943E-03
             418     56.8833E-12    -9.86427E-12    -29.7449E-03
             419     55.5689E-12     46.3388E-12     384.200E-03
             420     13.9062E-12     27.1824E-12     30.2585E-03
             421     14.1491E-12     33.3383E-12     89.2858E-03
             422     69.9599E-12     51.5045E-12     552.016E-03
             423     20.0301E-12     19.7894E-12     561.020E-03
             424     58.8232E-12    -16.9000E-12     529.245E-03
             425     111.138E-12     46.1339E-12        -1.72167
             426     8.28477E-12     38.3507E-12     415.774E-03
             427     63.2701E-12     73.3476E-12    -729.504E-03
             428     87.6866E-12     37.9068E-12    -663.108E-03
             429     40.5846E-12     11.1846E-12         3.40763
             430     144.708E-12     77.2964E-12        -3.87567
             431     41.3507E-12     1.58017E-12         3.17457
             432     140.400E-15     43.3421E-12     567.835E-03
             433     63.2799E-12     95.0429E-12        -1.64896
             434     37.3830E-12    -2.04144E-12         1.48482
             435     113.470E-12    -19.7466E-12    -418.957E-03
             436     106.099E-12     138.057E-12        -4.52353
             437     31.7914E-12     24.7023E-12         2.32459
             438     11.5543E-12     74.5758E-12        -1.05612
             439    -11.0699E-12     52.2316E-12     104.640E-03
             440     71.2267E-12    -41.1812E-12         1.16261
             441     110.182E-12    -53.0246E-12     221.702E-03
             442     126.974E-12     112.394E-12        -4.21477
             443    -12.8441E-12     75.7392E-12    -916.106E-03
             444     90.9428E-12    -60.9661E-12     908.518E-03
             445     39.5617E-12     19.7654E-12         3.31613
             446     63.5410E-12     50.4819E-12     499.984E-03
             447     18.6668E-12     31.8415E-12     40.7790E-03
             448     29.6936E-12     15.7218E-12    -501.664E-03
             449     63.3601E-12    -7.90975E-12     36.9190E-03
             450     18.1517E-12     21.0815E-12    -312.277E-03
             451     20.7563E-12     23.8739E-12    -409.855E-03
             452     62.7292E-12     51.0782E-12     504.410E-03
             453     21.7401E-12     32.5946E-12     2.54970E-03
             454     12.6858E-12     36.5651E-12     151.546E-03
             455     68.1079E-12     48.1679E-12     379.975E-03
             456     64.1776E-12     49.6100E-12     434.588E-03
             457     28.8515E-12     38.7437E-12    -88.6028E-03
             458     25.9692E-12     20.8834E-12    -553.838E-03
             459     11.5468E-12     36.0537E-12     167.855E-03
             460     58.7017E-12    -5.50110E-12    -142.442E-03
             461     68.4300E-12     52.2922E-12     194.475E-03
             462     37.4981E-12     8.92990E-12    -400.277E-03
             463     59.4999E-12    -9.60545E-12    -60.4854E-03
             464     17.8711E-12     22.8194E-12     14.5282E-03
             465     66.2151E-12    -9.79217E-12     364.213E-03
             466     57.6042E-12    -8.82492E-12    -93.4633E-03
             467     18.9323E-12     22.6878E-12     380.092E-03
             468     19.0119E-12     23.0706E-12    -303.678E-03
             469     63.0394E-12    -8.47652E-12    -9.31394E-03
             470     67.9166E-12    -7.36810E-12     113.729E-03
             471     67.6274E-12     51.7192E-12     556.098E-03
             472     16.9271E-12     33.3162E-12     72.5100E-03
             473     69.4661E-12    -17.2567E-12     738.260E-03
             474     14.0446E-12     35.6615E-12     117.001E-03
             475     69.3206E-12     49.6468E-12     481.231E-03
             476     22.5162E-12     23.5097E-12     993.801E-03
             477     65.9929E-12     45.0113E-12     227.564E-03
             478     40.0136E-12     1.45539E-12     11.4448E-03
             479     65.4125E-12    -20.8885E-12     758.998E-03
             480     69.2455E-12    -1.29124E-12    -243.867E-03
             481     29.6242E-12     40.4526E-12    -138.528E-03
             482     65.1551E-12     61.4644E-12    -253.760E-03
             483     4.14547E-12     41.4488E-12     587.011E-03
             484     68.5067E-12     94.0032E-12        -1.51530
             485     137.519E-12     55.6738E-12        -2.87776
             486     42.8664E-12     6.61100E-12         3.82004
             487     78.3187E-12     36.9417E-12    -405.366E-03
             488     40.0084E-12    -3.07824E-12     984.233E-03
             489     31.2438E-12     53.1154E-12    -466.903E-03
             490     100.354E-12    -6.85526E-12    -473.898E-03
             491     28.2936E-12     26.3817E-12         1.98598
             492     70.8721E-12    -32.0717E-12         1.14346
             493     41.3628E-12    -2.36509E-12         2.42008
             494     106.552E-12     41.2628E-12        -1.13319
             495     155.523E-12     110.479E-12        -5.73612
             496     79.8335E-12    -54.2486E-12         1.24578
             497     27.3709E-12     65.5938E-12    -822.061E-03
             498     80.5245E-12     125.901E-12        -3.14872
             499     40.3240E-12     15.0908E-12         3.35996
             500    -4.72209E-12     47.5011E-12     505.510E-03
             501     8.05793E-12     87.4527E-12        -1.61085
             502     135.443E-12    -30.8008E-12    -548.791E-03
             503     96.5318E-12     142.455E-12        -4.41173
             504     119.101E-12     129.973E-12        -4.63119
             505    -9.80312E-12     53.2041E-12     430.416E-03
             506     35.3257E-12     24.4581E-12         2.91044
             507    -7.23070E-12     84.9297E-12        -1.37443
             508     141.334E-12    -40.9494E-12    -442.978E-03
             509    -16.5912E-12     64.9287E-12    -212.669E-03
             510    -17.6568E-12     78.4229E-12    -895.090E-03
             511     95.0908E-12    -67.0578E-12         1.40673
             512     101.196E-12    -63.5765E-12     784.998E-03
             513     66.1845E-12    -2.15676E-12    -205.051E-03
             514     68.5700E-12     53.1508E-12     594.212E-03
             515     20.1893E-12     33.9162E-12     59.3422E-03
             516     22.3794E-12     33.7124E-12     25.1488E-03
             517     65.8369E-12     52.3862E-12     557.965E-03
             518     24.9366E-12     22.8685E-12    -566.305E-03
             519     64.4417E-12     51.6795E-12     519.943E-03
             520     25.2713E-12     35.2454E-12    -22.7430E-03
             521     72.5142E-12     52.9671E-12     587.779E-03
             522     17.6478E-12     36.1963E-12     100.196E-03
             523     61.5035E-12    -9.49938E-12    -39.1300E-03
             524     10.0505E-12     39.3190E-12     407.974E-03
             525     61.6647E-12    -5.33706E-12    -135.177E-03
             526     67.5583E-12     69.5267E-12    -484.172E-03
             527     27.7327E-12     18.3773E-12    -535.469E-03
             528     67.5556E-12    -7.26506E-12     38.6315E-03
             529     34.3291E-12     13.8950E-12    -530.778E-03
             530     20.9031E-12     25.4366E-12    -378.699E-03
             531     62.7143E-12    -7.89944E-12    -89.5433E-03
             532     69.0236E-12    -12.4620E-12     534.146E-03
             533     19.0624E-12     25.1478E-12     186.647E-03
             534     19.5885E-12     24.8886E-12    -266.667E-03
             535     68.8007E-12    -7.76262E-12     211.978E-03
             536     39.9348E-12     7.33320E-12    -353.512E-03
             537     14.4060E-12     37.2617E-12     144.528E-03
             538     71.6681E-12     51.3186E-12     452.621E-03
             539     20.9456E-12     25.7552E-12     713.122E-03
             540     13.4193E-12     38.0298E-12     184.600E-03
             541     65.8725E-12     48.5473E-12     387.406E-03
             542     11.3537E-12     38.7267E-12     301.927E-03
             543     70.4641E-12     51.3753E-12     338.118E-03
             544     69.3846E-12     62.1230E-12    -121.076E-03
             545     32.3430E-12     42.4882E-12    -130.976E-03
             546     106.125E-12    -11.6560E-12    -470.616E-03
             547     79.9130E-12     40.9588E-12    -183.742E-03
             548     42.5978E-12    -2.50108E-12     621.404E-03
             549     85.5733E-12    -501.717E-15    -393.943E-03
             550     24.9023E-12     27.7088E-12         1.54236
             551     90.8729E-12     39.3301E-12    -629.930E-03
             552     120.066E-12     46.4277E-12        -1.89548
             553     156.719E-12     68.6877E-12        -4.19123
             554     74.6893E-12    -40.8863E-12         1.43991
             555     45.6693E-12    -2.96274E-12         3.63772
             556     7.44917E-12     40.6958E-12     570.418E-03
             557     69.0528E-12     84.0991E-12        -1.05403
             558     31.9109E-12     59.4238E-12    -635.592E-03
             559     165.492E-12     96.2455E-12        -5.72655
             560     19.8919E-12     80.5033E-12        -1.35476
             561     128.663E-12    -21.8980E-12    -630.145E-03
             562     45.9139E-12     1.69866E-12         4.38726
             563     122.401E-12     160.508E-12        -6.63886
             564     44.5405E-12     10.6831E-12         4.38205
             565    -16.0389E-12     63.6511E-12     30.3823E-03
             566     135.133E-12    -54.6708E-12    -20.5867E-03
             567    -13.5060E-12     85.7494E-12        -1.33305
             568     101.114E-12    -68.8510E-12         1.18351
             569     91.6982E-12    -65.0917E-12         1.64792
             570     72.7575E-12     108.492E-12        -2.18997
             571     91.8210E-12     146.776E-12        -4.52089
             572     42.6341E-12    -4.32515E-12         1.66779
             573    -9.21942E-12     54.8699E-12     762.326E-03
             574    -3.30100E-12     95.5396E-12        -1.97074
             575     153.106E-12    -40.2436E-12    -660.207E-03
             576     130.090E-12    -75.5585E-12     872.895E-03
             577     148.411E-12     130.053E-12        -6.25254
             578     40.4775E-12     24.8724E-12         4.13186
             579     45.7581E-12     18.4818E-12         5.13667
             580     32.7271E-12     16.6853E-12    -587.814E-03
             581     67.5815E-12     53.1924E-12     589.123E-03
             582     23.6594E-12     35.4813E-12     45.6227E-03
             583     71.8827E-12     53.7865E-12     624.909E-03
             584     19.5894E-12     35.7114E-12     85.9983E-03
             585     41.2594E-12     3.75969E-12    -159.996E-03
             586     73.0081E-12     53.0139E-12     564.979E-03
             587     16.7532E-12     37.0472E-12     118.228E-03
             588     28.5446E-12     21.8290E-12    -636.046E-03
             589     20.9914E-12     26.5688E-12    -344.115E-03
             590     71.2316E-12    -6.83482E-12     107.065E-03
             591     64.0691E-12    -8.41753E-12    -73.3404E-03
             592     67.5622E-12     52.7520E-12     572.484E-03
             593     26.0377E-12     36.2273E-12     5.59583E-03
             594     61.4008E-12    -6.67469E-12    -114.809E-03
             595     12.4033E-12     37.6911E-12     196.406E-03
             596     67.0295E-12     52.0001E-12     532.997E-03
             597     65.8164E-12    -2.58720E-12    -172.939E-03
             598     73.0475E-12     56.8720E-12     246.959E-03
             599     39.1580E-12     10.3431E-12    -476.510E-03
             600     29.4648E-12     38.9056E-12    -51.5521E-03
             601     114.015E-12    -5.98090E-12    -674.086E-03
             602     70.3584E-12    -9.14142E-12     339.205E-03
             603     19.5768E-12     26.9427E-12    -33.1037E-03
             604     73.1335E-12     47.1262E-12     271.518E-03
             605     35.1192E-12     46.4184E-12    -209.399E-03
             606     91.6051E-12    -3.14051E-12    -430.870E-03
             607     19.9531E-12     27.5777E-12     447.310E-03
             608     14.8666E-12     38.7833E-12     175.326E-03
             609     74.2685E-12    -14.0842E-12     716.865E-03
             610     75.1425E-12     55.1071E-12     479.961E-03
             611     22.9632E-12     24.7369E-12    -510.975E-03
             612     9.56439E-12     40.8642E-12     532.332E-03
             613     71.5446E-12     78.9254E-12    -738.041E-03
             614     22.0640E-12     28.9046E-12         1.13050
             615     67.4058E-12    -7.66894E-12    -21.8045E-03
             616     74.1027E-12     278.279E-15    -267.007E-03
             617     73.7725E-12    -20.0995E-12     986.395E-03
             618     3.32749E-12     43.8784E-12     822.874E-03
             619     74.8525E-12     103.453E-12        -1.87095
             620     91.9321E-12     40.9602E-12    -490.948E-03
             621     11.4269E-12     40.0043E-12     380.715E-03
             622     36.1716E-12     55.6637E-12    -493.754E-03
             623     71.5842E-12     68.2841E-12    -281.290E-03
             624     173.508E-12     84.2635E-12        -5.74389
             625     50.0103E-12    -4.29454E-12         5.08821
             626     151.291E-12    -33.2154E-12    -810.002E-03
             627     45.9460E-12    -1.79104E-12     450.843E-03
             628     77.8764E-12    -40.0150E-12         1.68030
             629     47.2757E-12     7.14524E-12         5.07289
             630     79.3629E-12    -51.7821E-12         1.49851
             631     110.520E-12     164.975E-12        -6.35611
             632    -14.9107E-12     61.6334E-12     353.408E-03
             633     16.9063E-12     90.0445E-12        -1.79488
             634     44.1395E-12    -4.06111E-12         1.04209
             635     152.111E-12    -51.9043E-12    -343.285E-03
             636    -18.4392E-12     88.7356E-12        -1.36478
             637     109.442E-12    -70.0026E-12     997.221E-03
             638     34.4910E-12     28.2507E-12         3.20958
             639     30.8673E-12     31.7226E-12         2.99563
             640     84.1459E-12     132.586E-12        -3.47841
             641     46.1329E-12    -5.55724E-12         2.63363
             642    -5.44411E-12     50.5278E-12     822.877E-03
             643    -19.3515E-12     72.9224E-12    -463.726E-03
             644     137.931E-12    -70.4217E-12     481.082E-03
             645    -8.56612E-12     94.4420E-12        -1.84405
             646     30.0291E-12     74.5352E-12        -1.14008
             647     45.4783E-12     23.5234E-12         5.69029
             648     175.282E-12     127.191E-12        -7.93600
             649     140.389E-12     154.634E-12        -7.27393
             650     45.7391E-12     13.7267E-12         4.81799
             651     42.5164E-12     6.06275E-12    -304.134E-03
             652     74.0919E-12     54.4464E-12     643.220E-03
             653     20.4825E-12     37.8193E-12     105.133E-03
             654     71.0636E-12     54.0581E-12     637.694E-03
             655     43.2115E-12     702.028E-15     105.900E-03
             656     22.3028E-12     36.1801E-12     74.5261E-03
             657     69.4470E-12     50.6601E-12     470.946E-03
             658     34.4666E-12     43.3107E-12    -90.8021E-03
             659     68.8943E-12     53.7523E-12     610.671E-03
             660     26.9837E-12     37.1809E-12     30.0733E-03
             661     74.1536E-12     53.7197E-12     547.147E-03
             662     16.5625E-12     38.3531E-12     139.445E-03
             663     70.1055E-12    -652.874E-15    -211.573E-03
             664     31.0406E-12     19.7252E-12    -637.660E-03
             665     14.9337E-12     39.7442E-12     214.095E-03
             666     74.0970E-12     55.5638E-12     373.077E-03
             667     66.2159E-12    -6.13997E-12    -100.506E-03
             668     72.1239E-12    -7.43304E-12     195.000E-03
             669     20.2745E-12     26.6629E-12    -239.706E-03
             670     12.5291E-12     39.3175E-12     276.522E-03
             671     77.5721E-12     424.037E-15    -311.301E-03
             672     72.7277E-12     59.8505E-12     111.588E-03
             673     66.2221E-12    -3.44169E-12    -137.202E-03
             674     22.3760E-12     26.3438E-12    -463.401E-03
             675     27.2465E-12     23.6929E-12    -639.840E-03
             676     70.3756E-12     52.6407E-12     566.712E-03
             677     70.8809E-12    -6.67305E-12     38.2180E-03
             678     29.5983E-12     38.8118E-12    -16.0975E-03
             679     65.5253E-12    -8.04328E-12    -51.7420E-03
             680     98.2451E-12    -1.42184E-12    -518.140E-03
             681     20.0571E-12     29.1068E-12     213.153E-03
             682     72.2771E-12    -11.2246E-12     501.616E-03
             683     43.6566E-12     8.45154E-12    -434.583E-03
             684     45.2834E-12    -2.90959E-12     659.559E-03
             685     6.54221E-12     42.5202E-12     753.196E-03
             686     73.8593E-12     93.2152E-12        -1.35994
             687     20.8713E-12     30.2698E-12     778.499E-03
             688     76.6090E-12    -18.6920E-12         1.06816
             689     11.3597E-12     41.0244E-12     478.973E-03
             690     74.3141E-12     74.9191E-12    -468.225E-03
             691     80.8717E-12     43.9988E-12    -3.42567E-03
             692     74.3057E-12    -32.3840E-12         1.36418
             693     37.9196E-12     51.2699E-12    -322.620E-03
             694     81.4990E-12    -51.5642E-12         1.83114
             695     164.044E-12    -47.4497E-12    -709.906E-03
             696     90.9900E-12    -65.2526E-12         2.27957
             697     25.9082E-12     31.6394E-12         2.16505
             698     125.783E-12     44.7885E-12        -1.95297
             699     107.329E-12     41.3205E-12    -962.703E-03
             700     91.4280E-12     149.397E-12        -4.60983
             701     27.5584E-12     83.4861E-12        -1.51379
             702     49.9432E-12     1.38899E-12         5.70836
             703    -14.1512E-12     61.5538E-12     702.476E-03
             704     4.56999E-12     98.8110E-12        -2.21731
             705    -25.9115E-12     93.9043E-12        -1.34029
             706     49.8146E-12    -7.08859E-12         3.91045
             707    -21.7575E-12     76.0196E-12    -201.887E-03
             708     146.062E-12    -83.3716E-12     980.221E-03
             709    -18.7035E-12     100.003E-12        -2.04234
             710     122.309E-12    -80.8080E-12         1.37046
             711     137.644E-12    -15.2233E-12    -925.378E-03
             712     106.611E-12    -77.0932E-12         1.76609
             713     150.820E-12    -66.9205E-12     135.861E-03
             714     37.7543E-12     73.0285E-12        -1.07500
             715     78.2185E-12     117.023E-12        -2.57637
             716     104.528E-12     168.851E-12        -6.30998
             717     188.263E-12     114.719E-12        -8.18075
             718     39.2061E-12     31.4519E-12         4.88546
             719     132.374E-12     181.603E-12        -8.76935
             720     51.3095E-12     8.35218E-12         6.66865
             721     46.8963E-12    -5.80387E-12         1.69611
             722     34.4303E-12     34.4401E-12         4.25043
             723     50.1558E-12     21.8492E-12         8.44593
             724     34.4869E-12     19.6731E-12    -708.683E-03
             725     81.6865E-12     2.45295E-12    -326.008E-03
             726     74.6177E-12     55.6348E-12     703.304E-03
             727     22.2835E-12     37.7441E-12     95.0968E-03
             728     72.1971E-12     55.2056E-12     685.959E-03
             729     25.3696E-12     37.0774E-12     63.3924E-03
             730     75.3640E-12     54.9659E-12     634.025E-03
             731     19.3679E-12     38.4686E-12     117.595E-03
             732     46.5633E-12     1.78829E-12     9.83078E-06
             733     21.8822E-12     27.4485E-12    -394.927E-03
             734     73.6458E-12    -6.16662E-12     92.3801E-03
             735     16.5455E-12     39.3718E-12     164.680E-03
             736     77.5771E-12     57.7639E-12     516.172E-03
             737     75.5707E-12     59.7387E-12     272.151E-03
             738     70.2416E-12     53.6936E-12     613.396E-03
             739     30.1408E-12     39.2417E-12     13.2931E-03
             740     87.0401E-12     1.23384E-12    -405.135E-03
             741     67.4186E-12    -6.44084E-12    -86.1231E-03
             742     65.0837E-12    -5.32725E-12    -115.337E-03
             743     30.5764E-12     22.8965E-12    -705.489E-03
             744     12.8245E-12     40.3687E-12     337.795E-03
             745     68.8768E-12    -1.25181E-12    -166.561E-03
             746     74.2638E-12     66.2015E-12    -81.7897E-03
             747     20.7486E-12     29.0745E-12    -138.299E-03
             748     73.2533E-12    -8.36257E-12     307.699E-03
             749     46.1475E-12     7.03609E-12    -376.003E-03
             750     72.0993E-12     52.1775E-12     552.597E-03
             751     33.3185E-12     41.6662E-12    -31.8739E-03
             752     77.8814E-12     46.9244E-12     234.270E-03
             753     104.267E-12     226.961E-15    -600.194E-03
             754     38.2889E-12     47.8955E-12    -180.151E-03
             755     26.1813E-12     25.2051E-12    -630.261E-03
             756     9.15654E-12     41.9379E-12     680.595E-03
             757     75.6595E-12     87.6796E-12        -1.03113
             758     20.2038E-12     31.0849E-12     460.305E-03
             759     76.1658E-12    -12.0889E-12     645.967E-03
             760     14.4632E-12     40.5780E-12     277.707E-03
             761     75.1827E-12    -25.5887E-12         1.26765
             762     23.0695E-12     32.0502E-12         1.60461
             763     2.89080E-12     45.1092E-12         1.07705
             764     114.885E-12    -1.61622E-12    -737.981E-03
             765     82.5448E-12     122.152E-12        -2.81231
             766     49.5334E-12    -3.36092E-12     680.429E-03
             767     164.065E-12    -87.7953E-12     863.259E-03
             768    -490.424E-15     109.195E-12        -2.87241
             769    -12.7495E-12     60.1372E-12         1.01967
             770     78.9432E-12    -37.6183E-12         1.79319
             771     99.5232E-12     167.529E-12        -6.00679
             772     90.5860E-12     42.1978E-12    -307.794E-03
             773     54.7197E-12    -10.2299E-12         5.89858
             774     190.752E-12     94.6897E-12        -7.32634
             775     40.5921E-12     57.1410E-12    -476.791E-03
             776     49.9098E-12    -6.37922E-12         1.49185
             777     25.9263E-12     91.2458E-12        -1.90318
             778     56.8021E-12    -10.2989E-12         7.70246
             779     56.8381E-12    -4.07871E-12         8.67832
             780    -19.0869E-12     69.9995E-12     243.351E-03
             781     122.163E-12     183.942E-12        -8.30658
             782     119.999E-12    -86.7305E-12         2.00524
             783     128.898E-12     43.2129E-12        -1.82429
             784    -25.6425E-12     87.4954E-12    -787.548E-03
             785     87.1343E-12     136.855E-12        -3.70859
             786     101.731E-12    -76.2490E-12         2.19952
             787    -9.99540E-12     103.845E-12        -2.42591
             788     148.791E-12    -77.2640E-12     615.721E-03
             789    -7.93138E-12     54.2766E-12         1.18467
             790     44.8760E-12     28.7148E-12         6.78625
             791     36.8471E-12     79.2029E-12        -1.33477
             792     50.9466E-12    -8.52712E-12         2.77420
             793     29.6914E-12     36.9994E-12         3.71169
             794     50.6658E-12     15.0191E-12         7.03019
             795     73.8998E-12     53.6467E-12     631.381E-03
             796     32.5646E-12     40.9065E-12    -898.251E-06
             797     76.1512E-12     56.0677E-12     709.019E-03
             798     22.9764E-12     39.2112E-12     106.723E-03
             799     72.8749E-12     55.2647E-12     687.751E-03
             800     24.6825E-12     37.9560E-12     86.7695E-03
             801     71.7771E-12     54.7180E-12     667.776E-03
             802     28.5396E-12     38.5849E-12     50.8794E-03
             803     18.7746E-12     39.1869E-12     132.705E-03
             804     78.0944E-12     57.3991E-12     604.004E-03
             805     89.0786E-12     3.39363E-12    -412.794E-03
             806     74.9867E-12     51.5165E-12     521.425E-03
             807     33.7321E-12     21.7274E-12    -747.791E-03
             808     38.6672E-12     46.1288E-12    -73.2982E-03
             809     39.8175E-12     15.5078E-12    -673.925E-03
             810     74.2936E-12    -6.62087E-12     168.517E-03
             811     21.2128E-12     28.2036E-12    -284.976E-03
             812     44.6449E-12     10.7663E-12    -551.247E-03
             813     72.6150E-12     773.261E-15    -203.341E-03
             814     23.9591E-12     27.5278E-12    -536.617E-03
             815     16.5298E-12     40.3158E-12     196.875E-03
             816     69.8786E-12    -1.08605E-12    -134.365E-03
             817     77.2489E-12     59.4578E-12     393.751E-03
             818     73.2106E-12    -5.75782E-12     33.2676E-03
             819     12.9408E-12     41.2057E-12     413.493E-03
             820     76.7636E-12     71.7864E-12    -211.341E-03
             821     96.0413E-12     1.21463E-12    -506.145E-03
             822     29.2956E-12     24.5351E-12    -707.736E-03
             823     20.4660E-12     30.3711E-12     36.6926E-03
             824     74.6499E-12    -9.94092E-12     454.291E-03
             825     69.0801E-12    -6.61172E-12    -63.8935E-03
             826     20.3006E-12     32.8773E-12     688.883E-03
             827     77.6128E-12    -14.6043E-12     896.607E-03
             828     52.2115E-12    -5.95882E-12         1.21370
             829     70.9956E-12    -6.28307E-12    -15.3797E-03
             830     14.6255E-12     41.2894E-12     343.559E-03
             831     11.0743E-12     41.7951E-12     599.644E-03
             832     50.1649E-12     1.95592E-12    -14.6191E-03
             833     77.5364E-12     82.6156E-12    -705.516E-03
             834     78.9466E-12    -21.0090E-12         1.38384
             835     21.0505E-12     33.0035E-12         1.18375
             836     75.8234E-12     1.27044E-12    -263.943E-03
             837     6.17335E-12     43.4143E-12     947.323E-03
             838     77.5843E-12     100.257E-12        -1.63457
             839     76.3634E-12     63.6679E-12     138.879E-03
             840     77.2623E-12    -31.8414E-12         1.56606
             841     89.2630E-12     45.5201E-12     44.1264E-03
             842     41.5352E-12     52.6718E-12    -290.225E-03
             843     43.6461E-12     34.1654E-12         8.28512
             844     37.8751E-12     63.6138E-12    -731.238E-03
             845     60.6738E-12    -16.7445E-12         8.12111
             846     26.3704E-12     35.4686E-12         2.77539
             847    -28.5151E-12     95.5814E-12        -1.15757
             848     172.992E-12    -38.1366E-12        -1.15787
             849    -22.2388E-12     111.274E-12        -2.77895
             850     90.0380E-12     138.902E-12        -3.81314
             851    -1.75587E-12     48.4304E-12         1.29251
             852     51.9028E-12    -9.20398E-12         3.80292
             853     167.919E-12     144.413E-12        -8.47500
             854     112.318E-12     41.7616E-12    -928.020E-03
             855     171.963E-12     62.6731E-12        -4.75645
             856     58.3395E-12    -9.65733E-12         9.12168
             857     113.757E-12     1.46108E-12    -742.351E-03
             858     161.589E-12    -25.0089E-12        -1.22807
             859     155.299E-12     46.0807E-12        -3.07361
             860     52.9812E-12    -8.79881E-12         2.22815
             861     134.903E-12     198.140E-12        -10.2748
             862     56.5590E-12     3.13593E-12         9.25182
             863     33.7882E-12     38.6623E-12         4.98644
             864     99.0414E-12    -76.0866E-12         3.03338
             865     73.1503E-12    -5.26264E-12    -13.0748E-03
             866     76.6294E-12     56.7887E-12     763.623E-03
             867     36.9052E-12     20.1288E-12    -767.383E-03
             868     24.7990E-12     39.1600E-12     100.815E-03
             869     73.4497E-12     54.8191E-12     683.277E-03
             870     33.4189E-12     41.4374E-12     56.4435E-03
             871     78.1298E-12     57.1112E-12     666.895E-03
             872     21.7436E-12     39.4597E-12     114.450E-03
             873     74.6016E-12     56.0454E-12     738.241E-03
             874     27.4865E-12     38.7943E-12     78.8529E-03
             875     43.3683E-12     63.7042E-12    -678.890E-03
             876     23.0595E-12     28.5496E-12    -458.192E-03
             877     16.3485E-12     40.9263E-12     237.813E-03
             878     75.2047E-12    -5.19867E-12     69.7082E-03
             879     47.1556E-12     9.13027E-12    -493.059E-03
             880     43.8116E-12     14.5324E-12    -693.164E-03
             881     21.6691E-12     30.2259E-12    -240.897E-03
             882     75.2369E-12    -7.39384E-12     263.003E-03
             883     18.5125E-12     40.0264E-12     150.759E-03
             884     69.3525E-12    -2.52807E-12    -118.972E-03
             885     79.5217E-12     59.9105E-12     554.128E-03
             886     70.3569E-12    -4.30067E-12    -99.8652E-03
             887     32.6251E-12     23.5695E-12    -767.787E-03
             888     83.2287E-12     4.23495E-12    -314.292E-03
             889     71.6339E-12    -5.47832E-12    -52.6287E-03
             890     71.8633E-12     704.273E-15    -158.365E-03
             891     98.0662E-12     3.77348E-12    -523.153E-03
             892     78.4421E-12     68.7686E-12     20.4827E-03
             893     12.9065E-12     41.6824E-12     507.245E-03
             894     75.8564E-12     53.3468E-12     633.475E-03
             895     79.0727E-12     77.5749E-12    -388.484E-03
             896     106.455E-12     3.01209E-12    -639.066E-03
             897     36.4878E-12     43.8128E-12    -21.7235E-03
             898     78.5350E-12     63.1272E-12     299.924E-03
             899     80.1009E-12     49.5567E-12     407.521E-03
             900     8.59568E-12     42.6153E-12     851.721E-03
             901     79.7527E-12     98.3799E-12        -1.47705
             902     28.0607E-12     26.1155E-12    -695.134E-03
             903     20.4706E-12     31.9427E-12     225.139E-03
             904     77.2917E-12    -9.88819E-12     539.894E-03
             905     41.6447E-12     49.4990E-12    -146.578E-03
             906     14.6354E-12     41.6444E-12     411.388E-03
             907     78.8846E-12    -16.9005E-12         1.17838
             908     20.3970E-12     35.0625E-12         1.20546
             909     44.7285E-12     57.9852E-12    -432.009E-03
             910     79.7598E-12    -26.4834E-12         1.68284
             911     52.5386E-12    -2.96159E-12     586.168E-03
             912     81.8266E-12    -41.1049E-12         2.15950
             913     83.5852E-12    -49.7989E-12         2.22359
             914     23.7402E-12     37.0767E-12         2.61214
             915     127.569E-12    -1.96594E-12    -947.251E-03
             916     41.6712E-12     71.9395E-12        -1.01123
             917     3.62892E-12     44.9764E-12         1.27491
             918     85.2469E-12     123.803E-12        -2.87695
             919     126.748E-12     41.4950E-12        -1.51435
             920     54.9385E-12    -8.41902E-12         1.78387
             921     164.949E-12    -63.8926E-12    -232.733E-03
             922     94.6986E-12     44.2835E-12    -132.613E-03
             923    -24.9999E-12     100.205E-12        -1.84670
             924     192.562E-12     137.567E-12        -9.87805
             925     177.748E-12    -57.8694E-12    -692.501E-03
             926     92.8933E-12     152.262E-12        -4.74260
             927     161.159E-12    -77.7341E-12     394.158E-03
             928     61.0178E-12    -9.50090E-12         11.4150
             929    -4.90222E-12     50.8928E-12         1.78346
             930    -15.5485E-12     115.291E-12        -3.20286
             931     35.5347E-12     44.5504E-12         7.63460
             932     174.677E-12    -21.0640E-12        -1.63080
             933     181.273E-12     53.7294E-12        -4.78330
             934     151.281E-12     184.121E-12        -10.2176
             935     92.8359E-12    -66.2426E-12         3.10129
             936     34.9590E-12     88.7900E-12        -1.79589
             937     55.7953E-12    -11.8517E-12         3.78879
             938     28.4317E-12     40.9488E-12         4.36104
             939     107.363E-12    -84.5668E-12         2.87743
             940     79.0840E-12     57.8107E-12     762.669E-03
             941     25.2125E-12     40.2135E-12     105.870E-03
             942     77.2314E-12     57.0475E-12     800.496E-03
             943     27.1015E-12     39.5618E-12     96.4132E-03
             944     77.5268E-12     2.68522E-12    -252.272E-03
             945     71.5713E-12    -4.32499E-12    -89.3977E-03
             946     22.2366E-12     29.3577E-12    -355.136E-03
             947     21.0047E-12     39.9997E-12     123.726E-03
             948     79.8328E-12     59.1107E-12     643.937E-03
             949     74.8754E-12    -4.77907E-12     19.4846E-03
             950     80.2676E-12     73.4742E-12    -110.141E-03
             951     41.9949E-12     16.5731E-12    -741.911E-03
             952     76.6572E-12     54.5850E-12     707.828E-03
             953     74.9979E-12     2.57496E-12    -191.163E-03
             954     34.2937E-12     42.0124E-12     14.0301E-03
             955     35.8873E-12     22.1303E-12    -801.242E-03
             956     46.5321E-12     71.1604E-12    -937.210E-03
             957     78.5999E-12     51.5554E-12     544.702E-03
             958     16.3558E-12     41.4077E-12     280.889E-03
             959     79.9110E-12     66.7769E-12     211.114E-03
             960     73.6365E-12    -4.41113E-12    -46.7204E-03
             961     41.9069E-12     47.8042E-12    -41.4319E-03
             962     75.7700E-12     56.1124E-12     760.599E-03
             963     30.4535E-12     39.9200E-12     69.5109E-03
             964     45.9451E-12     12.6790E-12    -644.438E-03
             965     69.3921E-12    -3.65054E-12    -108.980E-03
             966     90.4603E-12     5.70225E-12    -399.491E-03
             967     18.3509E-12     40.6726E-12     172.540E-03
             968     25.5285E-12     28.7286E-12    -602.808E-03
             969     10.7963E-12     42.1495E-12     748.395E-03
             970     79.0118E-12     60.6448E-12     466.820E-03
             971     21.3429E-12     31.3738E-12    -111.234E-03
             972     80.5952E-12     90.1324E-12        -1.00211
             973     77.2762E-12    -6.77032E-12     295.431E-03
             974     72.8900E-12     1.63787E-12    -127.277E-03
             975     45.0192E-12     53.7814E-12    -243.809E-03
             976     31.3285E-12     25.3048E-12    -770.566E-03
             977     14.7093E-12     41.6839E-12     478.633E-03
             978     26.7616E-12     27.4773E-12    -660.841E-03
             979     78.1758E-12    -11.5634E-12     730.146E-03
             980     20.2552E-12     33.5175E-12     427.565E-03
             981     47.8874E-12     63.9567E-12    -613.138E-03
             982     75.7481E-12    -5.68329E-12     133.224E-03
             983     80.1139E-12    -22.8179E-12         1.66937
             984     5.83720E-12     43.8160E-12         1.13805
             985     84.0139E-12     112.476E-12        -2.20959
             986     20.5185E-12     36.0513E-12         1.65915
             987     53.3221E-12     2.90717E-12    -99.7197E-03
             988     120.219E-12     2.88047E-12    -856.539E-03
             989     54.5351E-12    -5.39088E-12     986.011E-03
             990     80.0281E-12    -32.5332E-12         1.87555
             991     87.7243E-12     47.0632E-12     214.829E-03
             992     153.990E-12    -10.0798E-12        -1.36969
             993     88.8290E-12    -55.8544E-12         2.96168
             994     101.456E-12     42.1910E-12    -522.980E-03
             995     43.4068E-12     80.0158E-12        -1.35110
             996     25.5206E-12     38.6596E-12         3.30946
             997    -30.6073E-12     108.389E-12        -2.21402
             998     90.7643E-12     134.309E-12        -3.52056
             999     123.649E-12     40.8309E-12        -1.18903
            1000     198.845E-12    -60.7850E-12        -1.11072
            1001     886.289E-15     46.6076E-12         1.56149
            1002    -28.6080E-12     99.3645E-12        -1.51340
            1003     161.881E-12     159.874E-12        -9.07948
            1004     216.041E-12     144.333E-12        -12.1817
            1005     191.097E-12    -33.4639E-12        -1.75879
            1006     36.6082E-12     101.166E-12        -2.47879
            1007     55.3438E-12    -12.0439E-12         4.84459
            1008     56.6911E-12    -11.5910E-12         2.99456
            1009     104.771E-12    -86.0504E-12         3.88145
            1010     154.128E-12     213.367E-12        -13.1255
            1011     114.498E-12    -88.5106E-12         2.53774
            1012     211.021E-12     98.3336E-12        -8.91204
            1013     31.6855E-12     43.6470E-12         5.82076
            1014     97.7030E-12    -73.9083E-12         3.88779
            1015     28.4781E-12     28.3640E-12    -721.150E-03
            1016     79.2492E-12     57.9665E-12     822.010E-03
            1017     76.0800E-12     55.5817E-12     746.242E-03
            1018     27.1052E-12     40.4160E-12     103.820E-03
            1019     35.5911E-12     42.6554E-12     77.8807E-03
            1020     80.0067E-12     62.6849E-12     430.769E-03
            1021     38.9353E-12     20.5867E-12    -815.690E-03
            1022     80.1596E-12     58.7739E-12     732.768E-03
            1023     23.8473E-12     40.3148E-12     109.578E-03
            1024     78.2077E-12     53.1890E-12     648.324E-03
            1025     39.2280E-12     45.3750E-12     3.77491E-03
            1026     18.2581E-12     41.1950E-12     197.433E-03
            1027     102.534E-12     42.8251E-12    -409.622E-03
            1028     24.3238E-12     29.7350E-12    -518.102E-03
            1029     72.9122E-12    -4.03514E-12    -79.3710E-03
            1030     77.7826E-12     56.8301E-12     815.927E-03
            1031     29.7634E-12     40.2169E-12     92.4609E-03
            1032     89.7814E-12     7.63889E-12    -354.953E-03
            1033     52.3972E-12     1.55705E-12     23.2835E-03
            1034     72.5922E-12    -1.83928E-12    -111.545E-03
            1035     81.7334E-12     77.3369E-12    -239.871E-03
            1036     45.4242E-12     15.9532E-12    -761.710E-03
            1037     79.1168E-12     4.34660E-12    -234.481E-03
            1038     16.4274E-12     41.6218E-12     323.757E-03
            1039     20.6064E-12     40.5266E-12     134.278E-03
            1040     72.5808E-12     784.420E-15    -115.938E-03
            1041     12.7545E-12     41.8575E-12     616.123E-03
            1042     76.2877E-12    -4.19041E-12     43.5274E-03
            1043     74.5315E-12     3.09361E-12    -146.815E-03
            1044     81.0731E-12     60.6577E-12     658.543E-03
            1045     74.5270E-12    -4.45642E-12    -13.7041E-03
            1046     34.6876E-12     24.1129E-12    -822.383E-03
            1047     44.9324E-12     50.9323E-12    -103.489E-03
            1048     100.559E-12     7.34646E-12    -534.360E-03
            1049     50.3848E-12     9.55542E-12    -530.988E-03
            1050     29.9078E-12     26.8947E-12    -756.073E-03
            1051     48.4006E-12     58.6140E-12    -368.947E-03
            1052     81.3967E-12     83.4741E-12    -594.541E-03
            1053     78.1677E-12    -5.58306E-12     290.454E-03
            1054     21.0000E-12     32.6356E-12     35.0148E-03
            1055     78.7712E-12    -13.1778E-12     950.189E-03
            1056     19.8588E-12     35.1468E-12     703.414E-03
            1057     8.06242E-12     42.9017E-12         1.05552
            1058     81.1149E-12     70.1581E-12     118.276E-03
            1059     110.792E-12     5.84325E-12    -705.127E-03
            1060     83.3903E-12     49.4689E-12     425.206E-03
            1061     79.7718E-12    -19.6608E-12         1.57530
            1062     77.8153E-12    -4.98642E-12     200.862E-03
            1063     19.6084E-12     36.0910E-12         1.17696
            1064     22.6504E-12     30.9878E-12    -333.526E-03
            1065     94.9288E-12     44.9570E-12    -12.3158E-03
            1066     81.6939E-12    -28.8642E-12         2.12810
            1067     133.298E-12     39.9629E-12        -1.55135
            1068     51.2889E-12     70.5740E-12    -845.061E-03
            1069     22.1474E-12     37.9369E-12         2.57296
            1070     54.7219E-12    -2.28757E-12     465.131E-03
            1071     5.02129E-12     44.2115E-12         1.34948
            1072     86.8938E-12     121.679E-12        -2.72882
            1073     49.4853E-12     79.2004E-12        -1.26932
            1074     44.6913E-12     89.0397E-12        -1.79417
            1075     140.795E-12    -519.421E-15        -1.22200
            1076     57.7947E-12    -10.7365E-12         2.34097
            1077     85.7367E-12    -45.8553E-12         2.75509
            1078     25.5391E-12     101.993E-12        -2.51507
            1079     206.645E-12    -46.8729E-12        -1.77918
            1080     187.572E-12     158.202E-12        -10.9465
            1081    -31.4548E-12     100.270E-12        -1.20374
            1082     203.338E-12     63.1782E-12        -6.54093
            1083     186.990E-12    -14.5770E-12        -2.12707
            1084     135.814E-12    -98.7132E-12         2.29140
            1085     175.596E-12     181.518E-12        -11.9005
            1086     136.887E-12     229.172E-12        -13.3861
            1087     59.7089E-12    -15.2874E-12         4.72715
            1088    -26.0566E-12     119.416E-12        -3.43630
            1089     80.2522E-12     58.5462E-12     819.922E-03
            1090     73.8949E-12    -3.70440E-12    -69.7828E-03
            1091     27.1258E-12     41.1201E-12     102.380E-03
            1092     55.7597E-12     840.764E-15     92.3624E-03
            1093     84.5434E-12     7.77334E-12    -255.882E-03
            1094     79.4429E-12     57.8294E-12     856.777E-03
            1095     29.4364E-12     40.7926E-12     103.649E-03
            1096     73.4834E-12    -2.13257E-12    -107.500E-03
            1097     18.2261E-12     41.4960E-12     222.856E-03
            1098     44.7203E-12     49.0333E-12    -1.04972E-03
            1099     43.7472E-12     17.8055E-12    -803.180E-03
            1100     75.9077E-12    -3.60487E-12    -6.52458E-03
            1101     27.0116E-12     29.7416E-12    -661.357E-03
            1102     33.3093E-12     25.9329E-12    -826.267E-03
            1103     51.8491E-12     6.19439E-12    -342.209E-03
            1104     81.3555E-12     51.4451E-12     568.289E-03
            1105     22.8154E-12     41.0236E-12     116.526E-03
            1106     81.4882E-12     60.3108E-12     733.810E-03
            1107     78.3282E-12     54.4209E-12     724.337E-03
            1108     38.0526E-12     22.5458E-12    -849.881E-03
            1109     38.6691E-12     44.4451E-12     61.8420E-03
            1110     80.9263E-12     61.8368E-12     562.380E-03
            1111     95.8969E-12     9.64897E-12    -427.963E-03
            1112     20.3696E-12     41.0362E-12     146.249E-03
            1113     16.5229E-12     41.6398E-12     361.505E-03
            1114     72.0715E-12    -1.10181E-12    -113.969E-03
            1115     78.0840E-12     56.2249E-12     805.250E-03
            1116     82.6621E-12     79.9605E-12    -335.189E-03
            1117     32.6578E-12     41.3165E-12     87.1500E-03
            1118     30.1552E-12     29.0532E-12    -774.018E-03
            1119     49.1724E-12     12.7171E-12    -669.890E-03
            1120     80.9662E-12     65.2373E-12     371.354E-03
            1121     77.2043E-12     4.70757E-12    -174.686E-03
            1122     22.2942E-12     32.0126E-12    -244.097E-03
            1123     77.2744E-12    -4.38385E-12     113.799E-03
            1124     14.8462E-12     41.5056E-12     535.629E-03
            1125     75.4612E-12     4.66144E-12    -115.740E-03
            1126     83.4946E-12     97.5860E-12        -1.34229
            1127     10.2758E-12     42.1393E-12     953.801E-03
            1128     48.2468E-12     54.6781E-12    -185.678E-03
            1129     89.6641E-12     47.3768E-12     293.007E-03
            1130     78.3527E-12    -8.76244E-12     556.903E-03
            1131     20.6967E-12     33.9586E-12     199.332E-03
            1132     82.0230E-12     73.0277E-12     29.9371E-03
            1133     78.8196E-12    -14.5842E-12         1.19661
            1134     19.2624E-12     36.4959E-12     811.924E-03
            1135     23.7335E-12     31.2641E-12    -431.484E-03
            1136     128.415E-12     5.45727E-12        -1.02483
            1137     58.8537E-12    -9.44546E-12         1.78283
            1138     78.1716E-12    -3.68919E-12     177.356E-03
            1139     51.8873E-12     63.9736E-12    -528.121E-03
            1140     102.443E-12     43.1804E-12    -272.619E-03
            1141     81.0878E-12    -25.2060E-12         2.11728
            1142     122.870E-12     40.0354E-12        -1.02005
            1143     6.95432E-12     43.1780E-12         1.31282
            1144     90.4651E-12     126.613E-12        -3.04219
            1145     19.9797E-12     38.0358E-12         2.17524
            1146     54.7900E-12     77.9347E-12        -1.13996
            1147     112.192E-12     41.5703E-12    -764.566E-03
            1148     24.1329E-12     40.6012E-12         3.61101
            1149     52.3905E-12     87.8365E-12        -1.68009
            1150     47.1263E-12     99.7271E-12        -2.37786
            1151     180.868E-12     209.925E-12        -14.8203
            1152     83.4909E-12    -36.8529E-12         2.46295
            1153     143.030E-12     41.3413E-12        -2.15913
            1154     194.889E-12     48.9091E-12        -5.16501
            1155    -29.2423E-12     92.7922E-12    -626.387E-03
            1156     168.180E-12    -4.69523E-12        -1.81682
            1157     218.420E-12     57.1565E-12        -7.09613
            1158     89.3663E-12    -50.4568E-12         3.51144
            1159     211.599E-12     168.617E-12        -13.7013
            1160    -31.8515E-12     105.255E-12        -1.76501
            1161     213.854E-12    -62.5969E-12        -1.44819
            1162     207.726E-12    -26.3041E-12        -2.40866
            1163     95.8938E-12     148.765E-12        -4.53252
            1164     3.32334E-12     44.9163E-12         1.67201
            1165     172.348E-12     240.673E-12        -17.1469
            1166     60.2155E-12    -14.4760E-12         3.72623
            1167     180.272E-12    -77.6417E-12    -7.38810E-03
            1168     101.841E-12    -80.5207E-12         4.75824
            1169     52.6398E-12     8.14075E-12    -461.686E-03
            1170     80.2859E-12     58.3152E-12     866.483E-03
            1171     29.2067E-12     41.3755E-12     103.541E-03
            1172     40.5477E-12     20.8480E-12    -847.372E-03
            1173     25.5254E-12     40.8683E-12     104.474E-03
            1174     81.1371E-12     59.3038E-12     809.227E-03
            1175     81.7095E-12     64.1002E-12     503.241E-03
            1176     20.2308E-12     41.3910E-12     159.026E-03
            1177     78.6127E-12     55.3437E-12     778.039E-03
            1178     37.9409E-12     43.8619E-12     100.053E-03
            1179     81.7652E-12     67.7899E-12     301.634E-03
            1180     41.7280E-12     46.5615E-12     35.9983E-03
            1181     80.4077E-12     53.0024E-12     672.110E-03
            1182     88.7316E-12     9.25579E-12    -304.300E-03
            1183     54.1908E-12     4.71811E-12    -242.936E-03
            1184     23.5329E-12     32.4083E-12    -369.713E-03
            1185     31.7754E-12     27.6025E-12    -810.469E-03
            1186     74.3568E-12     562.765E-15    -121.895E-03
            1187     18.4071E-12     41.6409E-12     263.643E-03
            1188     79.6638E-12     57.3409E-12     869.094E-03
            1189     32.1078E-12     41.5394E-12     104.469E-03
            1190     46.8317E-12     17.0381E-12    -809.477E-03
            1191     16.7687E-12     41.4842E-12     387.705E-03
            1192     74.3594E-12    -2.18827E-12    -99.8362E-03
            1193     77.0483E-12    -3.17859E-12     25.3555E-03
            1194     36.8428E-12     24.5550E-12    -871.293E-03
            1195     80.6603E-12     6.31671E-12    -211.717E-03
            1196     111.336E-12     41.5810E-12    -593.245E-03
            1197     25.4923E-12     31.1229E-12    -561.093E-03
            1198     83.3565E-12     88.4545E-12    -814.424E-03
            1199     47.8512E-12     51.9308E-12    -51.6806E-03
            1200     12.7986E-12     41.6477E-12     731.987E-03
            1201     22.5150E-12     41.3587E-12     120.339E-03
            1202     82.0978E-12     61.4310E-12     717.629E-03
            1203     28.6285E-12     30.4314E-12    -717.474E-03
            1204     74.4614E-12     2.87897E-12    -112.114E-03
            1205     107.827E-12     10.8786E-12    -622.008E-03
            1206     78.0217E-12    -3.40698E-12     119.896E-03
            1207     85.7863E-12     49.3821E-12     461.761E-03
            1208     76.8830E-12     5.73344E-12    -130.619E-03
            1209     21.9262E-12     33.1590E-12    -130.484E-03
            1210     95.0798E-12     45.2593E-12     94.7902E-03
            1211     82.5625E-12     74.9999E-12    -39.0067E-03
            1212     51.1758E-12     11.3593E-12    -620.502E-03
            1213     51.7649E-12     59.0102E-12    -291.692E-03
            1214     86.5268E-12     107.219E-12        -1.87727
            1215     8.89467E-12     42.2700E-12         1.23506
            1216     78.4370E-12    -9.82721E-12     715.205E-03
            1217     20.1717E-12     35.2050E-12     372.533E-03
            1218     78.2538E-12    -6.11219E-12     382.902E-03
            1219     55.4721E-12     69.9565E-12    -730.054E-03
            1220     79.3977E-12    -19.6355E-12         1.80115
            1221     18.8606E-12     37.2082E-12         1.24555
            1222     131.954E-12     38.3707E-12        -1.29781
            1223     117.250E-12     9.02179E-12    -810.659E-03
            1224     58.4581E-12     85.8409E-12        -1.50020
            1225     60.5675E-12    -4.50469E-12     724.665E-03
            1226     20.9977E-12     39.5447E-12         2.85398
            1227     143.005E-12     38.8054E-12        -1.86138
            1228     82.0153E-12    -28.9065E-12         2.54733
            1229    -25.5804E-12     83.4540E-12    -4.71396E-03
            1230     55.9660E-12     97.4459E-12        -2.18944
            1231     61.6166E-12    -11.3799E-12         2.12153
            1232     5.74933E-12     43.4571E-12         1.65656
            1233     93.9164E-12     136.610E-12        -3.75974
            1234    -1.70958E-12     48.0905E-12         2.01911
            1235     151.334E-12     3.30546E-12        -1.52316
            1236     96.8323E-12     159.371E-12        -5.25381
            1237     24.7772E-12     114.512E-12        -3.30376
            1238     86.0398E-12    -40.8049E-12         3.13968
            1239     38.5019E-12     114.036E-12        -3.27680
            1240     173.574E-12     43.8902E-12        -3.68598
            1241     233.562E-12     98.2063E-12        -10.5354
            1242    -33.4842E-12     100.614E-12    -624.401E-03
            1243     204.716E-12     190.512E-12        -14.9704
            1244     236.788E-12    -23.4752E-12        -3.40193
            1245    -35.2881E-12     107.417E-12        -1.41838
            1246    -33.7715E-12     115.059E-12        -2.71899
            1247     92.9791E-12    -61.5478E-12         3.77099
            1248     199.445E-12    -5.62026E-12        -2.69770
            1249     81.0714E-12     58.8340E-12     867.853E-03
            1250     28.4710E-12     41.7873E-12     92.8813E-03
            1251     31.8414E-12     29.6892E-12    -818.416E-03
            1252     75.0467E-12    -2.44715E-12    -83.6052E-03
            1253     54.8701E-12     6.75551E-12    -381.193E-03
            1254     27.3698E-12     31.7018E-12    -646.989E-03
            1255     20.1876E-12     41.6230E-12     170.639E-03
            1256     75.0360E-12     4.35788E-12    -107.044E-03
            1257     76.7730E-12    -2.44777E-12    -28.4986E-03
            1258     47.2305E-12     49.9217E-12     43.8216E-03
            1259     80.3941E-12     57.8430E-12     889.597E-03
            1260     31.6331E-12     41.8645E-12     107.988E-03
            1261     83.4377E-12     51.1861E-12     595.209E-03
            1262     45.4014E-12     19.0086E-12    -855.304E-03
            1263     35.3555E-12     26.5308E-12    -875.320E-03
            1264     40.6818E-12     22.6038E-12    -890.463E-03
            1265     74.9453E-12     191.038E-15    -124.079E-03
            1266     25.5431E-12     41.2085E-12     101.780E-03
            1267     18.6149E-12     41.5093E-12     271.611E-03
            1268     56.5108E-12     3.18423E-12    -123.889E-03
            1269     80.0401E-12     54.2562E-12     748.129E-03
            1270     81.8840E-12     60.1449E-12     797.998E-03
            1271     41.0249E-12     45.5405E-12     89.7999E-03
            1272     82.1692E-12     63.2752E-12     603.951E-03
            1273     82.1905E-12     66.0038E-12     446.210E-03
            1274     100.973E-12     12.2476E-12    -479.232E-03
            1275     82.2906E-12     69.9054E-12     234.171E-03
            1276     22.2616E-12     41.6056E-12     124.322E-03
            1277     15.2767E-12     41.1882E-12     559.797E-03
            1278     24.9798E-12     32.6301E-12    -484.017E-03
            1279     75.4451E-12     3.73430E-12    -121.878E-03
            1280     79.7726E-12     56.5570E-12     855.619E-03
            1281     34.9956E-12     42.5297E-12     104.278E-03
            1282     82.9667E-12     80.5634E-12    -344.183E-03
            1283     53.3126E-12     10.0822E-12    -565.165E-03
            1284     77.8073E-12    -2.80017E-12     55.8090E-03
            1285     48.4871E-12     15.5236E-12    -771.499E-03
            1286     84.6873E-12     95.8860E-12        -1.23653
            1287     10.7272E-12     41.6461E-12         1.09570
            1288     79.1681E-12     7.16796E-12    -153.018E-03
            1289     78.0641E-12    -2.43730E-12     99.8745E-03
            1290     77.4442E-12     7.58463E-12    -98.0622E-03
            1291     90.5000E-12     47.2884E-12     355.716E-03
            1292     51.1947E-12     55.3382E-12    -118.278E-03
            1293     108.996E-12     41.5925E-12    -394.289E-03
            1294     21.4398E-12     34.2889E-12     162.380E-06
            1295     101.638E-12     43.3691E-12    -129.716E-03
            1296     55.3673E-12     63.8452E-12    -426.477E-03
            1297     78.1093E-12    -10.7628E-12     882.399E-03
            1298     19.6738E-12     36.3460E-12     518.497E-03
            1299     59.2095E-12     76.4893E-12    -982.248E-03
            1300     85.4836E-12     9.89550E-12    -223.396E-03
            1301     62.2829E-12    -9.02752E-12         1.48800
            1302     78.0943E-12    -15.3418E-12         1.43937
            1303     18.7989E-12     37.2336E-12     870.412E-03
            1304     78.0095E-12    -6.82878E-12     495.187E-03
            1305     23.0373E-12     33.4985E-12    -273.998E-03
            1306     63.1576E-12     83.5590E-12        -1.28489
            1307     123.855E-12     38.1814E-12    -907.649E-03
            1308     151.806E-12     37.0522E-12        -2.12116
            1309     136.394E-12     9.42642E-12        -1.21693
            1310     60.8879E-12    -13.3095E-12         2.87492
            1311     79.4037E-12    -23.1387E-12         2.41646
            1312     18.9301E-12     37.7095E-12         1.67301
            1313     8.09467E-12     42.2434E-12         1.54905
            1314     89.8100E-12     121.228E-12        -2.75895
            1315     19.4437E-12     40.1799E-12         2.93521
            1316     22.1403E-12     41.8009E-12         3.82219
            1317     62.6931E-12     94.5296E-12        -1.93404
            1318     116.932E-12     39.8937E-12    -681.011E-03
            1319     83.5980E-12    -33.4514E-12         2.77269
            1320     50.8442E-12     111.775E-12        -3.09533
            1321     24.4084E-12     128.864E-12        -4.28011
            1322     14.2222E-12     101.118E-12        -2.41736
            1323     185.737E-12     40.5481E-12        -4.00197
            1324     4.66923E-12     43.6893E-12         2.11416
            1325     99.1446E-12     152.309E-12        -4.94259
            1326     156.747E-12     40.3266E-12        -2.63807
            1327     179.098E-12     2.19944E-12        -2.26636
            1328     92.0606E-12    -54.2022E-12         4.46713
            1329     199.942E-12     207.362E-12        -16.1796
            1330     240.104E-12     179.698E-12        -16.8877
            1331     241.161E-12     71.8446E-12        -9.49924
            1332     1.48851E-12     45.7376E-12         2.14387
            1333    -38.0043E-12     108.218E-12    -689.482E-03
            1334     101.770E-12     164.286E-12        -5.75110
            1335     109.359E-12    -96.2544E-12         4.88781
            1336     76.7504E-12     7.26412E-12    -91.8047E-03
            1337     81.0689E-12     58.3184E-12     901.267E-03
            1338     31.0344E-12     42.1436E-12     98.8404E-03
            1339     82.4471E-12     67.6100E-12     391.194E-03
            1340     44.1898E-12     21.7368E-12    -910.051E-03
            1341     22.2034E-12     41.7463E-12     125.527E-03
            1342     81.7090E-12     59.3920E-12     861.697E-03
            1343     82.4574E-12     64.6815E-12     559.403E-03
            1344     44.1464E-12     47.5956E-12     71.5117E-03
            1345     82.2055E-12     52.7098E-12     698.598E-03
            1346     76.7208E-12    -1.27160E-12    -77.6138E-03
            1347     30.2050E-12     30.9251E-12    -764.912E-03
            1348     79.0469E-12     56.0410E-12     818.999E-03
            1349     20.3080E-12     41.6773E-12     184.713E-03
            1350     40.3559E-12     44.9113E-12     122.501E-03
            1351     55.4684E-12     8.79098E-12    -499.619E-03
            1352     78.7791E-12     8.50019E-12    -108.390E-03
            1353     19.0052E-12     41.3128E-12     263.636E-03
            1354     57.0720E-12     5.40266E-12    -291.725E-03
            1355     77.5560E-12    -2.00307E-12    -5.99871E-03
            1356     75.6254E-12     3.06510E-12    -132.051E-03
            1357     39.0487E-12     24.9230E-12    -911.469E-03
            1358     17.1686E-12     41.1866E-12     393.874E-03
            1359     82.4784E-12     71.4438E-12     176.033E-03
            1360     80.5517E-12     57.0389E-12     888.847E-03
            1361     75.6075E-12    -132.893E-15    -121.358E-03
            1362     47.6862E-12     18.8748E-12    -867.839E-03
            1363     33.6905E-12     28.2817E-12    -858.287E-03
            1364     34.4205E-12     42.5918E-12     114.535E-03
            1365     13.1794E-12     41.1256E-12     832.447E-03
            1366     50.4225E-12     52.6388E-12     5.18357E-03
            1367     51.7782E-12     13.1120E-12    -696.714E-03
            1368     24.7292E-12     41.6896E-12     95.8529E-03
            1369     82.3749E-12     61.0653E-12     780.237E-03
            1370     87.2029E-12     49.0877E-12     497.860E-03
            1371     26.5688E-12     32.9308E-12    -575.218E-03
            1372     82.5445E-12     75.9035E-12    -79.4904E-03
            1373     94.8759E-12     45.3509E-12     193.521E-03
            1374     64.6141E-12    -13.6630E-12         2.46567
            1375     24.3766E-12     33.7613E-12    -395.392E-03
            1376     75.5681E-12     4.76565E-12    -112.391E-03
            1377     78.0410E-12    -1.99546E-12     55.4506E-03
            1378     83.5473E-12     85.8703E-12    -655.541E-03
            1379     106.887E-12     41.1724E-12    -244.342E-03
            1380     66.6769E-12     81.1116E-12        -1.05165
            1381     58.6219E-12    -424.785E-15     219.824E-03
            1382     77.9350E-12    -3.32954E-12     200.551E-03
            1383     104.120E-12     15.2066E-12    -493.148E-03
            1384     54.7225E-12     59.2024E-12    -203.731E-03
            1385     20.9379E-12     35.4074E-12     138.223E-03
            1386     59.0730E-12     69.1620E-12    -596.335E-03
            1387     83.5712E-12     11.2253E-12    -152.736E-03
            1388     77.3113E-12    -11.3087E-12         1.02962
            1389     18.9407E-12     37.3215E-12     686.794E-03
            1390     87.0519E-12     107.203E-12        -1.92655
            1391     10.3137E-12     41.3748E-12         1.36069
            1392     77.4068E-12    -7.54520E-12     618.124E-03
            1393     113.212E-12     39.6211E-12    -478.554E-03
            1394     22.5091E-12     34.5503E-12    -163.647E-03
            1395     77.7474E-12    -18.1497E-12         1.89478
            1396     18.3468E-12     38.2567E-12         1.65298
            1397     64.0798E-12    -15.9544E-12         3.35027
            1398     117.796E-12     38.1271E-12    -638.709E-03
            1399     67.3721E-12     91.2474E-12        -1.64520
            1400     139.436E-12     36.4062E-12        -1.51971
            1401     123.142E-12     13.1004E-12    -918.421E-03
            1402     63.2392E-12    -6.26020E-12     946.051E-03
            1403     19.1348E-12     38.7950E-12         2.22687
            1404     20.3092E-12     42.2340E-12         3.88596
            1405     80.4183E-12    -27.3967E-12         3.00209
            1406     60.8262E-12     108.172E-12        -2.79799
            1407     65.0796E-12    -10.9553E-12         1.76329
            1408     56.5891E-12     125.221E-12        -3.93513
            1409     7.52115E-12     42.2248E-12         1.96347
            1410     92.6904E-12     130.473E-12        -3.46161
            1411     41.5962E-12     128.898E-12        -4.23897
            1412     11.2933E-12     112.762E-12        -3.16740
            1413     160.636E-12     8.93445E-12        -1.84210
            1414    -4.88438E-12     49.7684E-12         2.66853
            1415     110.951E-12     192.935E-12        -8.27532
            1416     81.6276E-12     58.7827E-12     904.315E-03
            1417     33.0553E-12     42.7763E-12     90.5464E-03
            1418     33.2973E-12     30.3712E-12    -848.241E-03
            1419     76.2076E-12    -559.111E-15    -108.383E-03
            1420     29.1076E-12     32.0951E-12    -709.548E-03
            1421     22.2801E-12     41.7869E-12     121.861E-03
            1422     77.2898E-12    -1.29077E-12    -53.2047E-03
            1423     49.5348E-12     50.6221E-12     90.4534E-03
            1424     84.9804E-12     50.7102E-12     617.794E-03
            1425     45.5837E-12     20.5433E-12    -895.147E-03
            1426     20.4372E-12     41.5561E-12     184.883E-03
            1427     81.6201E-12     58.0521E-12     925.737E-03
            1428     33.6406E-12     42.6604E-12     108.618E-03
            1429     99.0375E-12     15.1696E-12    -387.602E-03
            1430     18.7764E-12     40.9122E-12     295.416E-03
            1431     25.8549E-12     33.9941E-12    -495.388E-03
            1432     58.8799E-12     1.93643E-12    -17.0536E-03
            1433     82.4512E-12     62.5928E-12     686.748E-03
            1434     27.5971E-12     41.9317E-12     83.1671E-03
            1435     76.0763E-12     6.27130E-12    -103.031E-03
            1436     81.5139E-12     54.0387E-12     777.636E-03
            1437     43.4159E-12     46.5498E-12     118.895E-03
            1438     24.2810E-12     41.8245E-12     94.5346E-03
            1439     53.8536E-12     12.0581E-12    -656.292E-03
            1440     82.2208E-12     60.0269E-12     849.714E-03
            1441     78.8454E-12     10.2661E-12    -75.2970E-03
            1442     57.6111E-12     7.47539E-12    -423.221E-03
            1443     37.4872E-12     27.0075E-12    -915.052E-03
            1444     82.2467E-12     72.3129E-12     130.968E-03
            1445     76.0363E-12     2.60534E-12    -141.258E-03
            1446     87.4195E-12     12.8133E-12    -195.301E-03
            1447     16.3295E-12     40.8902E-12     501.207E-03
            1448     82.3682E-12     79.9876E-12    -336.767E-03
            1449     76.3761E-12     6.16797E-12    -124.558E-03
            1450     77.9366E-12    -1.40835E-12     4.96555E-03
            1451     80.5068E-12     56.0098E-12     855.641E-03
            1452     37.4469E-12     43.6687E-12     120.971E-03
            1453     80.8448E-12     9.74996E-12    -125.683E-03
            1454     49.5426E-12     16.6139E-12    -812.490E-03
            1455     100.253E-12     43.0990E-12     13.4480E-03
            1456     106.641E-12     39.9373E-12    -195.070E-03
            1457     90.7662E-12     46.9972E-12     404.558E-03
            1458     12.4613E-12     40.7358E-12         1.11709
            1459     58.3946E-12     63.4992E-12    -311.973E-03
            1460     77.8863E-12    -1.58409E-12     70.5476E-03
            1461     84.0574E-12     90.6614E-12    -945.599E-03
            1462     53.7416E-12     55.7017E-12    -45.4254E-03
            1463     23.7441E-12     34.7285E-12    -299.852E-03
            1464     82.4963E-12     65.8424E-12     513.853E-03
            1465     77.4327E-12    -4.10982E-12     302.572E-03
            1466     62.8528E-12     74.9808E-12    -806.571E-03
            1467     20.2610E-12     36.4370E-12     280.803E-03
            1468     76.5161E-12    -8.17062E-12     740.797E-03
            1469     67.8707E-12    -15.8916E-12         2.71790
            1470     65.7433E-12    -8.21887E-12         1.19737
            1471     112.456E-12     38.6942E-12    -422.927E-03
            1472     70.7622E-12     87.9209E-12        -1.34928
            1473     76.5865E-12    -13.7444E-12         1.41059
            1474     18.2483E-12     37.8442E-12         1.14423
            1475     129.767E-12     35.9585E-12        -1.08563
            1476     61.3379E-12    -1.74761E-12     355.773E-03
            1477     21.9217E-12     35.5601E-12    -48.3561E-03
            1478     159.000E-12     34.7974E-12        -2.29572
            1479     113.252E-12     18.3916E-12    -649.626E-03
            1480     63.4730E-12    -17.8114E-12         4.38730
            1481     77.7635E-12    -21.2759E-12         2.43878
            1482     89.5580E-12     118.308E-12        -2.63836
            1483     9.96658E-12     41.2214E-12         1.72330
            1484     18.0477E-12     39.1956E-12         2.19008
            1485     67.7710E-12    -12.7662E-12         1.95831
            1486     143.288E-12     14.2231E-12        -1.42312
            1487     82.6141E-12    -33.5617E-12         3.74223
            1488     67.6213E-12     103.941E-12        -2.43702
            1489     18.1810E-12     41.9391E-12         3.76008
            1490     24.0045E-12     45.1352E-12         5.10632
            1491     64.8816E-12     140.415E-12        -4.88990
            1492     3.09036E-12     141.056E-12        -5.16175
            1493     67.0280E-12     119.817E-12        -3.48854
            1494     7.52190E-12     42.2378E-12         2.49923
            1495     96.0073E-12     142.924E-12        -4.40133
            1496    -175.438E-15     46.3384E-12         2.81919
            1497    -8.79325E-12     53.5217E-12         2.30632
            1498     107.665E-12     190.411E-12        -7.91097
            1499     24.6246E-12     146.362E-12        -5.45158
            1500     45.2174E-12     23.7054E-12    -949.739E-03
            1501     30.9802E-12     42.4623E-12     79.5550E-03
            1502     82.5634E-12     63.5712E-12     650.161E-03
            1503     82.0938E-12     59.2535E-12     899.686E-03
            1504     77.3367E-12     998.721E-15    -123.096E-03
            1505     31.5790E-12     31.3491E-12    -797.706E-03
            1506     84.4512E-12     13.5199E-12    -115.230E-03
            1507     83.5412E-12     52.1846E-12     718.587E-03
            1508     46.4931E-12     48.4550E-12     108.762E-03
            1509     22.2888E-12     41.7189E-12     118.036E-03
            1510     78.0274E-12     9.72430E-12    -73.6118E-03
            1511     20.7992E-12     41.3573E-12     169.556E-03
            1512     61.2318E-12     1.01574E-12     64.2694E-03
            1513     58.0751E-12     9.53674E-12    -534.058E-03
            1514     90.9830E-12     14.8799E-12    -222.745E-03
            1515     64.4235E-12    -2.92482E-12     466.812E-03
            1516     77.8291E-12    -529.552E-15    -47.4982E-03
            1517     82.3961E-12     68.7927E-12     340.452E-03
            1518     76.3772E-12     6.71071E-12    -110.267E-03
            1519     17.9359E-12     40.5859E-12     374.168E-03
            1520     81.7877E-12     55.0682E-12     859.680E-03
            1521     42.7748E-12     45.8556E-12     144.339E-03
            1522     81.8916E-12     75.9124E-12    -98.9799E-03
            1523     39.7620E-12     27.2265E-12    -943.659E-03
            1524     76.4950E-12     5.59894E-12    -141.308E-03
            1525     15.1878E-12     40.5769E-12     675.134E-03
            1526     49.7721E-12     19.7986E-12    -896.153E-03
            1527     52.6689E-12     53.0877E-12     63.4733E-03
            1528     28.3520E-12     33.2252E-12    -650.923E-03
            1529     76.5276E-12     2.24155E-12    -146.506E-03
            1530     88.1188E-12     48.5370E-12     523.153E-03
            1531     51.6435E-12     15.1691E-12    -771.966E-03
            1532     35.8115E-12     29.1184E-12    -898.615E-03
            1533     25.1654E-12     34.9172E-12    -410.253E-03
            1534     81.7410E-12     57.0656E-12     926.746E-03
            1535     93.5266E-12     44.9975E-12     320.532E-03
            1536     82.5128E-12     60.6289E-12     831.827E-03
            1537     36.5392E-12     43.4461E-12     121.481E-03
            1538     26.9297E-12     42.0252E-12     73.5651E-03
            1539     62.1471E-12     68.2419E-12    -448.394E-03
            1540     35.5289E-12     43.2981E-12     105.370E-03
            1541     82.0227E-12     58.4892E-12     929.519E-03
            1542     82.8861E-12     84.4416E-12    -598.768E-03
            1543     77.9249E-12    -737.059E-15     4.64014E-03
            1544     80.2976E-12     11.3530E-12    -78.9633E-03
            1545     69.4836E-12     78.7362E-12    -818.891E-03
            1546     107.227E-12     38.1452E-12    -206.324E-03
            1547     101.501E-12     41.2972E-12     13.7240E-03
            1548     77.2718E-12    -1.03422E-12     75.5931E-03
            1549     24.1332E-12     41.8785E-12     89.5317E-03
            1550     23.1754E-12     35.5858E-12    -207.161E-03
            1551     57.2345E-12     59.1428E-12    -109.444E-03
            1552     19.4042E-12     37.3618E-12     460.653E-03
            1553     76.6433E-12    -4.76665E-12     399.368E-03
            1554     73.1019E-12     84.7456E-12        -1.06760
            1555     104.541E-12     18.0749E-12    -452.572E-03
            1556     82.2911E-12     66.7119E-12     469.915E-03
            1557     17.1215E-12     38.7505E-12         1.03473
            1558     76.2425E-12    -11.3745E-12         1.12739
            1559     59.1491E-12     4.18317E-12    -202.495E-03
            1560     85.8857E-12     104.169E-12        -1.81083
            1561     12.1102E-12     40.5394E-12         1.43779
            1562     66.9050E-12    -5.65651E-12     777.415E-03
            1563     21.3127E-12     36.5923E-12     64.6578E-03
            1564     121.125E-12     36.2260E-12    -738.540E-03
            1565     67.9326E-12    -9.92949E-12         1.41027
            1566     76.2372E-12    -16.0823E-12         1.79281
            1567     17.6228E-12     38.5734E-12         1.54292
            1568     72.1566E-12     99.5631E-12        -2.05749
            1569     174.957E-12     35.4678E-12        -3.07082
            1570     145.809E-12     34.0283E-12        -1.70587
            1571     67.4872E-12    -19.0930E-12         3.72694
            1572     70.2038E-12    -13.6359E-12         1.96152
            1573     126.974E-12     18.6526E-12    -988.326E-03
            1574     18.0968E-12     40.4460E-12         2.88788
            1575     26.2814E-12     43.7653E-12         4.85274
            1576     78.3374E-12    -25.3791E-12         3.13350
            1577     18.7459E-12     43.7597E-12         4.86242
            1578     87.3829E-12    -42.9661E-12         3.90614
            1579     4.05254E-12     43.9563E-12         2.74253
            1580     107.961E-12     178.512E-12        -7.04800
            1581     73.6092E-12     113.990E-12        -2.99417
            1582     10.0784E-12     41.1641E-12         2.17309
            1583     90.0723E-12     124.523E-12        -3.18903
            1584     19.3648E-12     45.9162E-12         6.20139
            1585     168.585E-12     14.9897E-12        -2.18060
            1586     75.1306E-12     132.141E-12        -4.23072
            1587    -8.60108E-12     51.1354E-12         3.50680
            1588    -12.6548E-12     59.4285E-12         1.52524
            1589     117.212E-12     205.283E-12        -9.83158
            1590     115.067E-12    -97.3053E-12         3.65890
            1591     60.4188E-12    -3.67001E-12         11.9927
            1592    -5.91925E-12     120.923E-12        -3.68716
            1593     97.0040E-12    -67.3062E-12         4.71288
            1594     118.736E-12     215.384E-12        -10.7926
            1595     138.518E-12     250.219E-12        -15.8908
            1596     127.795E-12    -102.290E-12         3.10602
            1597     63.1562E-12    -18.7244E-12         5.55339
            1598     77.0079E-12     1.75206E-12    -142.535E-03
            1599     34.1258E-12     31.3234E-12    -853.287E-03
            1600     78.8360E-12     11.5317E-12    -57.1246E-03
            1601     82.4683E-12     64.4246E-12     610.951E-03
            1602     51.7073E-12     51.1685E-12     137.278E-03
            1603     76.9128E-12     8.48737E-12    -89.0744E-03
            1604     86.0660E-12     49.9927E-12     628.980E-03
            1605     21.9615E-12     41.6048E-12     125.877E-03
            1606     97.2207E-12     17.1864E-12    -308.423E-03
            1607     82.3000E-12     58.8913E-12     925.669E-03
            1608     34.9231E-12     43.2396E-12     78.3984E-03
            1609     47.7482E-12     22.3184E-12    -938.257E-03
            1610     43.4210E-12     25.6830E-12    -960.980E-03
            1611     27.4917E-12     34.2527E-12    -575.667E-03
            1612     60.1467E-12     8.24508E-12    -459.831E-03
            1613     66.7987E-12    -1.35228E-12     270.800E-03
            1614     82.0355E-12     57.5908E-12     940.382E-03
            1615     24.3455E-12     41.9053E-12     75.2382E-03
            1616     20.4973E-12     40.7566E-12     183.697E-03
            1617     38.3146E-12     44.0409E-12     123.114E-03
            1618     63.3879E-12     860.067E-15     71.7682E-03
            1619     82.5660E-12     62.6309E-12     722.725E-03
            1620     56.3921E-12     12.8487E-12    -685.032E-03
            1621     26.1611E-12     42.0418E-12     64.6381E-03
            1622     17.1139E-12     40.2137E-12     485.830E-03
            1623     82.7062E-12     53.6276E-12     808.503E-03
            1624     45.7723E-12     47.4050E-12     148.404E-03
            1625     29.2834E-12     42.3659E-12     53.2323E-03
            1626     81.5300E-12     72.4634E-12     100.092E-03
            1627     82.0286E-12     12.3491E-12    -92.5981E-03
            1628     82.3956E-12     59.7072E-12     888.438E-03
            1629     77.0142E-12     8.69127E-12    -123.644E-03
            1630     97.0776E-12     42.6088E-12     187.701E-03
            1631     81.1116E-12     79.0787E-12    -337.595E-03
            1632     77.9142E-12    -376.817E-15    -28.4878E-03
            1633     76.7453E-12     5.18453E-12    -158.238E-03
            1634     60.9134E-12     62.9467E-12    -189.319E-03
            1635     38.6447E-12     28.9312E-12    -934.471E-03
            1636     52.0075E-12     17.1924E-12    -834.197E-03
            1637     88.7102E-12     47.7571E-12     535.351E-03
            1638     81.4229E-12     56.2975E-12     895.901E-03
            1639     40.1016E-12     44.6648E-12     137.865E-03
            1640     87.4887E-12     15.6428E-12    -131.996E-03
            1641     14.4688E-12     40.2328E-12     880.574E-03
            1642     77.5304E-12    -127.438E-15     3.45740E-03
            1643     55.8808E-12     55.8287E-12     28.2612E-03
            1644     24.5435E-12     35.6743E-12    -328.687E-03
            1645     84.6903E-12     97.3635E-12        -1.38315
            1646     74.9579E-12     81.8545E-12    -809.579E-03
            1647     76.6967E-12    -1.71847E-12     145.315E-03
            1648     101.318E-12     39.1613E-12     21.7162E-03
            1649     65.8339E-12     73.3403E-12    -617.692E-03
            1650     75.6007E-12    -5.38942E-12     501.946E-03
            1651     22.7814E-12     36.3005E-12    -139.793E-03
            1652     30.7259E-12     32.2596E-12    -758.288E-03
            1653     77.5990E-12     294.198E-15    -92.3438E-03
            1654     81.7834E-12     67.1990E-12     430.567E-03
            1655     18.3577E-12     38.1357E-12     656.861E-03
            1656     75.4133E-12    -8.80123E-12     875.149E-03
            1657     68.8927E-12    -7.89057E-12         1.03595
            1658     113.689E-12     36.9998E-12    -454.016E-03
            1659     20.0977E-12     37.4594E-12     265.633E-03
            1660     74.9034E-12     95.2243E-12        -1.68979
            1661     75.4288E-12    -12.1028E-12         1.29102
            1662     16.9823E-12     38.8886E-12         1.42219
            1663     135.084E-12     32.7294E-12        -1.23855
            1664     163.105E-12     31.7653E-12        -2.34710
            1665     69.5438E-12    -11.1593E-12         1.53616
            1666     111.028E-12     21.9994E-12    -538.153E-03
            1667     71.7357E-12    -18.1860E-12         2.76073
            1668     179.403E-12     31.7864E-12        -3.04209
            1669     12.0812E-12     40.5224E-12         1.81774
            1670     87.5092E-12     113.631E-12        -2.45195
            1671     75.7612E-12    -18.9841E-12         2.33769
            1672     17.1189E-12     39.4472E-12         2.06990
            1673     79.6782E-12    -30.4404E-12         4.03571
            1674     188.738E-12     10.4001E-12        -2.73566
            1675    -16.2791E-12     64.9261E-12         1.20187
            1676     77.0888E-12     108.277E-12        -2.50995
            1677     66.8981E-12    -21.4288E-12         4.95054
            1678     151.121E-12     19.1309E-12        -1.68101
            1679     86.2578E-12    -41.9537E-12         4.64533
            1680     8.41019E-12     42.1835E-12         3.16595
            1681     99.1410E-12     154.968E-12        -5.38322
            1682     25.7072E-12     49.3909E-12         6.81469
            1683     16.4132E-12     41.4234E-12         3.48740
            1684     57.2613E-12     7.43469E-12         12.7812
            1685     79.8954E-12     124.362E-12        -3.58468
            1686     59.4221E-12    -15.4384E-12         6.03923
            1687     16.2134E-12     43.3983E-12         5.52240
            1688     83.7302E-12     144.547E-12        -4.98676
            1689     10.7798E-12     41.2171E-12         2.70347
            1690     24.0232E-12     52.9681E-12         8.66860
            1691     92.1469E-12     134.594E-12        -3.94335
            1692     64.0023E-12    -16.1960E-12         14.1838
            1693     167.664E-12     38.4025E-12        -2.94282
            1694     157.169E-12    -109.855E-12         2.49240
            1695     26.3957E-12     42.0502E-12     41.8637E-03
            1696     32.6107E-12     42.8290E-12     60.3152E-03
            1697     82.2510E-12     58.0165E-12     944.330E-03
            1698     37.3829E-12     43.7780E-12     98.2817E-03
            1699     82.4617E-12     59.2658E-12     915.320E-03
            1700     46.8277E-12     24.6783E-12    -962.384E-03
            1701     48.8280E-12     49.2118E-12     147.436E-03
            1702     58.4921E-12     11.5108E-12    -623.072E-03
            1703     22.4699E-12     40.6699E-12     71.7886E-03
            1704     85.1156E-12     15.5763E-12    -83.6868E-03
            1705     77.1700E-12     9.44724E-12    -98.3850E-03
            1706     81.2164E-12     69.6330E-12     262.818E-03
            1707     78.7876E-12     12.3063E-12    -48.9214E-03
            1708     91.7897E-12     17.1096E-12    -190.973E-03
            1709     32.3149E-12     31.9679E-12    -805.136E-03
            1710     82.1413E-12     65.0409E-12     571.875E-03
            1711     77.5179E-12     3.01384E-12    -162.947E-03
            1712     19.8007E-12     40.3722E-12     230.704E-03
            1713     16.5217E-12     39.8250E-12     620.237E-03
            1714     80.6991E-12     75.2502E-12    -108.314E-03
            1715     91.2403E-12     45.4416E-12     438.431E-03
            1716     54.6706E-12     53.3843E-12     120.450E-03
            1717     52.0113E-12     20.6261E-12    -907.781E-03
            1718     82.8791E-12     53.9453E-12     858.948E-03
            1719     86.8972E-12     49.0528E-12     628.930E-03
            1720     96.7733E-12     41.2501E-12     205.773E-03
            1721     45.0843E-12     46.6760E-12     165.171E-03
            1722     64.6967E-12     67.0942E-12    -289.486E-03
            1723     26.6705E-12     35.1463E-12    -494.346E-03
            1724     77.0589E-12     4.85725E-12    -173.639E-03
            1725     77.0354E-12     8.19756E-12    -148.102E-03
            1726     42.0357E-12     27.4250E-12    -960.835E-03
            1727     54.6271E-12     16.4098E-12    -807.909E-03
            1728     79.7288E-12     12.6349E-12    -49.1149E-03
            1729     104.146E-12     36.5278E-12    -100.385E-03
            1730     36.1278E-12     30.7008E-12    -892.885E-03
            1731     82.5246E-12     60.5801E-12     849.249E-03
            1732     28.7128E-12     42.2990E-12     35.6970E-03
            1733     81.6396E-12     84.0309E-12    -641.268E-03
            1734     82.2250E-12     56.4598E-12     934.341E-03
            1735     77.6979E-12     650.716E-15    -52.9551E-03
            1736     41.2248E-12     44.9638E-12     142.584E-03
            1737     80.9550E-12     67.2775E-12     396.412E-03
            1738     68.5161E-12    -3.83943E-12     516.576E-03
            1739     76.5911E-12     957.646E-15    -30.2838E-03
            1740     59.2380E-12     58.8285E-12    -15.1334E-03
            1741     75.7992E-12    -2.21767E-12     212.330E-03
            1742     24.0884E-12     36.3240E-12    -260.134E-03
            1743     82.3566E-12     63.2241E-12     687.888E-03
            1744     114.481E-12     35.0461E-12    -478.658E-03
            1745     21.9689E-12     37.1235E-12    -19.4856E-03
            1746     74.3619E-12    -6.18065E-12     628.984E-03
            1747     24.4887E-12     41.7655E-12     54.0040E-03
            1748     71.6918E-12     76.5385E-12    -595.455E-03
            1749     62.1696E-12     4.26530E-12    -205.292E-03
            1750     76.8545E-12     91.2009E-12        -1.35387
            1751     30.4865E-12     33.4651E-12    -718.750E-03
            1752     77.8196E-12     981.321E-15    -87.0735E-03
            1753     19.0724E-12     38.7277E-12     355.369E-03
            1754     103.871E-12     20.8345E-12    -384.218E-03
            1755     68.5346E-12     61.3020E-15     122.353E-03
            1756     17.2596E-12     38.8071E-12     849.105E-03
            1757     74.3116E-12    -9.86253E-12         1.06631
            1758     70.5869E-12    -10.1237E-12         1.31032
            1759     83.6615E-12     98.7654E-12        -1.55800
            1760     13.8996E-12     39.9943E-12         1.47256
            1761     122.806E-12     33.7816E-12    -787.750E-03
            1762     74.6971E-12    -13.9293E-12         1.61639
            1763    -20.3382E-12     72.1307E-12     618.142E-03
            1764     16.2388E-12     39.5541E-12         1.90108
            1765     73.6668E-12    -16.0649E-12         2.08491
            1766     194.482E-12     36.9815E-12        -4.09134
            1767     147.344E-12     29.9192E-12        -1.67049
            1768     79.3166E-12     102.868E-12        -2.06271
            1769     179.184E-12     26.9004E-12        -2.83908
            1770     118.894E-12     23.5340E-12    -729.646E-03
            1771     63.1169E-12    -19.3504E-12         6.81286
            1772     75.3855E-12    -22.1519E-12         3.08703
            1773     71.3526E-12    -22.4431E-12         3.96113
            1774     62.5323E-12    -18.8423E-12         8.06620
            1775     14.7766E-12     40.9511E-12         3.11254
            1776     13.4550E-12     40.6881E-12         2.68965
            1777     82.2060E-12    -37.5714E-12         5.15822
            1778     136.378E-12     22.6870E-12        -1.24549
            1779     87.3533E-12     118.584E-12        -2.87478
            1780     216.516E-12     38.9010E-12        -5.41861
            1781     175.531E-12     21.3283E-12        -2.53382
            1782     82.5019E-12     117.226E-12        -2.98915
            1783     29.1075E-12     47.5690E-12         6.50084
            1784     4.63815E-12     44.0638E-12         3.57190
            1785     49.1795E-12     24.5971E-12         10.4737
            1786     112.546E-12     189.562E-12        -8.32905
            1787     10.2397E-12     42.1974E-12         3.93699
            1788     93.2855E-12     145.135E-12        -4.79285
            1789     61.1856E-12    -13.7628E-12         10.9985
            1790     195.750E-12     18.3988E-12        -3.21089
            1791     77.3576E-12     4.59796E-12    -185.813E-03
            1792     36.3456E-12     31.8047E-12    -877.354E-03
            1793     79.8022E-12     14.2327E-12    -27.8644E-03
            1794     53.7986E-12     51.6290E-12     182.465E-03
            1795     85.5272E-12     50.1776E-12     708.530E-03
            1796     97.8178E-12     20.1136E-12    -257.447E-03
            1797     22.9026E-12     41.0820E-12     68.0904E-03
            1798     48.5327E-12     23.4413E-12    -951.507E-03
            1799     36.9071E-12     43.6054E-12     64.2862E-03
            1800     29.1164E-12     34.5256E-12    -632.908E-03
            1801     82.4120E-12     58.6615E-12     931.473E-03
            1802     93.6219E-12     42.9433E-12     338.457E-03
            1803     45.3389E-12     26.1593E-12    -968.226E-03
            1804     28.5100E-12     42.2138E-12     14.4131E-03
            1805     82.3087E-12     56.9860E-12     946.550E-03
            1806     40.0075E-12     44.4693E-12     120.396E-03
            1807     21.7797E-12     40.2218E-12     93.7124E-03
            1808     80.2828E-12     72.0171E-12     78.3426E-03
            1809     81.9583E-12     63.6488E-12     652.046E-03
            1810     77.8326E-12     11.8274E-12    -71.4399E-03
            1811     56.9419E-12     14.6750E-12    -746.646E-03
            1812     31.6264E-12     42.6748E-12     36.7444E-03
            1813     82.4874E-12     59.6093E-12     899.092E-03
            1814     83.4225E-12     52.9348E-12     841.880E-03
            1815     32.6921E-12     32.8595E-12    -792.991E-03
            1816     47.8707E-12     48.0242E-12     177.064E-03
            1817     84.2705E-12     17.6915E-12    -20.8419E-03
            1818     77.4599E-12     4.63709E-12    -197.760E-03
            1819     77.4382E-12     11.2742E-12    -121.947E-03
            1820     81.5712E-12     65.3472E-12     536.409E-03
            1821     79.5834E-12     77.5924E-12    -312.122E-03
            1822     62.7739E-12     62.1032E-12    -66.5612E-03
            1823     79.7525E-12     66.9164E-12     368.332E-03
            1824     82.3050E-12     60.9192E-12     823.624E-03
            1825     77.4962E-12     2.82967E-12    -146.265E-03
            1826     89.1197E-12     46.7826E-12     536.751E-03
            1827     53.6076E-12     18.3674E-12    -859.730E-03
            1828     68.4308E-12     71.6388E-12    -419.468E-03
            1829     77.1235E-12     7.80302E-12    -172.633E-03
            1830     62.2074E-12     9.36497E-12    -506.595E-03
            1831     107.794E-12     34.7073E-12    -242.853E-03
            1832     76.3505E-12     79.4616E-12    -587.185E-03
            1833     40.9939E-12     28.9629E-12    -951.283E-03
            1834     16.3493E-12     39.4206E-12     777.277E-03
            1835     88.6054E-12     18.7375E-12    -82.8008E-03
            1836     77.0255E-12     1.56958E-12    -74.3494E-03
            1837     75.9521E-12     498.422E-15     10.9521E-03
            1838     57.6877E-12     55.7721E-12     99.1356E-03
            1839     125.727E-12     26.0914E-12    -908.802E-03
            1840     25.9429E-12     35.8877E-12    -414.831E-03
            1841     82.2362E-12     55.7643E-12     912.057E-03
            1842     64.2916E-12     4.13742E-12    -192.499E-03
            1843     44.0794E-12     45.9471E-12     162.693E-03
            1844     70.1791E-12    -2.21660E-12     319.357E-03
            1845     83.3358E-12     92.9128E-12        -1.15839
            1846     70.2287E-12    -6.24600E-12     771.204E-03
            1847     22.8309E-12     36.7824E-12    -122.953E-03
            1848     74.5873E-12    -2.73383E-12     285.886E-03
            1849     26.7464E-12     41.9524E-12     14.6039E-03
            1850     21.0707E-12     38.2748E-12     101.878E-03
            1851     78.9978E-12     83.9877E-12    -772.329E-03
            1852     24.8413E-12     41.4088E-12     15.4631E-03
            1853     17.8424E-12     38.8265E-12     609.461E-03
            1854     73.0759E-12    -7.32618E-12     809.586E-03
            1855     121.243E-12     31.2757E-12    -731.143E-03
            1856     14.9930E-12     39.7052E-12         1.57320
            1857     83.3627E-12     110.758E-12        -2.46145
            1858     71.9875E-12    -12.8844E-12         1.67751
            1859     112.586E-12     26.7741E-12    -505.876E-03
            1860     19.0753E-12     39.9620E-12     295.631E-03
            1861     15.4935E-12     40.2839E-12         2.46445
            1862     162.256E-12     28.2321E-12        -2.19937
            1863     142.822E-12     26.6372E-12        -1.46744
            1864    -25.1365E-12     79.1413E-12     958.377E-03
            1865     84.0083E-12     105.051E-12        -2.01196
            1866     75.6278E-12    -26.5923E-12         4.11237
            1867     80.3757E-12     97.9654E-12        -1.66790
            1868     14.0618E-12     41.5934E-12         3.87825
            1869     207.813E-12     44.4944E-12        -5.45315
            1870     87.3787E-12     126.240E-12        -3.48533
            1871     218.086E-12     15.5561E-12        -3.97651
            1872     199.064E-12     31.9976E-12        -3.96142
            1873     12.5165E-12     40.5636E-12         2.24533
            1874     70.9503E-12    -26.0330E-12         5.31478
            1875     86.9659E-12     134.842E-12        -4.19542
            1876     85.7787E-12    -45.6846E-12         6.47764
            1877     7.00705E-12     43.6240E-12         4.61341
            1878     105.372E-12     180.894E-12        -7.68275
            1879     28.3942E-12     42.1073E-12    -4.20167E-03
            1880     33.8034E-12     42.9458E-12     19.4846E-03
            1881     77.5203E-12     3.64071E-12    -174.766E-03
            1882     82.3348E-12     58.9703E-12     915.588E-03
            1883     82.3817E-12     57.7658E-12     946.876E-03
            1884     39.1641E-12     44.1230E-12     88.0153E-03
            1885     48.3289E-12     25.2413E-12    -961.774E-03
            1886     31.9470E-12     34.1851E-12    -730.527E-03
            1887     84.5752E-12     51.0737E-12     772.565E-03
            1888     51.2658E-12     49.8640E-12     189.490E-03
            1889     81.3627E-12     63.8054E-12     621.028E-03
            1890     24.6389E-12     40.5804E-12    -33.2873E-03
            1891     81.7293E-12     62.4763E-12     713.560E-03
            1892     23.9034E-12     40.0902E-12    -29.9037E-03
            1893     68.2506E-12     3.59235E-12    -150.144E-03
            1894     79.9988E-12     69.2875E-12     234.783E-03
            1895     66.5938E-12     65.6609E-12    -125.938E-03
            1896     91.2185E-12     44.4395E-12     443.569E-03
            1897     26.0536E-12     41.6399E-12    -2.37520E-03
            1898     79.6169E-12     15.7163E-12    -12.1177E-03
            1899     79.1179E-12     74.3224E-12    -120.751E-03
            1900     86.5777E-12     19.7418E-12    -17.7811E-03
            1901     77.6692E-12     11.9663E-12    -95.2748E-03
            1902     80.7078E-12     65.3092E-12     504.968E-03
            1903     92.7466E-12     20.3864E-12    -134.584E-03
            1904     60.7588E-12     12.0983E-12    -632.252E-03
            1905     87.4512E-12     47.9365E-12     619.487E-03
            1906     56.4904E-12     53.5736E-12     174.215E-03
            1907     28.1481E-12     35.3987E-12    -553.077E-03
            1908     51.6943E-12     22.5561E-12    -932.070E-03
            1909     77.2272E-12     7.58275E-12    -196.522E-03
            1910     80.9242E-12     16.1468E-12    -6.07497E-03
            1911     56.1277E-12     17.6361E-12    -829.657E-03
            1912     30.5198E-12     42.3723E-12    -11.1311E-03
            1913     77.3228E-12     10.8152E-12    -152.214E-03
            1914     82.3786E-12     59.9223E-12     878.267E-03
            1915     83.1470E-12     53.4624E-12     876.560E-03
            1916     79.5433E-12     80.8615E-12    -531.137E-03
            1917     38.1071E-12     31.4989E-12    -900.521E-03
            1918     44.0930E-12     27.7201E-12    -965.895E-03
            1919     49.4906E-12     48.3394E-12     201.462E-03
            1920     77.3372E-12     6.00927E-12    -218.120E-03
            1921     77.3191E-12     2.19091E-12    -113.818E-03
            1922     74.9407E-12     208.708E-15     46.5953E-03
            1923     60.7960E-12     58.3398E-12     73.8823E-03
            1924     75.9391E-12     2.77683E-12    -120.019E-03
            1925     82.5209E-12     55.6926E-12     933.287E-03
            1926     97.9956E-12     38.2297E-12     130.771E-03
            1927     42.7650E-12     45.2932E-12     144.366E-03
            1928     73.1611E-12    -3.45737E-12     386.420E-03
            1929     69.7128E-12     1.54681E-12    -5.61676E-03
            1930     23.2120E-12     38.0739E-12    -103.197E-03
            1931     35.1011E-12     33.0603E-12    -828.857E-03
            1932     73.6854E-12     74.7188E-12    -397.267E-03
            1933     71.6954E-12    -4.75931E-12     555.145E-03
            1934     20.4877E-12     39.0111E-12     167.688E-03
            1935     77.4946E-12     77.5767E-12    -411.203E-03
            1936     25.4350E-12     41.0875E-12    -28.4810E-03
            1937     113.484E-12     33.0487E-12    -455.268E-03
            1938     18.6013E-12     39.5691E-12     362.656E-03
            1939     63.8140E-12     6.53468E-12    -348.848E-03
            1940     131.196E-12     29.2152E-12        -1.07655
            1941     18.5047E-12     39.1783E-12     400.514E-03
            1942     71.8046E-12    -8.78772E-12         1.05011
            1943     15.6578E-12     39.4309E-12         1.17606
            1944     98.6006E-12     22.2653E-12    -224.750E-03
            1945     95.2217E-12     40.1927E-12     254.279E-03
            1946     81.0652E-12     93.1024E-12        -1.29898
            1947     21.1377E-12     39.7847E-12     124.583E-03
            1948     117.463E-12     28.8195E-12    -627.044E-03
            1949     107.294E-12     24.9802E-12    -390.006E-03
            1950     16.2578E-12     42.4599E-12         4.43642
            1951     199.750E-12     25.9890E-12        -3.64793
            1952     210.355E-12     4.42841E-12        -3.33085
            1953     93.6555E-12    -57.0624E-12         5.80008
            1954     76.2846E-12    -31.3663E-12         5.39079
            1955    -20.2431E-12     68.4690E-12         1.59819
            1956    -29.9393E-12     90.6300E-12     195.052E-03
            1957     93.7753E-12     156.553E-12        -5.75247
            1958     66.1759E-12    -22.9428E-12         6.35715
            1959     13.9139E-12     40.0791E-12         1.84220
            1960     81.8975E-12     61.1547E-12     793.436E-03
            1961     27.2893E-12     41.4498E-12    -53.6530E-03
            1962     30.5967E-12     34.8976E-12    -664.472E-03
            1963     27.7086E-12     41.8458E-12    -22.7860E-03
            1964     80.5751E-12     17.5862E-12     15.1125E-03
            1965     81.1803E-12     62.5025E-12     688.357E-03
            1966     55.8073E-12     52.0899E-12     223.630E-03
            1967     86.1431E-12     48.9478E-12     689.318E-03
            1968     49.7086E-12     24.1282E-12    -952.572E-03
            1969     96.1128E-12     23.4814E-12    -137.726E-03
            1970     37.0346E-12     43.4499E-12     24.1352E-03
            1971     82.2520E-12     57.8399E-12     937.716E-03
            1972     26.0660E-12     39.9457E-12    -137.537E-03
            1973     70.1394E-12     2.99799E-12    -111.225E-03
            1974     77.2293E-12     7.57451E-12    -219.533E-03
            1975     36.6255E-12     32.6425E-12    -859.349E-03
            1976     77.1284E-12     5.27921E-12    -218.475E-03
            1977     47.0682E-12     26.5817E-12    -965.464E-03
            1978     80.4958E-12     63.6500E-12     593.332E-03
            1979     78.2210E-12     66.1690E-12     346.513E-03
            1980     82.4360E-12     56.2481E-12     944.437E-03
            1981     64.0197E-12     61.0295E-12     46.0672E-03
            1982     78.4002E-12     71.0786E-12     54.8853E-03
            1983     41.6936E-12     44.7738E-12     114.132E-03
            1984     32.9094E-12     42.7367E-12    -3.53705E-03
            1985     82.1832E-12     59.2597E-12     896.148E-03
            1986     78.1533E-12     76.2518E-12    -289.932E-03
            1987     29.9455E-12     42.0997E-12    -41.6793E-03
            1988     83.9058E-12     51.7083E-12     820.196E-03
            1989     57.7290E-12     16.0193E-12    -779.362E-03
            1990     52.1238E-12     49.6534E-12     218.377E-03
            1991     85.4940E-12     20.2838E-12     14.1011E-03
            1992     77.6549E-12     13.9591E-12    -116.484E-03
            1993     78.2834E-12     14.8411E-12    -55.9572E-03
            1994     89.2923E-12     45.7203E-12     531.367E-03
            1995     100.678E-12     35.4981E-12    -552.216E-06
            1996     33.5080E-12     33.5979E-12    -785.694E-03
            1997     26.8516E-12     40.4438E-12    -127.080E-03
            1998     54.4962E-12     19.6621E-12    -879.187E-03
            1999     77.1405E-12     6.75767E-12    -239.355E-03
            2000     75.2992E-12     2.53442E-12    -102.208E-03
            2001     107.214E-12     29.2427E-12    -309.965E-03
            2002     77.2472E-12     10.4862E-12    -183.730E-03
            2003     76.4058E-12     3.28214E-12    -148.982E-03
            2004     27.2869E-12     36.2529E-12    -467.069E-03
            2005     59.2519E-12     55.6011E-12     166.004E-03
            2006     88.3012E-12     21.0975E-12    -20.5198E-03
            2007     22.3798E-12     38.7967E-12    -5.24386E-03
            2008     73.6174E-12    -61.7014E-15     85.8320E-03
            2009     92.7058E-12     41.9360E-12     364.441E-03
            2010     25.7700E-12     37.8732E-12    -280.748E-03
            2011     42.1578E-12     30.4128E-12    -936.621E-03
            2012     82.6406E-12     55.0468E-12     913.743E-03
            2013     20.6654E-12     39.3812E-12     153.403E-03
            2014     81.3220E-12     88.5655E-12    -965.362E-03
            2015     75.6656E-12     73.9959E-12    -257.676E-03
            2016     45.5290E-12     46.2341E-12     169.866E-03
            2017     62.3023E-12     11.2553E-12    -587.517E-03
            2018     105.267E-12     33.1936E-12    -183.903E-03
            2019     23.2661E-12     39.6205E-12    -23.1737E-03
            2020     66.9909E-12     5.59843E-12    -280.001E-03
            2021     95.4787E-12     37.4919E-12     198.884E-03
            2022     70.8630E-12     69.6884E-12    -196.427E-03
            2023     103.447E-12     27.3951E-12    -238.372E-03
            2024     70.4528E-12    -28.5904E-12         6.94795
            2025     221.783E-12     25.0111E-12        -4.59573
            2026     11.1941E-12     43.1931E-12         5.69110
            2027     65.7625E-12    -22.9654E-12         7.87145
            2028     240.858E-12     11.6878E-12        -4.81541
            2029     80.3125E-12     62.1963E-12     665.832E-03
            2030     35.8577E-12     33.7030E-12    -815.874E-03
            2031     76.7087E-12     7.68343E-12    -269.996E-03
            2032     77.0955E-12     7.95488E-12    -244.313E-03
            2033     35.6275E-12     43.1383E-12     1.42274E-03
            2034     82.0545E-12     58.2473E-12     919.296E-03
            2035     50.2131E-12     25.3199E-12    -951.395E-03
            2036     82.2761E-12     57.1925E-12     945.263E-03
            2037     31.9332E-12     35.3061E-12    -677.943E-03
            2038     77.1452E-12     10.2724E-12    -214.958E-03
            2039     90.7345E-12     43.4837E-12     455.598E-03
            2040     40.8269E-12     44.3371E-12     74.6064E-03
            2041     85.1006E-12     49.7750E-12     746.774E-03
            2042     54.0094E-12     50.8004E-12     225.148E-03
            2043     76.3242E-12     63.3058E-12     428.538E-03
            2044     39.8897E-12     32.2497E-12    -891.121E-03
            2045     102.746E-12     31.3607E-12    -139.745E-03
            2046     81.9005E-12     59.3123E-12     879.057E-03
            2047     27.8512E-12     40.9173E-12    -117.618E-03
            2048     78.3071E-12     68.3788E-12     216.619E-03
            2049     79.3701E-12     63.2501E-12     565.391E-03
            2050     77.5105E-12     73.9215E-12    -166.762E-03
            2051     86.5283E-12     47.6255E-12     664.991E-03
            2052     79.3662E-12     17.7025E-12     1.34902E-03
            2053     90.8356E-12     23.0326E-12    -28.3038E-03
            2054     71.7375E-12    -408.472E-15     134.857E-03
            2055     81.2306E-12     61.3649E-12     751.960E-03
            2056     58.0466E-12     53.6450E-12     222.232E-03
            2057     28.2075E-12     39.8076E-12    -227.004E-03
            2058     28.3893E-12     41.7135E-12    -54.7836E-03
            2059     81.4278E-12     19.0261E-12     36.3259E-03
            2060     87.0243E-12     22.6421E-12     39.9547E-03
            2061     52.6405E-12     23.8881E-12    -931.094E-03
            2062     77.9442E-12     14.5153E-12    -83.4575E-03
            2063     61.7160E-12     13.3814E-12    -667.196E-03
            2064     32.5571E-12     42.5501E-12    -28.7560E-03
            2065     76.4235E-12     6.14032E-12    -249.135E-03
            2066     57.5941E-12     18.2501E-12    -828.319E-03
            2067     74.3896E-12     70.6925E-12    -102.624E-03
            2068     22.7848E-12     39.1805E-12    -15.8123E-03
            2069     77.4005E-12     13.4932E-12    -153.148E-03
            2070     62.0978E-12     57.7439E-12     156.376E-03
            2071     24.5902E-12     38.4387E-12    -175.516E-03
            2072     75.7416E-12     4.95447E-12    -216.283E-03
            2073     83.4020E-12     52.2614E-12     855.083E-03
            2074     45.9563E-12     27.9964E-12    -961.281E-03
            2075     96.8106E-12     27.4630E-12    -62.7762E-03
            2076     51.0938E-12     48.5347E-12     223.181E-03
            2077     93.2849E-12     39.2391E-12     299.445E-03
            2078     26.9853E-12     37.3069E-12    -384.138E-03
            2079     82.6123E-12     54.7718E-12     922.622E-03
            2080     44.3675E-12     45.5529E-12     142.924E-03
            2081     25.4606E-12     39.4521E-12    -148.391E-03
            2082     67.4027E-12     63.8017E-12     21.3301E-03
            2083     65.6051E-12     7.40734E-12    -387.750E-03
            2084     31.0248E-12     35.8125E-12    -627.689E-03
            2085     69.2138E-12     4.68543E-12    -218.578E-03
            2086     96.0091E-12     34.5281E-12     119.919E-03
            2087     219.746E-12    -15.0249E-12        -3.10597
            2088     221.672E-12     33.0797E-12        -5.11213
            2089     9.33380E-12     44.0677E-12         6.72366
            2090     77.2149E-12    -36.4949E-12         6.89148
            2091     80.9118E-12     60.0585E-12     799.843E-03
            2092     32.7129E-12     42.3153E-12    -68.6660E-03
            2093     66.3446E-12     9.18074E-12    -465.605E-03
            2094     91.7016E-12     27.3248E-12     55.8674E-03
            2095     57.7274E-12     52.4468E-12     263.464E-03
            2096     85.4864E-12     48.4633E-12     716.658E-03
            2097     64.9496E-12     59.9545E-12     144.988E-03
            2098     80.4654E-12     19.6781E-12     42.2574E-03
            2099     70.7248E-12     66.1476E-12     16.8158E-03
            2100     53.2415E-12     25.1261E-12    -922.250E-03
            2101     79.2104E-12     61.7977E-12     637.089E-03
            2102     40.1886E-12     43.9362E-12     30.2901E-03
            2103     81.8866E-12     57.0018E-12     927.029E-03
            2104     77.9992E-12     62.6568E-12     537.234E-03
            2105     76.4011E-12     65.0505E-12     330.751E-03
            2106     48.3524E-12     47.3252E-12     196.985E-03
            2107     81.8694E-12     58.6822E-12     898.560E-03
            2108     24.9769E-12     38.9572E-12    -161.068E-03
            2109     29.0147E-12     40.3012E-12    -206.542E-03
            2110     76.2913E-12     69.0595E-12     84.7918E-03
            2111     48.5832E-12     26.8845E-12    -956.392E-03
            2112     88.1108E-12     44.9049E-12     567.964E-03
            2113     34.6669E-12     42.8389E-12    -27.0115E-03
            2114     76.4465E-12     9.92768E-12    -295.493E-03
            2115     35.7767E-12     34.7248E-12    -770.747E-03
            2116     82.2267E-12     55.9430E-12     937.473E-03
            2117     76.9818E-12     10.1793E-12    -244.752E-03
            2118     43.2673E-12     44.9554E-12     103.744E-03
            2119     84.2845E-12     50.3507E-12     790.307E-03
            2120     53.7749E-12     49.8577E-12     246.987E-03
            2121     38.1645E-12     33.0693E-12    -857.959E-03
            2122     82.9664E-12     21.3829E-12     69.5123E-03
            2123     99.0974E-12     33.1047E-12     2.13697E-03
            2124     58.3801E-12     16.8964E-12    -794.059E-03
            2125     77.1654E-12     13.1325E-12    -191.544E-03
            2126     73.6797E-12     5.08162E-12    -227.534E-03
            2127     77.6973E-12     16.5659E-12    -106.716E-03
            2128     71.3639E-12     2.70069E-12    -94.3946E-03
            2129     78.6265E-12     17.4669E-12    -28.7488E-03
            2130     47.1372E-12     46.4552E-12     174.459E-03
            2131     28.2434E-12     36.7565E-12    -476.211E-03
            2132     56.5660E-12     20.0787E-12    -865.876E-03
            2133     74.4191E-12     6.61892E-12    -285.197E-03
            2134     27.1663E-12     38.2588E-12    -320.041E-03
            2135     60.5736E-12     55.2856E-12     228.253E-03
            2136     29.6385E-12     39.1637E-12    -329.914E-03
            2137     88.8989E-12     25.2476E-12     64.9040E-03
            2138     93.5955E-12     36.1596E-12     223.562E-03
            2139     43.7972E-12     30.9333E-12    -923.072E-03
            2140     80.1951E-12     60.9677E-12     724.055E-03
            2141     64.0247E-12     12.6230E-12    -617.201E-03
            2142     82.5413E-12     53.7324E-12     902.953E-03
            2143     32.7427E-12     35.8954E-12    -662.071E-03
            2144     75.8501E-12     8.64363E-12    -311.209E-03
            2145     99.8880E-12     29.3997E-12    -99.4804E-03
            2146     91.3671E-12     41.0276E-12     393.561E-03
            2147     243.820E-12     25.0567E-12        -5.65947
            2148     38.6436E-12     43.5567E-12     2.85797E-03
            2149     81.5713E-12     57.4197E-12     909.572E-03
            2150     51.3017E-12     26.2726E-12    -937.288E-03
            2151     84.6876E-12     48.9619E-12     752.701E-03
            2152     56.0174E-12     51.1659E-12     262.002E-03
            2153     37.0043E-12     34.1593E-12    -807.533E-03
            2154     33.0637E-12     41.9058E-12    -127.269E-03
            2155     76.7416E-12     10.1145E-12    -272.398E-03
            2156     76.9031E-12     12.8621E-12    -229.981E-03
            2157     82.0638E-12     56.4763E-12     935.208E-03
            2158     42.2200E-12     44.4162E-12     57.1264E-03
            2159     49.9268E-12     47.4960E-12     208.018E-03
            2160     46.8127E-12     47.0841E-12     183.002E-03
            2161     31.6490E-12     36.4773E-12    -601.676E-03
            2162     30.0700E-12     40.7945E-12    -187.091E-03
            2163     74.5145E-12     60.6719E-12     488.544E-03
            2164     81.3328E-12     59.0868E-12     858.817E-03
            2165     73.9760E-12     62.0232E-12     396.152E-03
            2166     77.8956E-12     61.2184E-12     606.781E-03
            2167     45.9425E-12     45.6951E-12     136.971E-03
            2168     76.2794E-12     66.9803E-12     212.226E-03
            2169     76.6916E-12     71.3194E-12    -37.6440E-03
            2170     30.2188E-12     39.6751E-12    -298.327E-03
            2171     41.9662E-12     32.1316E-12    -896.253E-03
            2172     86.6156E-12     46.2844E-12     640.690E-03
            2173     79.0304E-12     60.4842E-12     693.194E-03
            2174     67.8653E-12     9.16447E-12    -449.381E-03
            2175     52.6937E-12     48.6623E-12     241.603E-03
            2176     27.2231E-12     38.8098E-12    -277.269E-03
            2177     34.3767E-12     35.2899E-12    -724.183E-03
            2178     79.9528E-12     59.7466E-12     767.531E-03
            2179     59.0262E-12     53.5558E-12     257.661E-03
            2180     76.1345E-12     9.41675E-12    -309.450E-03
            2181     79.5897E-12     21.0547E-12     39.9152E-03
            2182     81.6396E-12     21.0013E-12     68.0168E-03
            2183     31.4011E-12     41.3055E-12    -164.324E-03
            2184     63.2939E-12     57.1295E-12     232.769E-03
            2185     55.2891E-12     22.3675E-12    -898.471E-03
            2186     75.6656E-12     6.64882E-12    -272.568E-03
            2187     89.6604E-12     42.8371E-12     481.005E-03
            2188     86.7372E-12     25.9450E-12     120.488E-03
            2189     70.4246E-12     5.31027E-12    -250.698E-03
            2190     78.1190E-12     17.0706E-12    -65.6944E-03
            2191     73.4670E-12     7.04268E-12    -309.216E-03
            2192     58.6694E-12     19.9828E-12    -837.533E-03
            2193     77.3161E-12     16.1039E-12    -150.617E-03
            2194     61.7025E-12     15.5529E-12    -725.234E-03
            2195     91.3425E-12     37.9537E-12     326.717E-03
            2196     46.9408E-12     29.6572E-12    -932.869E-03
            2197     92.2128E-12     34.5710E-12     222.463E-03
            2198     28.6500E-12     37.6335E-12    -428.672E-03
            2199     94.3306E-12     29.2973E-12     41.5622E-03
            2200     83.5266E-12     50.6120E-12     817.692E-03
            2201     66.1158E-12     11.7464E-12    -562.427E-03
            2202     82.2218E-12     54.4085E-12     913.978E-03
            2203     35.3498E-12     42.6492E-12    -69.3756E-03
            2204     70.6251E-12     63.8135E-12     155.430E-03
            2205     96.8729E-12     31.1975E-12     21.7828E-03
            2206     73.7632E-12     67.7075E-12     54.5995E-03
            2207     88.2670E-12     27.6728E-12     136.511E-03
            2208    -31.1597E-12     83.5474E-12         1.37462
            2209    -16.1998E-12     57.8102E-12         2.80934
            2210     80.6079E-12     58.9198E-12     829.287E-03
            2211     77.7509E-12     59.9372E-12     660.763E-03
            2212     78.8054E-12     59.2658E-12     734.603E-03
            2213     36.9527E-12     35.1428E-12    -759.541E-03
            2214     74.9849E-12     10.2845E-12    -358.398E-03
            2215     73.5558E-12     64.9476E-12     212.212E-03
            2216     59.6920E-12     52.9603E-12     298.404E-03
            2217     85.6565E-12     47.2303E-12     688.910E-03
            2218     75.8406E-12     11.8932E-12    -329.694E-03
            2219     89.8515E-12     40.0935E-12     416.038E-03
            2220     53.4891E-12     26.1589E-12    -911.159E-03
            2221     76.4221E-12     60.5046E-12     577.237E-03
            2222     80.5418E-12     22.2769E-12     79.0396E-03
            2223     71.8414E-12     60.0053E-12     412.363E-03
            2224     81.4490E-12     56.1172E-12     910.086E-03
            2225     41.3398E-12     43.9693E-12     14.0492E-03
            2226     81.1400E-12     57.9262E-12     880.813E-03
            2227     34.0873E-12     36.3864E-12    -654.387E-03
            2228     31.0714E-12     40.1588E-12    -272.900E-03
            2229     44.6242E-12     44.9916E-12     87.5133E-03
            2230     82.8173E-12     51.7535E-12     854.586E-03
            2231     37.9207E-12     43.0603E-12    -53.7685E-03
            2232     69.9464E-12     8.72565E-12    -409.311E-03
            2233     36.1525E-12     42.3870E-12    -115.518E-03
            2234     55.4733E-12     49.9802E-12     274.318E-03
            2235     31.3454E-12     39.1413E-12    -377.486E-03
            2236     49.5210E-12     27.7219E-12    -940.937E-03
            2237     76.5956E-12     12.6203E-12    -267.016E-03
            2238     29.7378E-12     36.9918E-12    -513.836E-03
            2239     71.8560E-12     6.06074E-12    -281.095E-03
            2240     84.0605E-12     48.7792E-12     762.250E-03
            2241     90.5187E-12     36.0715E-12     301.755E-03
            2242     76.9341E-12     15.6997E-12    -196.195E-03
            2243     65.8624E-12     58.9875E-12     232.255E-03
            2244     40.9861E-12     33.2734E-12    -858.421E-03
            2245     54.2549E-12     48.6844E-12     256.007E-03
            2246     81.9478E-12     55.0334E-12     918.008E-03
            2247     83.6914E-12     24.8198E-12     132.344E-03
            2248     90.2105E-12     29.3147E-12     137.566E-03
            2249     61.3399E-12     17.6049E-12    -768.372E-03
            2250     73.7640E-12     8.23305E-12    -343.621E-03
            2251     61.4441E-12     54.6317E-12     286.611E-03
            2252     72.1506E-12     8.35262E-12    -369.292E-03
            2253     77.6172E-12     19.1177E-12    -93.7128E-03
            2254     78.7946E-12     20.2710E-12    -316.123E-06
            2255     57.9177E-12     21.9298E-12    -860.126E-03
            2256     82.3234E-12     52.6055E-12     874.933E-03
            2257     45.9586E-12     31.6037E-12    -893.254E-03
            2258     68.0813E-12     10.7235E-12    -502.691E-03
            2259     48.7520E-12     46.5763E-12     174.688E-03
            2260     32.1345E-12     40.6504E-12    -246.824E-03
            2261     35.1465E-12     41.6743E-12    -187.304E-03
            2262     63.7848E-12     14.8101E-12    -678.341E-03
            2263     92.3269E-12     31.1190E-12     134.862E-03
            2264     87.2528E-12     43.7557E-12     568.813E-03
            2265     39.1469E-12     34.5135E-12    -803.038E-03
            2266     31.9790E-12     37.0657E-12    -568.920E-03
            2267     58.3960E-12     51.5899E-12     304.640E-03
            2268     37.4238E-12     42.1502E-12    -162.213E-03
            2269     81.0299E-12     56.3971E-12     893.094E-03
            2270     40.6266E-12     43.6030E-12    -22.9323E-03
            2271     76.2388E-12     12.3297E-12    -300.940E-03
            2272     69.0049E-12     60.2624E-12     286.297E-03
            2273     52.2736E-12     27.0306E-12    -918.047E-03
            2274     84.9963E-12     47.8682E-12     720.807E-03
            2275     64.3511E-12     56.5086E-12     299.701E-03
            2276     38.8694E-12     42.8575E-12    -94.1067E-03
            2277     76.3671E-12     59.3053E-12     627.839E-03
            2278     87.0854E-12     29.4891E-12     200.133E-03
            2279     43.2256E-12     44.3432E-12     33.0537E-03
            2280     65.9721E-12     14.0200E-12    -624.830E-03
            2281     76.5298E-12     15.3519E-12    -242.189E-03
            2282     74.8554E-12     59.6320E-12     551.202E-03
            2283     81.7115E-12     55.6107E-12     916.900E-03
            2284     82.9333E-12     52.9909E-12     883.274E-03
            2285     82.4912E-12     50.4904E-12     819.339E-03
            2286     72.1020E-12     62.2947E-12     302.720E-03
            2287     78.5388E-12     58.0545E-12     762.954E-03
            2288     51.5682E-12     47.5760E-12     215.270E-03
            2289     74.7050E-12     63.9864E-12     319.305E-03
            2290     29.4345E-12     38.5536E-12    -379.150E-03
            2291     81.8838E-12     53.3367E-12     885.216E-03
            2292     32.0988E-12     39.5253E-12    -357.568E-03
            2293     56.9376E-12     49.9366E-12     295.796E-03
            2294     74.6058E-12     8.88665E-12    -345.288E-03
            2295     30.6119E-12     37.8634E-12    -472.003E-03
            2296     43.0925E-12     33.2158E-12    -855.340E-03
            2297     83.0612E-12     49.3385E-12     787.546E-03
            2298     72.6973E-12     9.82239E-12    -403.112E-03
            2299     89.0981E-12     34.6038E-12     294.742E-03
            2300     70.5398E-12     10.3854E-12    -455.230E-03
            2301     81.8235E-12     23.5920E-12     112.685E-03
            2302     88.8539E-12     31.2167E-12     213.160E-03
            2303     79.5707E-12     23.8771E-12     75.6449E-03
            2304     55.2938E-12     24.3507E-12    -897.915E-03
            2305     35.6778E-12     35.6979E-12    -717.577E-03
            2306     75.4230E-12     11.2162E-12    -350.020E-03
            2307     85.4808E-12     27.5025E-12     174.974E-03
            2308     47.3343E-12     45.6958E-12     124.025E-03
            2309     77.1071E-12     18.6181E-12    -144.784E-03
            2310     78.1576E-12     19.6742E-12    -45.2145E-03
            2311     60.7736E-12     19.6037E-12    -800.224E-03
            2312     48.9936E-12     30.8336E-12    -884.729E-03
            2313     63.3739E-12     17.0026E-12    -724.926E-03
            2314     80.2278E-12     57.7954E-12     842.430E-03
            2315     33.0787E-12     39.9852E-12    -331.983E-03
            2316     85.4650E-12     46.2269E-12     670.701E-03
            2317     87.2711E-12     41.0622E-12     500.153E-03
            2318     77.5176E-12     58.7152E-12     698.954E-03
            2319     35.4449E-12     40.9592E-12    -269.912E-03
            2320     74.0204E-12     12.0186E-12    -406.429E-03
            2321     77.2030E-12     57.5090E-12     722.547E-03
            2322     50.2850E-12     46.5394E-12     167.566E-03
            2323     41.4768E-12     43.3333E-12    -66.7951E-03
            2324     36.8964E-12     41.4363E-12    -236.913E-03
            2325     88.3471E-12     39.2510E-12     430.614E-03
            2326     74.9538E-12     58.6397E-12     596.581E-03
            2327     55.0780E-12     26.2262E-12    -886.053E-03
            2328     55.9324E-12     48.6408E-12     267.229E-03
            2329     75.0627E-12     13.9484E-12    -365.603E-03
            2330     72.5667E-12     59.2205E-12     477.629E-03
            2331     81.0585E-12     55.3105E-12     891.259E-03
            2332     80.3916E-12     56.5642E-12     866.864E-03
            2333     69.2970E-12     59.0715E-12     358.987E-03
            2334     80.5270E-12     24.9463E-12     119.570E-03
            2335     87.5992E-12     33.0518E-12     282.031E-03
            2336     59.5284E-12     51.2403E-12     332.548E-03
            2337     68.4250E-12     12.9941E-12    -557.272E-03
            2338     81.4812E-12     53.9954E-12     888.262E-03
            2339     83.5963E-12     47.9218E-12     744.220E-03
            2340     79.5043E-12     57.7724E-12     811.409E-03
            2341     76.0746E-12     15.0035E-12    -287.275E-03
            2342     51.0296E-12     27.8498E-12    -922.733E-03
            2343     35.4742E-12     36.7899E-12    -645.837E-03
            2344     84.2746E-12     46.3873E-12     694.098E-03
            2345     34.1796E-12     40.4618E-12    -302.609E-03
            2346     62.9506E-12     54.5580E-12     335.935E-03
            2347     45.6315E-12     44.8733E-12     63.4050E-03
            2348     86.2528E-12     42.8801E-12     567.740E-03
            2349     41.3638E-12     34.7231E-12    -793.246E-03
            2350     73.4175E-12     10.8787E-12    -409.101E-03
            2351     89.3400E-12     37.5074E-12     363.969E-03
            2352     76.5969E-12     18.1650E-12    -197.528E-03
            2353     82.0061E-12     49.2250E-12     777.454E-03
            2354     83.1421E-12     27.6781E-12     195.070E-03
            2355     72.2283E-12     12.7122E-12    -465.862E-03
            2356     62.7897E-12     19.1536E-12    -758.038E-03
            2357     47.1747E-12     32.9209E-12    -835.450E-03
            2358     60.1304E-12     21.5656E-12    -820.180E-03
            2359     78.7671E-12     23.0063E-12     28.2895E-03
            2360     77.4199E-12     21.6203E-12    -78.5222E-03
            2361     67.4617E-12     57.1632E-12     378.393E-03
            2362     81.9469E-12     51.4136E-12     838.762E-03
            2363     76.1250E-12     58.1611E-12     660.602E-03
            2364     61.4326E-12     52.9254E-12     344.551E-03
            2365     37.8057E-12     35.8462E-12    -725.685E-03
            2366     39.8727E-12     42.5861E-12    -138.159E-03
            2367     43.6126E-12     44.0929E-12    -407.703E-06
            2368     34.6597E-12     38.0981E-12    -532.721E-03
            2369     86.0880E-12     31.3674E-12     261.255E-03
            2370     32.2922E-12     38.7064E-12    -438.427E-03
            2371     65.4068E-12     16.4116E-12    -676.771E-03
            2372     35.0359E-12     39.7382E-12    -388.333E-03
            2373     79.5133E-12     56.5929E-12     830.951E-03
            2374     75.5776E-12     14.5713E-12    -329.556E-03
            2375     53.2969E-12     27.8335E-12    -891.371E-03
            2376     73.7694E-12     58.0890E-12     571.185E-03
            2377     86.0716E-12     39.9706E-12     490.775E-03
            2378     42.3327E-12     43.0266E-12    -110.748E-03
            2379     81.1748E-12     54.6592E-12     888.523E-03
            2380     76.0482E-12     17.7523E-12    -251.120E-03
            2381     46.2666E-12     44.6206E-12     31.5904E-03
            2382     58.4366E-12     49.8377E-12     314.135E-03
            2383     75.7280E-12     57.0030E-12     677.929E-03
            2384     82.5415E-12     48.1034E-12     749.544E-03
            2385     37.4345E-12     40.7393E-12    -316.874E-03
            2386     62.0752E-12     52.5218E-12     367.936E-03
            2387     40.2518E-12     35.7805E-12    -735.954E-03
            2388     65.1508E-12     55.9013E-12     353.048E-03
            2389     34.9353E-12     37.6251E-12    -575.692E-03
            2390     81.7201E-12     26.2106E-12     159.850E-03
            2391     53.2780E-12     47.5385E-12     217.044E-03
            2392     72.9551E-12     57.0085E-12     576.567E-03
            2393     45.0855E-12     34.0056E-12    -808.594E-03
            2394     83.0896E-12     46.8011E-12     712.443E-03
            2395     74.5575E-12     13.0772E-12    -391.445E-03
            2396     79.4221E-12     26.4887E-12     110.808E-03
            2397     57.0234E-12     25.5893E-12    -858.734E-03
            2398     84.5677E-12     29.5326E-12     231.117E-03
            2399     48.3771E-12     45.5231E-12     101.421E-03
            2400     63.6189E-12     54.1351E-12     369.328E-03
            2401     78.4261E-12     56.7795E-12     785.313E-03
            2402     64.7174E-12     18.7412E-12    -712.882E-03
            2403     39.6679E-12     41.6259E-12    -244.383E-03
            2404     34.8344E-12     38.6038E-12    -492.433E-03
            2405     81.4201E-12     52.1762E-12     847.899E-03
            2406     76.8027E-12     21.0460E-12    -136.271E-03
            2407     49.5307E-12     32.0949E-12    -838.134E-03
            2408     62.1528E-12     21.2184E-12    -777.646E-03
            2409     87.9415E-12     36.3230E-12     361.701E-03
            2410     78.0586E-12     22.2700E-12    -23.3237E-03
            2411     80.4871E-12     55.1649E-12     870.255E-03
            2412     67.7336E-12     56.2603E-12     423.729E-03
            2413     44.7784E-12     43.4709E-12    -79.8028E-03
            2414     38.4723E-12     36.7670E-12    -669.171E-03
            2415     84.4874E-12     43.6537E-12     613.584E-03
            2416     67.3218E-12     16.0007E-12    -629.190E-03
            2417     85.1776E-12     33.3583E-12     321.216E-03
            2418     71.0868E-12     14.5048E-12    -515.939E-03
            2419     46.7274E-12     44.2866E-12    -5.75498E-03
            2420     60.7997E-12     51.0595E-12     355.325E-03
            2421     80.8723E-12     50.9332E-12     802.731E-03
            2422     83.8781E-12     31.6888E-12     286.710E-03
            2423     56.2739E-12     27.0855E-12    -851.610E-03
            2424     51.4568E-12     46.2978E-12     147.700E-03
            2425     66.4791E-12     18.4602E-12    -667.395E-03
            2426     72.9532E-12     13.7556E-12    -453.129E-03
            2427     70.2954E-12     57.4606E-12     466.386E-03
            2428     71.1381E-12     55.9248E-12     544.169E-03
            2429     36.6768E-12     37.3777E-12    -613.268E-03
            2430     35.1569E-12     39.0391E-12    -455.775E-03
            2431     81.4509E-12     47.9407E-12     729.813E-03
            2432     74.0528E-12     16.1320E-12    -404.504E-03
            2433     43.2386E-12     42.6620E-12    -157.875E-03
            2434     43.4368E-12     35.1510E-12    -762.905E-03
            2435     75.4395E-12     17.3485E-12    -304.887E-03
            2436     80.3539E-12     27.5207E-12     160.314E-03
            2437     76.7954E-12     56.2964E-12     730.424E-03
            2438     38.6232E-12     41.2296E-12    -277.959E-03
            2439     64.2202E-12     53.7074E-12     396.521E-03
            2440     79.6789E-12     55.1585E-12     840.845E-03
            2441     51.6684E-12     30.0617E-12    -869.018E-03
            2442     39.8635E-12     36.4725E-12    -693.024E-03
            2443     57.8305E-12     48.5830E-12     278.913E-03
            2444     74.2746E-12     56.5796E-12     634.808E-03
            2445     45.5662E-12     43.0918E-12    -124.154E-03
            2446     83.7408E-12     45.3011E-12     666.652E-03
            2447     80.8552E-12     52.8686E-12     848.558E-03
            2448     48.9849E-12     45.1951E-12     68.8737E-03
            2449     82.5074E-12     45.6146E-12     673.487E-03
            2450     36.2415E-12     40.2297E-12    -355.415E-03
            2451     76.1731E-12     20.5212E-12    -195.645E-03
            2452     36.1603E-12     38.0189E-12    -557.811E-03
            2453     65.6387E-12     55.2711E-12     391.932E-03
            2454     84.2675E-12     40.7448E-12     530.048E-03
            2455     82.6166E-12     30.1152E-12     247.792E-03
            2456     64.0352E-12     20.9056E-12    -732.575E-03
            2457     48.4151E-12     33.8799E-12    -780.197E-03
            2458     61.5083E-12     23.2085E-12    -784.379E-03
            2459     78.5948E-12     25.5912E-12     57.2484E-03
            2460     77.5296E-12     55.2250E-12     765.164E-03
            2461     77.1202E-12     24.0435E-12    -61.8623E-03
            2462     85.6439E-12     36.8340E-12     409.282E-03
            2463     80.2170E-12     53.6638E-12     843.124E-03
            2464     86.9663E-12     38.1215E-12     426.754E-03
            2465     69.4671E-12     55.9995E-12     488.431E-03
            2466     38.3741E-12     39.9633E-12    -402.903E-03
            2467     78.6892E-12     55.2124E-12     805.503E-03
            2468     75.1502E-12     55.8336E-12     678.584E-03
            2469     74.7481E-12     16.8624E-12    -357.637E-03
            2470     54.5983E-12     28.9758E-12    -845.769E-03
            2471     67.2667E-12     54.9976E-12     448.759E-03
            2472     39.5308E-12     40.5509E-12    -354.539E-03
            2473     83.0744E-12     44.1797E-12     633.138E-03
            2474     39.6024E-12     37.2888E-12    -635.521E-03
            2475     71.9038E-12     15.3249E-12    -494.744E-03
            2476     44.1830E-12     42.2425E-12    -206.720E-03
            2477     75.5015E-12     20.0436E-12    -255.946E-03
            2478     60.1543E-12     49.8142E-12     333.618E-03
            2479     41.7829E-12     41.7614E-12    -245.721E-03
            2480     42.1516E-12     36.0967E-12    -714.417E-03
            2481     84.3974E-12     35.3802E-12     379.644E-03
            2482     40.9815E-12     36.7953E-12    -671.714E-03
            2483     68.0632E-12     18.3368E-12    -622.512E-03
            2484     83.6802E-12     42.5682E-12     585.405E-03
            2485     76.1221E-12     55.0166E-12     717.743E-03
            2486     37.2000E-12     38.4772E-12    -528.999E-03
            2487     47.1606E-12     43.9103E-12    -46.7967E-03
            2488     79.0112E-12     53.6728E-12     804.097E-03
            2489     72.9253E-12     56.0561E-12     599.916E-03
            2490     38.2418E-12     37.8035E-12    -591.613E-03
            2491     46.7692E-12     34.7923E-12    -755.005E-03
            2492     81.4373E-12     28.7269E-12     206.109E-03
            2493     80.8930E-12     48.8497E-12     744.734E-03
            2494     51.8308E-12     45.8064E-12     109.795E-03
            2495     58.1675E-12     27.1513E-12    -810.379E-03
            2496     55.1744E-12     47.2988E-12     209.031E-03
            2497     79.1684E-12     28.9523E-12     145.812E-03
            2498     80.2166E-12     51.5564E-12     800.216E-03
            2499     51.9908E-12     31.3668E-12    -825.124E-03
            2500     76.4100E-12     23.3759E-12    -125.780E-03
            2501     81.9759E-12     46.8584E-12     705.606E-03
            2502     63.3941E-12     22.9363E-12    -738.270E-03
            2503     65.2769E-12     53.5327E-12     426.637E-03
            2504     79.3891E-12     52.0105E-12     785.977E-03
            2505     77.8375E-12     24.7848E-12    -505.191E-06
            2506     49.3276E-12     44.7722E-12     28.6108E-03
            2507     83.2298E-12     33.7606E-12     338.233E-03
            2508     84.8926E-12     38.7590E-12     469.662E-03
            2509     72.3256E-12     16.6916E-12    -477.922E-03
            2510     65.7883E-12     20.6379E-12    -685.603E-03
            2511     42.2641E-12     37.2929E-12    -635.167E-03
            2512     39.7445E-12     39.1723E-12    -484.071E-03
            2513     76.6371E-12     53.8041E-12     730.188E-03
            2514     45.2948E-12     35.7944E-12    -714.358E-03
            2515     83.6222E-12     37.4717E-12     437.850E-03
            2516     57.2999E-12     28.8951E-12    -791.375E-03
            2517     80.2808E-12     49.5805E-12     749.770E-03
            2518     39.4826E-12     38.5510E-12    -536.593E-03
            2519     83.3487E-12     39.8244E-12     504.307E-03
            2520     81.8669E-12     44.3982E-12     628.678E-03
            2521     43.7924E-12     36.6318E-12    -673.778E-03
            2522     69.1340E-12     54.2594E-12     515.676E-03
            2523     77.7961E-12     53.6859E-12     765.591E-03
            2524     47.7563E-12     43.5182E-12    -88.4076E-03
            2525     74.7425E-12     19.6031E-12    -317.168E-03
            2526     54.7082E-12     46.3641E-12     150.777E-03
            2527     73.3148E-12     55.3624E-12     624.487E-03
            2528     80.0837E-12     29.9467E-12     200.160E-03
            2529     80.8500E-12     46.6193E-12     676.658E-03
            2530     78.2410E-12     52.1048E-12     752.560E-03
            2531     62.1042E-12     50.9424E-12     375.861E-03
            2532     49.4998E-12     44.3041E-12    -15.3942E-03
            2533     82.6541E-12     35.5301E-12     381.430E-03
            2534     67.4346E-12     20.4069E-12    -636.505E-03
            2535     40.4483E-12     41.1108E-12    -304.111E-03
            2536     82.1402E-12     32.3256E-12     295.570E-03
            2537     60.1083E-12     48.6945E-12     300.089E-03
            2538     75.6823E-12     22.7683E-12    -191.006E-03
            2539     74.4957E-12     54.6358E-12     667.101E-03
            2540     45.2723E-12     41.8192E-12    -252.589E-03
            2541     65.1767E-12     22.6713E-12    -689.348E-03
            2542     49.7367E-12     34.6139E-12    -727.166E-03
            2543     82.8754E-12     41.5514E-12     553.142E-03
            2544     40.5787E-12     39.7333E-12    -438.400E-03
            2545     60.8763E-12     25.1426E-12    -778.907E-03
            2546     78.3179E-12     28.0481E-12     86.6305E-03
            2547     69.0451E-12     20.1206E-12    -583.713E-03
            2548     78.6980E-12     50.4784E-12     727.539E-03
            2549     76.7273E-12     26.3591E-12    -44.4017E-03
            2550     51.8667E-12     45.2074E-12     61.6254E-03
            2551     54.4125E-12     30.7802E-12    -799.760E-03
            2552     41.5408E-12     38.3704E-12    -555.159E-03
            2553     82.7505E-12     37.8870E-12     446.369E-03
            2554     62.3496E-12     49.9509E-12     363.173E-03
            2555     73.8374E-12     19.1614E-12    -380.607E-03
            2556     81.6860E-12     34.3767E-12     340.047E-03
            2557     49.4628E-12     43.8878E-12    -55.4535E-03
            2558     66.8823E-12     22.3802E-12    -637.542E-03
            2559     42.0035E-12     40.9943E-12    -324.338E-03
            2560     80.2926E-12     47.4847E-12     688.480E-03
            2561     47.4396E-12     42.2448E-12    -212.264E-03
            2562     74.9071E-12     22.2241E-12    -256.546E-03
            2563     80.7205E-12     44.2757E-12     601.737E-03
            2564     43.4199E-12     41.3934E-12    -290.336E-03
            2565     71.2057E-12     54.4102E-12     571.388E-03
            2566     72.6324E-12     18.6066E-12    -451.091E-03
            2567     77.6089E-12     50.5574E-12     696.812E-03
            2568     49.8680E-12     35.7419E-12    -666.812E-03
            2569     51.7380E-12     44.5736E-12     7.05060E-03
            2570     81.0765E-12     31.0695E-12     250.060E-03
            2571     54.3768E-12     45.5840E-12     93.4617E-03
            2572     75.6065E-12     52.4674E-12     682.175E-03
            2573     60.2408E-12     27.0327E-12    -762.460E-03
            2574     79.5622E-12     50.1298E-12     744.304E-03
            2575     75.3281E-12     53.7607E-12     690.325E-03
            2576     78.8503E-12     31.2781E-12     181.083E-03
            2577     58.4517E-12     47.6529E-12     240.826E-03
            2578     69.1134E-12     53.4978E-12     521.510E-03
            2579     70.7314E-12     19.6199E-12    -524.033E-03
            2580     54.3824E-12     32.2028E-12    -751.257E-03
            2581     64.6123E-12     24.6182E-12    -681.193E-03
            2582     75.9384E-12     25.5868E-12    -114.132E-03
            2583     76.6845E-12     51.9514E-12     702.758E-03
            2584     64.8561E-12     51.8413E-12     428.461E-03
            2585     82.5302E-12     39.1373E-12     480.111E-03
            2586     77.5108E-12     27.1888E-12     22.9044E-03
            2587     56.7836E-12     30.5025E-12    -757.947E-03
            2588     72.7595E-12     54.1367E-12     616.947E-03
            2589     81.6593E-12     41.8950E-12     549.460E-03
            2590     45.2742E-12     37.3303E-12    -618.934E-03
            2591     73.8144E-12     53.4905E-12     644.737E-03
            2592     78.0592E-12     48.9652E-12     665.304E-03
            2593     79.6601E-12     48.1682E-12     690.854E-03
            2594     54.0575E-12     44.8467E-12     33.9821E-03
            2595     46.1274E-12     41.3294E-12    -298.693E-03
            2596     48.7693E-12     43.1621E-12    -123.945E-03
            2597     42.2441E-12     39.1872E-12    -489.540E-03
            2598     43.4298E-12     37.9379E-12    -585.315E-03
            2599     82.1799E-12     36.9505E-12     414.789E-03
            2600     48.2794E-12     41.7122E-12    -260.331E-03
            2601     74.0476E-12     21.7490E-12    -322.150E-03
            2602     56.4825E-12     31.9530E-12    -715.451E-03
            2603     71.8069E-12     21.2086E-12    -455.105E-03
            2604     74.4986E-12     52.6223E-12     653.976E-03
            2605     66.7557E-12     52.3394E-12     468.308E-03
            2606     76.3258E-12     50.3565E-12     653.617E-03
            2607     79.7633E-12     32.2114E-12     239.189E-03
            2608     81.8551E-12     38.1108E-12     442.415E-03
            2609     57.4826E-12     46.7181E-12     183.235E-03
            2610     82.1272E-12     40.5339E-12     515.984E-03
            2611     68.5671E-12     22.0054E-12    -581.824E-03
            2612     59.6238E-12     28.8257E-12    -736.489E-03
            2613     44.1457E-12     39.9154E-12    -426.808E-03
            2614     81.1955E-12     43.1417E-12     578.205E-03
            2615     62.0891E-12     48.7147E-12     319.187E-03
            2616     75.1282E-12     24.8973E-12    -184.296E-03
            2617     80.2255E-12     45.2686E-12     618.930E-03
            2618     80.7094E-12     33.2471E-12     292.271E-03
            2619     74.9394E-12     50.8022E-12     626.855E-03
            2620     51.1993E-12     43.7973E-12    -63.2773E-03
            2621     52.5128E-12     33.9615E-12    -714.138E-03
            2622     62.2208E-12     26.7892E-12    -713.025E-03
            2623     77.9543E-12     30.3925E-12     116.570E-03
            2624     76.2403E-12     28.5430E-12    -27.3165E-03
            2625     70.9514E-12     53.5095E-12     568.238E-03
            2626     47.3290E-12     36.5774E-12    -649.565E-03
            2627     48.9650E-12     41.1080E-12    -309.185E-03
            2628     70.2530E-12     21.5479E-12    -520.381E-03
            2629     80.9527E-12     40.6615E-12     498.513E-03
            2630     49.6772E-12     42.6970E-12    -167.359E-03
            2631     61.9358E-12     28.8082E-12    -672.264E-03
            2632     79.5865E-12     43.9404E-12     558.795E-03
            2633     78.9292E-12     48.6599E-12     683.192E-03
            2634     46.3018E-12     40.6498E-12    -359.226E-03
            2635     74.2712E-12     24.3034E-12    -253.521E-03
            2636     56.8650E-12     45.8674E-12     123.132E-03
            2637     58.9520E-12     30.4371E-12    -706.981E-03
            2638     72.1295E-12     53.0142E-12     596.135E-03
            2639     74.3256E-12     51.3084E-12     623.592E-03
            2640     69.3609E-12     52.9902E-12     528.422E-03
            2641     73.4999E-12     51.5708E-12     608.505E-03
            2642     63.7929E-12     49.7312E-12     375.335E-03
            2643     45.9816E-12     39.3897E-12    -464.631E-03
            2644     51.4452E-12     35.2388E-12    -670.240E-03
            2645     51.8913E-12     43.1432E-12    -120.065E-03
            2646     66.3585E-12     24.3459E-12    -627.168E-03
            2647     56.3276E-12     33.1696E-12    -671.315E-03
            2648     60.8317E-12     47.7928E-12     265.510E-03
            2649     53.7961E-12     44.1395E-12    -25.9174E-03
            2650     48.2501E-12     37.6957E-12    -569.257E-03
            2651     78.5100E-12     33.4768E-12     217.884E-03
            2652     77.0339E-12     49.0461E-12     636.238E-03
            2653     44.5396E-12     38.6797E-12    -525.931E-03
            2654     79.0393E-12     46.7263E-12     627.714E-03
            2655     73.0537E-12     21.3661E-12    -388.421E-03
            2656     75.3894E-12     27.6478E-12    -102.579E-03
            2657     80.3517E-12     35.2448E-12     332.382E-03
            2658     81.3990E-12     39.3426E-12     469.803E-03
            2659     77.0836E-12     29.4871E-12     46.3624E-03
            2660     49.8827E-12     40.4812E-12    -353.605E-03
            2661     68.1218E-12     51.9850E-12     493.436E-03
            2662     77.4641E-12     47.4826E-12     600.589E-03
            2663     47.6228E-12     38.8849E-12    -492.717E-03
            2664     56.4116E-12     45.0702E-12     62.1888E-03
            2665     66.6929E-12     50.4644E-12     438.861E-03
            2666     73.3505E-12     23.8179E-12    -320.990E-03
            2667     54.0037E-12     43.4854E-12    -79.1598E-03
            2668     63.7574E-12     48.6876E-12     336.921E-03
            2669     52.6191E-12     42.5326E-12    -167.876E-03
            2670     50.4668E-12     42.1252E-12    -215.035E-03
            2671     74.9144E-12     49.8465E-12     598.571E-03
            2672     57.9811E-12     33.3018E-12    -626.995E-03
            2673     80.7519E-12     38.0854E-12     419.479E-03
            2674     73.7796E-12     50.1415E-12     577.694E-03
            2675     71.1154E-12     23.3374E-12    -450.365E-03
            2676     71.6250E-12     51.9791E-12     570.264E-03
            2677     68.0797E-12     23.8721E-12    -571.626E-03
            2678     50.1209E-12     37.4633E-12    -563.117E-03
            2679     59.8993E-12     46.9161E-12     210.043E-03
            2680     79.4421E-12     34.3148E-12     278.073E-03
            2681     79.7714E-12     40.4579E-12     459.112E-03
            2682     80.0420E-12     42.9327E-12     542.079E-03
            2683     46.4343E-12     38.1399E-12    -554.774E-03
            2684     75.8740E-12     48.9321E-12     597.660E-03
            2685     79.0695E-12     44.7686E-12     567.442E-03
            2686     60.8932E-12     30.5713E-12    -649.647E-03
            2687     70.3161E-12     52.4681E-12     546.928E-03
            2688     74.5159E-12     26.8824E-12    -176.450E-03
            2689     63.5978E-12     27.8627E-12    -645.772E-03
            2690     53.6340E-12     34.5356E-12    -666.225E-03
            2691     78.3148E-12     47.1826E-12     618.578E-03
            2692     77.5291E-12     32.6327E-12     148.037E-03
            2693     75.6407E-12     30.5538E-12    -13.0820E-03
            2694     51.2040E-12     41.5121E-12    -261.794E-03
            2695     78.4211E-12     45.2447E-12     560.629E-03
            2696     69.5948E-12     51.2694E-12     512.219E-03
            2697     69.7002E-12     23.4808E-12    -512.128E-03
            2698     73.5013E-12     49.3717E-12     546.010E-03
            2699     73.0776E-12     50.3330E-12     566.045E-03
            2700     63.6035E-12     29.7065E-12    -593.054E-03
            2701     65.8823E-12     26.4451E-12    -602.250E-03
            2702     49.1706E-12     38.4954E-12    -506.491E-03
            2703     73.6028E-12     26.2574E-12    -247.813E-03
            2704     51.7370E-12     36.3817E-12    -603.994E-03
            2705     78.8956E-12     42.7136E-12     497.483E-03
            2706     59.1690E-12     46.0362E-12     149.704E-03
            2707     54.7239E-12     42.9095E-12    -120.173E-03
            2708     79.9939E-12     36.9731E-12     367.208E-03
            2709     79.1480E-12     36.3304E-12     319.316E-03
            2710     47.7774E-12     40.0266E-12    -404.860E-03
            2711     76.9160E-12     46.0742E-12     535.951E-03
            2712     62.9082E-12     47.8756E-12     289.944E-03
            2713     60.1315E-12     32.0137E-12    -620.760E-03
            2714     56.0407E-12     44.3410E-12     3.55281E-03
            2715     74.5806E-12     48.6587E-12     551.374E-03
            2716     68.1256E-12     51.2487E-12     482.618E-03
            2717     76.4869E-12     47.5998E-12     572.999E-03
            2718     78.1930E-12     35.5784E-12     258.202E-03
            2719     72.8153E-12     51.7536E-12     595.060E-03
            2720     73.8611E-12     28.6883E-12    -168.600E-03
            2721     78.4915E-12     40.3443E-12     408.925E-03
            2722     71.5967E-12     25.4371E-12    -379.676E-03
            2723     66.2509E-12     49.3779E-12     397.491E-03
            2724     74.7558E-12     29.5146E-12    -93.2066E-03
            2725     76.5411E-12     31.7103E-12     69.3102E-03
            2726     74.0241E-12     31.1559E-12    -88.8776E-03
            2727     71.9750E-12     49.2136E-12     502.922E-03
            2728     75.3885E-12     47.5573E-12     537.433E-03
            2729     49.0357E-12     39.4756E-12    -437.582E-03
            2730     67.7154E-12     50.2185E-12     449.887E-03
            2731     55.6663E-12     43.7665E-12    -44.5719E-03
            2732     58.5833E-12     45.1772E-12     85.9852E-03
            2733     70.4788E-12     25.2053E-12    -440.494E-03
            2734     79.0001E-12     38.6299E-12     377.840E-03
            2735     69.7947E-12     50.1745E-12     487.456E-03
            2736     53.3270E-12     41.8948E-12    -212.825E-03
            2737     72.2675E-12     50.6618E-12     555.824E-03
            2738     52.0197E-12     37.3165E-12    -545.934E-03
            2739     73.1809E-12     48.3425E-12     502.107E-03
            2740     69.2099E-12     25.2102E-12    -497.843E-03
            2741     49.9189E-12     39.0526E-12    -459.929E-03
            2742     64.7485E-12     28.3239E-12    -594.789E-03
            2743     62.0475E-12     47.0265E-12     236.220E-03
            2744     77.7276E-12     45.7096E-12     551.822E-03
            2745     65.0936E-12     48.7239E-12     355.659E-03
            2746     55.2974E-12     35.1637E-12    -603.518E-03
            2747     62.5950E-12     31.0508E-12    -582.027E-03
            2748     77.9055E-12     37.5823E-12     302.147E-03
            2749     72.9033E-12     28.0610E-12    -240.381E-03
            2750     77.8174E-12     43.4860E-12     482.221E-03
            2751     70.8437E-12     27.2655E-12    -370.712E-03
            2752     51.9588E-12     40.8406E-12    -307.744E-03
            2753     77.1183E-12     34.7505E-12     183.478E-03
            2754     74.8834E-12     32.2764E-12    -7.51960E-03
            2755     69.8303E-12     26.8663E-12    -429.734E-03
            2756     67.0839E-12     49.0131E-12     397.382E-03
            2757     50.7917E-12     38.2942E-12    -501.371E-03
            2758     53.8718E-12     37.3329E-12    -514.980E-03
            2759     65.1256E-12     30.3901E-12    -518.591E-03
            2760     71.3836E-12     46.9683E-12     401.683E-03
            2761     63.9534E-12     47.0780E-12     262.411E-03
            2762     54.0325E-12     41.2447E-12    -254.869E-03
            2763     75.5398E-12     44.9035E-12     447.892E-03
            2764     74.1704E-12     47.4071E-12     495.592E-03
            2765     61.2731E-12     46.1245E-12     175.048E-03
            2766     58.0116E-12     44.3135E-12     18.9084E-03
            2767     57.3428E-12     34.6564E-12    -582.601E-03
            2768     50.7340E-12     39.8429E-12    -395.142E-03
            2769     71.8953E-12     27.6365E-12    -306.744E-03
            2770     75.8029E-12     33.9715E-12     91.8565E-03
            2771     67.6148E-12     26.9781E-12    -522.054E-03
            2772     77.5477E-12     39.3620E-12     339.904E-03
            2773     61.6949E-12     32.2866E-12    -564.914E-03
            2774     73.9105E-12     33.6050E-12    -19.3767E-03
            2775     73.1662E-12     30.2837E-12    -162.277E-03
            2776     76.8298E-12     36.7757E-12     227.781E-03
            2777     75.9723E-12     46.2143E-12     509.236E-03
            2778     77.1451E-12     44.3285E-12     485.249E-03
            2779     70.9319E-12     49.7225E-12     496.682E-03
            2780     77.1816E-12     40.9511E-12     374.800E-03
            2781     71.1307E-12     29.4245E-12    -294.093E-03
            2782     72.2301E-12     29.6505E-12    -231.104E-03
            2783     52.7890E-12     40.0165E-12    -358.522E-03
            2784     51.6609E-12     39.1402E-12    -434.288E-03
            2785     60.6377E-12     45.2117E-12     109.715E-03
            2786     55.3498E-12     42.2681E-12    -163.442E-03
            2787     61.6407E-12     34.0230E-12    -496.989E-03
            2788     70.6013E-12     48.5462E-12     446.959E-03
            2789     72.8249E-12     47.1985E-12     449.422E-03
            2790     74.4660E-12     34.8519E-12     49.5858E-03
            2791     76.5092E-12     38.5900E-12     269.706E-03
            2792     57.8402E-12     37.0426E-12    -452.483E-03
            2793     66.1868E-12     28.9071E-12    -525.637E-03
            2794     64.0794E-12     31.7187E-12    -509.359E-03
            2795     68.4138E-12     27.8116E-12    -466.536E-03
            2796     75.6860E-12     36.2916E-12     157.628E-03
            2797     65.2107E-12     48.0673E-12     328.146E-03
            2798     76.8257E-12     42.2802E-12     404.672E-03
            2799     68.3362E-12     48.8377E-12     412.890E-03
            2800     76.0758E-12     43.9034E-12     431.730E-03
            2801     57.0812E-12     43.3828E-12    -60.0188E-03
            2802     53.7712E-12     38.5123E-12    -445.543E-03
            2803     74.9195E-12     46.2049E-12     474.555E-03
            2804     72.1508E-12     33.7855E-12    -101.738E-03
            2805     63.1739E-12     46.1658E-12     200.943E-03
            2806     75.4563E-12     38.0613E-12     204.145E-03
            2807     66.5623E-12     31.1116E-12    -440.303E-03
            2808     71.0341E-12     45.8269E-12     343.991E-03
            2809     56.1806E-12     41.5913E-12    -201.047E-03
            2810     70.2749E-12     47.7636E-12     407.868E-03
            2811     65.2776E-12     46.9814E-12     276.411E-03
            2812     54.6702E-12     40.6085E-12    -291.648E-03
            2813     67.7357E-12     25.5724E-12    -551.232E-03
            2814     59.8165E-12     34.7603E-12    -516.027E-03
            2815     69.6524E-12     48.7202E-12     433.547E-03
            2816     69.9776E-12     28.9966E-12    -362.897E-03
            2817     74.4975E-12     36.3470E-12     101.803E-03
            2818     74.4897E-12     44.8199E-12     409.076E-03
            2819     56.9635E-12     42.5997E-12    -119.230E-03
            2820     56.2025E-12     38.3257E-12    -414.442E-03
            2821     73.5300E-12     35.3911E-12     21.7953E-03
            2822     76.1400E-12     40.1720E-12     305.612E-03
            2823     62.9862E-12     32.9456E-12    -499.588E-03
            2824     71.7393E-12     30.8974E-12    -218.217E-03
            2825     70.4611E-12     31.3753E-12    -264.794E-03
            2826     73.7595E-12     46.1291E-12     435.329E-03
            2827     62.5872E-12     45.2393E-12     137.090E-03
            2828     68.9841E-12     28.3762E-12    -426.581E-03
            2829     75.5613E-12     42.6204E-12     367.087E-03
            2830     54.6887E-12     39.5007E-12    -367.170E-03
            2831     69.0130E-12     30.5419E-12    -358.001E-03
            2832     55.5402E-12     40.1817E-12    -308.188E-03
            2833     59.4224E-12     43.2283E-12    -40.3060E-03
            2834     64.9328E-12     46.2380E-12     231.073E-03
            2835     58.9628E-12     35.7655E-12    -490.726E-03
            2836     72.1212E-12     44.7846E-12     330.941E-03
            2837     69.5103E-12     45.6607E-12     296.849E-03
            2838     75.0708E-12     39.5980E-12     239.573E-03
            2839     62.8584E-12     34.9548E-12    -419.819E-03
            2840     74.3503E-12     37.8128E-12     145.191E-03
            2841     68.7571E-12     47.6768E-12     371.678E-03
            2842     60.0510E-12     44.2653E-12     38.7864E-03
            2843     67.6003E-12     29.6106E-12    -447.842E-03
            2844     73.3787E-12     44.8184E-12     372.250E-03
            2845     66.9059E-12     47.6421E-12     335.036E-03
            2846     71.1004E-12     34.8960E-12    -110.403E-03
            2847     75.3369E-12     43.6745E-12     396.709E-03
            2848     65.4620E-12     32.4839E-12    -432.535E-03
            2849     70.2327E-12     33.8744E-12    -187.341E-03
            2850     58.3420E-12     38.1654E-12    -379.854E-03
            2851     58.6128E-12     42.0423E-12    -133.689E-03
            2852     70.7310E-12     44.6620E-12     284.170E-03
            2853     56.8301E-12     40.1311E-12    -289.963E-03
            2854     60.5041E-12     37.8686E-12    -344.997E-03
            2855     74.4480E-12     40.9535E-12     262.436E-03
            2856     61.3556E-12     35.9335E-12    -418.796E-03
            2857     62.0700E-12     44.2429E-12     67.0548E-03
            2858     68.2712E-12     46.6181E-12     313.273E-03
            2859     72.9850E-12     43.5077E-12     306.535E-03
            2860     74.7281E-12     42.2757E-12     322.547E-03
            2861     71.9411E-12     36.1367E-12    -26.4562E-03
            2862     69.2039E-12     32.8565E-12    -269.982E-03
            2863     64.2570E-12     33.7551E-12    -425.145E-03
            2864     69.9101E-12     35.7922E-12    -127.909E-03
            2865     73.1508E-12     37.9220E-12     95.5463E-03
            2866     61.6050E-12     43.1520E-12    -9.87061E-03
            2867     71.8373E-12     43.6571E-12     274.406E-03
            2868     64.4580E-12     45.2947E-12     170.576E-03
            2869     67.9521E-12     31.9502E-12    -355.271E-03
            2870     58.5178E-12     40.6352E-12    -227.596E-03
            2871     62.7674E-12     37.2595E-12    -314.752E-03
            2872     60.9724E-12     39.2323E-12    -258.504E-03
            2873     67.9021E-12     45.5274E-12     252.165E-03
            2874     69.2039E-12     44.5025E-12     234.581E-03
            2875     73.3838E-12     41.7997E-12     252.971E-03
            2876     70.4466E-12     36.7725E-12    -66.8941E-03
            2877     64.0219E-12     44.2705E-12     103.321E-03
            2878     61.2822E-12     41.9341E-12    -91.9919E-03
            2879     66.6232E-12     46.4716E-12     273.112E-03
            2880     66.7962E-12     33.3027E-12    -351.334E-03
            2881     72.3439E-12     42.2897E-12     234.853E-03
            2882     71.2820E-12     39.3808E-12     74.9691E-03
            2883     70.5463E-12     43.5067E-12     227.086E-03
            2884     73.1641E-12     39.6070E-12     159.610E-03
            2885     68.0509E-12     34.1606E-12    -269.129E-03
            2886     69.1818E-12     34.9727E-12    -190.349E-03
            2887     61.2292E-12     40.6158E-12    -172.762E-03
            2888     65.5861E-12     34.5762E-12    -345.284E-03
            2889     67.5802E-12     44.3906E-12     187.528E-03
            2890     69.1343E-12     37.4742E-12    -89.6619E-03
            2891     68.3741E-12     36.3139E-12    -169.015E-03
            2892     70.0275E-12     38.4340E-12    -13.9238E-03
            2893     69.0119E-12     43.2839E-12     170.884E-03
            2894     71.2946E-12     41.1072E-12     148.012E-03
            2895     64.2445E-12     35.8137E-12    -337.265E-03
            2896     63.6916E-12     43.1833E-12     32.4453E-03
            2897     72.6810E-12     40.8324E-12     187.656E-03
            2898     70.6380E-12     42.3545E-12     178.680E-03
            2899     66.2348E-12     45.4125E-12     210.497E-03
            2900     63.2740E-12     38.9313E-12    -214.622E-03
            2901     67.8029E-12     38.4029E-12    -98.5397E-03
            2902     64.6031E-12     37.4007E-12    -251.587E-03
            2903     64.2352E-12     40.5314E-12    -103.967E-03
            2904     67.2668E-12     43.1574E-12     116.976E-03
            2905     63.6416E-12     41.9749E-12    -38.5020E-03
            2906     69.5414E-12     40.8679E-12     75.8344E-03
            2907     69.0611E-12     42.0283E-12     113.304E-03
            2908     66.9348E-12     35.3822E-12    -262.180E-03
            2909     65.5892E-12     43.2450E-12     79.0945E-03
            2910     67.7762E-12     40.3562E-12    -7.82936E-03
            2911     66.8412E-12     37.4439E-12    -175.977E-03
            2912     65.8750E-12     44.3402E-12     145.353E-03
            2913     66.7582E-12     41.6297E-12     24.5258E-03
            2914     65.2243E-12     38.3877E-12    -185.305E-03
            2915     66.2577E-12     39.4712E-12    -100.081E-03
            2916     20.8675E-12     48.4229E-12         7.76212
            2917     123.769E-12     228.857E-12        -13.2258
            2918     99.2739E-12    -68.8504E-12         7.34176
            2919     143.975E-12    -122.700E-12         3.90871
            2920     104.994E-12    -85.4484E-12         5.55807
            2921     76.8861E-12     155.939E-12        -5.89154
            2922     63.6888E-12    -11.7826E-12         15.0679
            2923     232.845E-12     50.2537E-12        -7.45445
            2924     257.007E-12     95.6988E-12        -12.1527
            2925     263.429E-12     62.3364E-12        -10.5473
            2926     231.548E-12    -41.3955E-12        -2.67901
            2927     122.068E-12    -111.604E-12         4.65340
            2928     125.381E-12     234.551E-12        -13.3101
            2929     186.127E-12     270.045E-12        -21.0344
            2930     240.913E-12     42.3330E-12        -7.12730
            2931     63.5155E-12    -18.6436E-12         13.7501
            2932     243.310E-12     151.260E-12        -14.8853
            2933     65.2144E-12    -22.3220E-12         9.45334
            2934    -1.14654E-12     46.9936E-12         3.77532
            2935    -12.9178E-12     133.920E-12        -4.64212
            2936     105.849E-12     194.241E-12        -8.98064
            2937     117.451E-12     202.682E-12        -9.97897
            2938     184.155E-12    -117.877E-12         2.28872
            2939     17.2430E-12     45.7432E-12         8.03222
            2940     182.525E-12    -89.7834E-12     557.803E-03
            2941    -39.3889E-12     115.490E-12        -1.79484
            2942     25.6965E-12     56.9778E-12         10.9970
            2943    -25.1737E-12     69.5103E-12         2.20865
            2944    -35.2183E-12     97.8242E-12     396.712E-03
            2945    -35.4973E-12     112.370E-12        -2.14592
            2946     162.628E-12    -98.4285E-12         1.52705
            2947     65.4181E-12    -21.4450E-12         16.6433
            2948     61.6982E-12    -8.88358E-12         16.5329
            2949     89.7013E-12    -54.7117E-12         7.91812
            2950    -20.9249E-12     125.377E-12        -3.97954
            2951     88.1340E-12     185.876E-12        -8.06534
            2952     241.079E-12     123.594E-12        -12.7107
            2953     123.848E-15     47.1356E-12         5.29942
            2954    -11.5676E-12     52.4914E-12         4.59258
            2955     121.132E-12     214.026E-12        -11.4103
            2956     125.665E-12    -125.067E-12         5.90744
            2957     261.438E-12     24.5096E-12        -6.76478
            2958     261.716E-12     35.6303E-12        -7.88451
            2959     142.523E-12    -90.7923E-12         1.54597
            2960    -28.7691E-12     125.165E-12        -3.93405
            2961     106.056E-12    -85.1077E-12         6.93675
            2962     210.417E-12    -76.8805E-12    -772.595E-03
            2963     115.805E-12     193.923E-12        -8.71806
            2964     243.619E-12     33.8151E-12        -6.45665
            2965     69.4816E-12    -30.1350E-12         9.18684
            2966     45.0106E-12     30.3201E-12         12.6295
            2967     39.2538E-12     41.3294E-12         9.92194
            2968     60.3045E-12    -15.0941E-12         9.73678
            2969     258.053E-12    -15.6917E-12        -4.45236
            2970     233.442E-12    -2.76493E-12        -3.93336
            2971     288.531E-12     296.998E-12        -30.4881
            2972    -40.5904E-12     127.476E-12        -4.70924
            2973     31.4736E-12    -23.6873E-12         28.7907
            2974     203.885E-12    -159.777E-12         4.68394
            2975     24.5793E-12     27.0168E-12         20.6952
            2976     25.5010E-12     47.5221E-12         16.8721
            2977     66.3487E-12    -22.8601E-12         12.9089
            2978     65.3297E-12    -25.0549E-12         17.6399
            2979     242.888E-12    -104.137E-12    -162.585E-03
            2980     260.062E-12    -40.8665E-12        -3.60003
            2981     300.335E-12     162.950E-12        -20.4685
            2982     237.241E-12    -121.055E-12         1.24512
            2983    -33.5820E-12     139.623E-12        -5.68452
            2984     292.229E-12     127.209E-12        -17.0622
            2985     257.070E-12    -64.6797E-12        -2.63211
            2986     262.217E-12     8.71166E-12        -5.68965
            2987     164.755E-12     285.952E-12        -21.4776
            2988     250.887E-12    -84.9005E-12        -1.48038
            2989     302.158E-12     244.028E-12        -27.3922
            2990     128.956E-12     246.754E-12        -15.4870
            2991    -42.0230E-12     114.393E-12    -722.105E-03
            2992    -38.2773E-12     133.294E-12        -5.29619
            2993     199.593E-12     300.267E-12        -24.7232
            2994     304.562E-12     202.300E-12        -23.9886
            2995    -41.8959E-12     103.144E-12     636.980E-03
            2996    -1.54503E-12     157.592E-12        -6.36460
            2997    -21.5158E-12     145.354E-12        -5.76079
            2998     25.7489E-12     166.120E-12        -6.74702
            2999     147.129E-12    -140.747E-12         5.44233
            3000     142.561E-12     267.209E-12        -18.3065
            3001     66.7001E-12    -25.0231E-12         11.1286
            3002     63.6912E-12    -21.4945E-12         14.9853
            3003     29.1869E-12     1.42283E-12         24.7183
            3004     26.1452E-12     57.7533E-12         12.8245
            3005     78.4436E-12    -41.2935E-12         8.54219
            3006     173.030E-12    -153.645E-12         5.07822
            3007    -41.2207E-12     120.286E-12        -2.42418
            3008     65.6719E-12    -36.1887E-12         25.2203
            3009     66.5247E-12    -31.2417E-12         21.4766
            3010     262.959E-12     44.7638E-12        -9.12453
            3011     195.501E-12     235.539E-12        -18.4673
            3012     27.9554E-12     54.2801E-12         9.17539
            3013     47.7243E-12     146.894E-12        -5.41740
            3014     231.236E-12     204.892E-12        -18.4378
            3015     279.899E-12     91.9375E-12        -13.8463
            3016     266.880E-12     125.027E-12        -14.9025
            3017    -27.2260E-12     131.695E-12        -4.59621
            3018     59.4410E-12     171.557E-12        -6.99688
            3019     57.3990E-12    -6.92600E-12         19.0753
            3020     199.255E-12    -87.3290E-12     24.0076E-03
            3021     235.375E-12    -63.7493E-12        -1.98968
            3022     32.8950E-12     49.7284E-12         11.4837
            3023     50.7764E-12     12.9337E-12         15.6090
            3024     218.007E-12     225.471E-12        -19.1512
            3025    -33.0447E-12     123.951E-12        -3.78298
            3026     23.3138E-12     50.7770E-12         9.43329
            3027    -38.6308E-12     118.690E-12        -2.72236
            3028    -38.9753E-12     86.8327E-12         1.82467
            3029     112.341E-12    -101.991E-12         6.26668
            3030     113.910E-12     206.420E-12        -9.61621
            3031     63.3103E-12    -19.6357E-12         10.7679
            3032     217.183E-12     266.884E-12        -22.8419
            3033     215.143E-12     120.567E-12        -10.5121
            3034     272.184E-12     158.072E-12        -17.7044
            3035     187.294E-12    -102.263E-12         1.20189
            3036     66.0222E-12    -21.5238E-12         18.6557
            3037    -38.9528E-12     124.432E-12        -4.04100
            3038     36.5596E-12    -43.8286E-12         32.8113
            3039     238.478E-12     306.585E-12        -27.7977
            3040     229.956E-12    -162.495E-12         4.23342
            3041     35.2082E-12     39.1933E-12         14.7853
            3042     40.8044E-12     19.9276E-12         18.2218
            3043    -33.7823E-12     131.722E-12        -4.64235
            3044    -32.6161E-12     70.2723E-12         2.86468
            3045     212.918E-12    -120.496E-12         1.78529
            3046    -36.5221E-12     122.145E-12        -3.39806
            3047     51.1063E-12    -24.3640E-12         25.5424
            3048     44.7747E-12    -3.53322E-12         21.9273
            3049     206.885E-12    -139.184E-12         3.21886
            3050     63.4101E-12    -19.5673E-12         12.3307
            3051    -39.9723E-12     124.279E-12        -3.55656
            3052     61.6054E-12    -24.1472E-12         22.1596
            3053     216.403E-12    -100.774E-12     366.978E-03
            3054    -38.4362E-12     127.765E-12        -4.26467
            3055     244.643E-12     251.855E-12        -23.6800
            3056    -15.2895E-12     60.8094E-12         1.94384
            3057     233.647E-12    -139.810E-12         2.72221
            3058     53.6115E-12    -41.5867E-12         29.0607
            3059     178.048E-12    -134.613E-12         3.64900
            3060     30.7867E-12    -2.42051E-12    -75.6773E-03
            3061     20.4481E-12     587.926E-15    -38.7523E-03
            3062    -22.8283E-12     59.4548E-12         3.75813
            3063     45.3338E-12    -3.81713E-12     96.5793E-03
            3064     47.8371E-12    -6.30741E-12     192.395E-03
            3065     45.6921E-12    -1.61145E-12    -125.451E-03
            3066     44.1789E-12    -12.2366E-12    -41.7574E-03
            3067     49.5614E-12    -2.24614E-12    -148.375E-03
            3068     17.4382E-12     36.3822E-12    -208.466E-03
            3069     68.0774E-12    -45.8562E-12     671.284E-03
            3070     6.68674E-12     23.9256E-12     45.6524E-03
            3071     48.4908E-12     36.1533E-12     244.795E-03
            3072     105.459E-12     76.6036E-12        -2.15054
            3073     42.5894E-12     47.7795E-12    -336.504E-03
            3074     43.4898E-12     30.8765E-12     12.2827E-03
            3075     262.932E-12     224.845E-12        -22.5983
            3076     271.274E-12     190.798E-12        -20.3925
            3077     46.0093E-12    -10.2020E-12    -13.4809E-03
            3078     16.1563E-12     16.6978E-12    -285.266E-03
            3079     51.1418E-12    -4.85754E-12    -140.900E-03
            3080     14.2743E-12     15.3668E-12     28.4086E-03
            3081     16.3389E-12     16.8000E-12     241.202E-03
            3082     159.708E-12     264.562E-12        -18.7344
            3083     34.8715E-12     66.8539E-15     115.944E-03
            3084     52.8729E-12    -6.02537E-12     59.3970E-03
            3085     110.399E-12    -39.9304E-12    -67.1190E-03
            3086     127.753E-12    -40.7818E-12    -230.495E-03
            3087     9.25849E-12     28.5600E-12     71.0403E-03
            3088     11.8590E-12     29.6065E-12     62.9815E-03
            3089     14.0201E-12     24.2725E-12     3.84288E-03
            3090     22.0484E-12     48.7498E-12    -398.747E-03
            3091     17.0953E-12     57.8998E-12    -577.985E-03
            3092     61.1688E-12    -1.98857E-12    -204.058E-03
            3093     63.8811E-12    -1.71463E-12    -224.699E-03
            3094     229.793E-12    -83.1554E-12        -1.01131
            3095    -12.5456E-12     64.3440E-12    -545.988E-03
            3096    -16.4190E-12     68.0981E-12    -529.653E-03
            3097     68.5866E-12    -43.0163E-12     919.131E-03
            3098     56.0089E-12     39.3296E-12     311.541E-03
            3099     59.0111E-12     44.4512E-12     378.693E-03
            3100     51.1048E-12     49.4928E-12    -258.880E-03
            3101     45.8720E-12     41.8879E-12     268.105E-03
            3102     59.0928E-12     37.3818E-12     5.71381E-03
            3103     96.4119E-12     44.2053E-12        -1.33077
            3104     118.912E-12     219.712E-12        -11.4414
            3105     101.021E-12    -74.1566E-12         5.80550
            3106     91.4758E-12     169.942E-12        -6.84459
            3107     221.152E-12     78.0862E-12        -8.49005
            3108     16.3546E-12     44.3524E-12         6.74707
            3109     31.1474E-12     50.8438E-12         8.68681
            3110     72.1350E-12    -3.68129E-12    -244.094E-03
            3111     25.6028E-12     10.4151E-12    -308.500E-03
            3112     28.4195E-12     11.5549E-12    -370.410E-03
            3113     26.7274E-12     14.1788E-12    -414.857E-03
            3114    -10.9919E-12     56.1543E-12         1.85552
            3115     14.0489E-12     16.8771E-12    -131.924E-03
            3116     53.0575E-12    -10.3526E-12    -22.9230E-03
            3117     68.6564E-12    -4.49199E-12    -193.387E-03
            3118     58.3033E-12     49.9090E-12    -93.5869E-03
            3119     32.9685E-12     9.79971E-12    -382.117E-03
            3120     39.0465E-12    -423.039E-15     231.424E-03
            3121     119.464E-12    -49.4087E-12     45.1679E-03
            3122     93.5578E-12    -58.0002E-12     606.652E-03
            3123     58.9510E-12    -3.48086E-12    -180.783E-03
            3124     22.1079E-12     32.5005E-12    -101.963E-03
            3125     62.8392E-12     41.5786E-12     119.231E-03
            3126     58.9924E-12     40.2760E-12     303.647E-03
            3127     66.3128E-12     49.8010E-12     500.822E-03
            3128     26.9094E-12     58.2347E-12    -610.362E-03
            3129     73.5232E-12    -1.60756E-12    -289.621E-03
            3130     75.8283E-12    -603.224E-15    -308.139E-03
            3131     122.754E-12    -13.5662E-12    -676.620E-03
            3132     70.6725E-12     41.2806E-12    -4.25001E-03
            3133     77.2405E-12     34.4080E-12    -543.642E-03
            3134    -30.4616E-12     117.297E-12        -3.10331
            3135     38.3094E-12     38.1468E-12         6.41566
            3136     202.688E-12     80.6813E-12        -7.42415
            3137     193.334E-12     68.8712E-12        -6.22109
            3138     7.36516E-12     126.173E-12        -4.08269
            3139     22.8252E-12     48.5964E-12         6.69600
            3140     13.0187E-12     42.2666E-12         4.74697
            3141    -6.86982E-12     74.8560E-12    -958.754E-03
            3142    -21.7134E-12     81.8487E-12    -840.838E-03
            3143     85.8103E-12    -5.14764E-12    -340.502E-03
            3144     59.2173E-12     40.5236E-12     200.532E-03
            3145     65.8853E-12    -15.2472E-12     595.956E-03
            3146     16.4725E-12     20.1128E-12    -204.250E-03
            3147     64.3943E-12     50.9505E-12     75.9983E-03
            3148     10.2680E-12     37.5712E-12     309.187E-03
            3149     914.459E-15     74.6954E-12        -1.01441
            3150     63.0024E-12     43.4899E-12     290.736E-03
            3151     66.7315E-12     47.3155E-12     307.244E-03
            3152     58.4807E-12    -7.85252E-12    -106.684E-03
            3153     87.3997E-12    -61.1450E-12         1.80173
            3154     17.8640E-12     29.5627E-12     18.6068E-03
            3155    -7.59224E-12     53.7137E-12         1.61543
            3156     101.591E-12     167.449E-12        -6.46040
            3157     155.554E-12     246.025E-12        -16.4946
            3158     59.1050E-12     48.7195E-12     447.712E-03
            3159     113.274E-12    -65.9064E-12     666.424E-03
            3160     124.925E-12    -61.9954E-12     342.658E-03
            3161     61.8623E-12    -3.55552E-12    -176.875E-03
            3162     63.1084E-12    -3.59956E-12    -169.311E-03
            3163     35.8553E-12     11.1986E-12    -466.959E-03
            3164     11.0960E-12     36.4749E-12     196.320E-03
            3165     71.6741E-12    -15.8037E-12     736.457E-03
            3166     70.4122E-12    -21.0580E-12     899.335E-03
            3167     109.695E-12    -75.6707E-12         1.44884
            3168     24.6192E-12     24.3814E-12    -573.115E-03
            3169     20.2847E-12     66.3926E-12    -828.030E-03
            3170     61.9166E-12     46.0133E-12     300.685E-03
            3171     72.5680E-12     44.3237E-12     129.583E-03
            3172     79.9969E-12     38.8656E-12    -321.233E-03
            3173     68.8636E-12     57.1576E-12     41.0775E-03
            3174     185.265E-12     79.2786E-12        -6.27203
            3175     148.636E-12     51.4098E-12        -3.12598
            3176     146.081E-12    -24.0878E-12    -896.250E-03
            3177     133.886E-12    -8.29651E-12    -967.502E-03
            3178    -27.5641E-12     109.534E-12        -2.49738
            3179     42.6790E-12    -1.09876E-12     334.623E-03
            3180     44.0660E-12     2.67221E-12    -82.5700E-03
            3181     45.1222E-12     4.84757E-12    -238.556E-03
            3182     106.574E-12     174.821E-12        -6.94596
            3183    -1.02872E-12     47.0799E-12     873.455E-03
            3184     21.2603E-12     31.4750E-12    -18.3706E-03
            3185     27.9744E-12     41.1421E-12    -206.966E-03
            3186     60.2169E-12     49.6388E-12     460.743E-03
            3187     83.1577E-12    -3.33422E-12    -346.635E-03
            3188     53.2645E-12    -4.13433E-12         6.64580
            3189     31.3276E-12     64.5275E-12    -788.147E-03
            3190     21.1955E-12     44.9841E-12         5.13012
            3191     12.1853E-12     41.2850E-12         3.29301
            3192     103.601E-12     165.248E-12        -6.06376
            3193     54.4173E-12     11.9039E-12         9.40237
            3194    -261.126E-15     85.9108E-12        -1.47164
            3195    -22.8789E-12     90.8963E-12        -1.31148
            3196     17.8111E-12     22.2279E-12    -191.234E-03
            3197     17.2532E-12     21.4009E-12    -86.8330E-03
            3198     48.9534E-12     20.3056E-12         7.07994
            3199     61.6851E-12    -7.45136E-12    -102.670E-03
            3200     52.8706E-12     1.72751E-12         6.96322
            3201     88.8530E-12    -60.6440E-12         2.54004
            3202     65.5368E-12     51.9013E-12     548.041E-03
            3203     192.275E-12    -68.9364E-12    -648.759E-03
            3204     188.819E-12    -50.9108E-12        -1.19018
            3205     106.250E-12     184.587E-12        -7.48983
            3206    -28.3182E-12     102.659E-12        -1.86081
            3207     64.1859E-12    -2.92749E-12    -187.903E-03
            3208     64.6749E-12    -2.85616E-12    -183.621E-03
            3209     65.3063E-12    -2.67265E-12    -181.834E-03
            3210     38.4813E-12     12.3908E-12    -543.569E-03
            3211     37.1811E-12     14.7799E-12    -607.488E-03
            3212     35.6882E-12     17.3511E-12    -662.559E-03
            3213     23.2732E-12     74.4251E-12        -1.10956
            3214     34.5895E-12     68.6976E-12    -928.320E-03
            3215     72.3468E-12     62.7476E-12    -20.3408E-03
            3216     31.7719E-12     44.2515E-12    -220.153E-03
            3217     34.0356E-12     49.5159E-12    -336.252E-03
            3218    -13.5840E-12     93.5877E-12        -1.73662
            3219     79.2120E-12     109.487E-12        -2.10962
            3220     97.7970E-12     165.211E-12        -5.73336
            3221     69.0708E-12     47.7379E-12     331.721E-03
            3222     151.918E-12    -16.8307E-12        -1.17695
            3223     69.1265E-12    -26.4796E-12         1.00071
            3224     63.4741E-12     50.4055E-12     477.815E-03
            3225     72.2571E-12    -26.0114E-12         1.12433
            3226     46.2216E-12    -191.507E-15     208.822E-03
            3227     47.6391E-12     3.56271E-12    -152.026E-03
            3228     48.6293E-12     5.60167E-12    -296.523E-03
            3229     18.8119E-12     24.3271E-12    -127.966E-03
            3230     157.828E-12     23.8383E-12        -1.96052
            3231     23.4426E-12     34.8324E-12         2.14105
            3232     21.9046E-12     35.3162E-12         1.83035
            3233     83.7876E-12    -34.5884E-12         3.31815
            3234     86.0759E-12     45.1589E-12     30.5506E-03
            3235     82.6979E-12     47.2680E-12     233.042E-03
            3236     92.7905E-12     43.4531E-12    -219.431E-03
            3237     66.8098E-12    -2.06929E-12    -196.573E-03
            3238     69.8296E-12    -1.05847E-12    -232.906E-03
            3239     75.9408E-12     55.2689E-12     561.236E-03
            3240     69.6638E-12     53.9335E-12     627.181E-03
            3241     130.146E-12     207.951E-12        -10.8164
            3242     81.6950E-12    -28.6803E-12         2.77849
            3243     47.2410E-12    -4.25196E-12     956.840E-03
            3244     41.2450E-12     9.68392E-12    -469.583E-03
            3245     76.0136E-12     55.3891E-12     608.661E-03
            3246     11.8344E-12     37.3837E-12     209.585E-03
            3247     11.9818E-12     38.2564E-12     239.803E-03
            3248     77.3652E-12     56.5665E-12     699.437E-03
            3249     31.8325E-12     21.5237E-12    -702.857E-03
            3250     25.0138E-12     26.3817E-12    -591.941E-03
            3251     77.6675E-12    -25.4298E-12         1.43630
            3252     104.591E-12     177.768E-12        -6.76578
            3253     111.589E-12     197.065E-12        -8.69054
            3254     77.8901E-12     57.2263E-12     769.623E-03
            3255     75.4253E-12     56.4137E-12     751.234E-03
            3256     67.6166E-12     51.1568E-12     502.307E-03
            3257     73.7460E-12     48.8453E-12     372.243E-03
            3258     76.5255E-12     49.3204E-12     391.201E-03
            3259     16.6612E-12     40.4044E-12         2.72109
            3260     14.5444E-12     40.1673E-12         2.18001
            3261     14.1275E-12     40.0195E-12         1.13394
            3262     13.7077E-12     39.2041E-12     221.947E-03
            3263     99.5176E-12     41.7618E-12    -571.833E-03
            3264     38.2380E-12     17.9037E-12    -726.312E-03
            3265     81.9667E-12     111.063E-12        -2.15413
            3266     76.2936E-12    -8.45179E-12     385.215E-03
            3267     48.9555E-12    -841.616E-15     292.742E-03
            3268     48.5765E-12     963.733E-15     81.4744E-03
            3269     51.0133E-12     4.19303E-12    -202.292E-03
            3270     20.8714E-12     37.3052E-12         2.11008
            3271     152.153E-12     32.0503E-12        -1.89525
            3272     49.5501E-12     7.60147E-12    -422.689E-03
            3273     41.7609E-12     12.6568E-12    -597.918E-03
            3274     20.1373E-12     34.3448E-12     864.328E-03
            3275     80.3880E-12    -23.9766E-12         2.26752
            3276     12.7019E-12     38.5963E-12     231.051E-03
            3277     69.6767E-12     54.1150E-12     631.998E-03
            3278     71.7171E-12     49.8761E-12     428.995E-03
            3279     102.159E-12     175.508E-12        -6.59166
            3280     69.1361E-12     52.6736E-12     572.327E-03
            3281     51.3477E-12    -688.001E-15     266.054E-03
            3282     56.7076E-12    -7.57496E-12         1.42486
            3283     40.3414E-12     18.6205E-12    -782.011E-03
            3284     48.1833E-12     11.0181E-12    -590.277E-03
            3285     13.5553E-12     39.7413E-12     259.162E-03
            3286     112.182E-12     14.6356E-12    -671.236E-03
            3287     73.2496E-12    -11.4079E-12         1.34989
            3288     83.9993E-12     5.96286E-12    -288.692E-03
            3289     15.5227E-12     39.6534E-12         1.72340
            3290     76.5182E-12    -6.08538E-12     202.361E-03
            3291     77.9407E-12    -7.72118E-12     418.080E-03
            3292     75.4528E-12     5.14366E-12    -102.786E-03
            3293     74.0867E-12     1.40803E-12    -117.759E-03
            3294     78.2074E-12     57.4987E-12     814.835E-03
            3295     76.3999E-12     56.6075E-12     782.128E-03
            3296     31.5306E-12     40.1914E-12     35.5684E-03
            3297     23.2160E-12     40.6238E-12     113.134E-03
            3298     82.2274E-12     8.65976E-12    -184.475E-03
            3299     19.7647E-12     37.0000E-12         1.64144
            3300     53.5214E-12    -165.232E-15     205.576E-03
            3301     59.1319E-12    -7.09654E-12         1.20597
            3302     78.8326E-12    -20.1266E-12         2.02334
            3303     75.3545E-12    -3.23329E-12    -48.2246E-03
            3304     92.8594E-12     11.1582E-12    -344.145E-03
            3305     88.1536E-12     10.5107E-12    -264.948E-03
            3306     36.4137E-12     43.2373E-12     35.9905E-03
            3307     86.8882E-12     115.060E-12        -2.34123
            3308     83.7194E-12     105.849E-12        -1.81401
            3309     16.3346E-12     39.1725E-12         1.32971
            3310     74.2574E-12     55.7101E-12     725.931E-03
            3311     72.0091E-12     53.7421E-12     628.192E-03
            3312     76.5007E-12    -4.72890E-12     95.3428E-03
            3313     25.2064E-12     41.4899E-12     98.6621E-03
            3314     47.2714E-12     14.2470E-12    -716.902E-03
            3315     42.0359E-12     19.5355E-12    -832.796E-03
            3316     76.7003E-12     7.68289E-12    -88.3544E-03
            3317     78.0623E-12     87.5386E-12        -1.05201
            3318     78.5882E-12     57.3551E-12     839.682E-03
            3319     76.9573E-12     56.2582E-12     785.384E-03
            3320     23.2280E-12     30.3115E-12    -417.344E-03
            3321     18.2649E-12     41.6562E-12     246.543E-03
            3322     85.3513E-12     98.9050E-12        -1.42442
            3323     84.3951E-12     93.9547E-12        -1.15080
            3324     96.3246E-12     13.2567E-12    -371.979E-03
            3325     20.2188E-12     41.6986E-12     179.708E-03
            3326     56.6608E-12    -4.48409E-12     782.461E-03
            3327     58.1188E-12    -2.75526E-12     505.519E-03
            3328     17.8812E-12     38.1926E-12     971.707E-03
            3329     93.6410E-12     14.3778E-12    -290.380E-03
            3330     74.8188E-12     55.5650E-12     730.158E-03
            3331     81.7479E-12     61.9293E-12     644.494E-03
            3332     74.9954E-12     54.6951E-12     695.417E-03
            3333     19.0109E-12     38.1802E-12     442.334E-03
            3334     19.9401E-12     38.2209E-12     252.944E-03
            3335     110.836E-12     31.1272E-12    -389.150E-03
            3336     77.7749E-12     10.0666E-12    -70.0852E-03
            3337     77.8051E-12     10.8882E-12    -68.6807E-03
            3338     20.5375E-12     38.6574E-12     162.647E-03
            3339     65.3934E-12     1.40766E-12     19.4692E-03
            3340     50.1594E-12     14.1804E-12    -732.325E-03
            3341     43.1012E-12     20.7654E-12    -877.845E-03
            3342     78.8662E-12     56.8231E-12     840.616E-03
            3343     77.3333E-12     55.4919E-12     762.277E-03
            3344     93.8002E-12     45.4429E-12     286.436E-03
            3345     42.7469E-12     23.4100E-12    -928.862E-03
            3346     41.2393E-12     25.3233E-12    -942.107E-03
            3347     84.6975E-12     51.2919E-12     719.355E-03
            3348     83.8292E-12     52.3236E-12     791.996E-03
            3349     55.9724E-12     10.8219E-12    -600.350E-03
            3350     59.7842E-12     6.07694E-12    -333.284E-03
            3351     82.0108E-12     69.4909E-12     296.504E-03
            3352     102.378E-12     23.4586E-12    -292.118E-03
            3353     99.6621E-12     25.5253E-12    -178.496E-03
            3354     84.0031E-12     93.0387E-12        -1.11709
            3355     19.5014E-12     41.1160E-12     241.662E-03
            3356     56.2505E-12    -1.48353E-12     352.512E-03
            3357     20.9284E-12     41.0943E-12     162.565E-03
            3358     90.3735E-12     12.2291E-12    -272.242E-03
            3359     60.8498E-12     3.17304E-12    -123.272E-03
            3360     82.5733E-12     61.8806E-12     754.040E-03
            3361     82.5972E-12     61.2438E-12     808.130E-03
            3362     82.5501E-12     60.1729E-12     871.300E-03
            3363     67.0766E-12     2.36500E-12    -60.7219E-03
            3364     83.4443E-12     88.7051E-12    -858.849E-03
            3365     79.8889E-12     55.1793E-12     798.202E-03
            3366     80.9649E-12     55.1283E-12     827.581E-03
            3367     62.1122E-12     7.12702E-12    -390.125E-03
            3368     108.423E-12     36.2058E-12    -253.797E-03
            3369     93.6888E-12     25.2863E-12    -39.6784E-03
            3370     48.0303E-12     17.5432E-12    -833.035E-03
            3371     47.3326E-12     20.7426E-12    -909.344E-03
            3372     77.7024E-12     1.98111E-12    -132.452E-03
            3373     78.6879E-12     13.3873E-12    -41.8904E-03
            3374     81.3694E-12     14.5547E-12    -37.0950E-03
            3375     78.5703E-12     14.4888E-12    -41.5988E-03
            3376     45.5660E-12     22.1007E-12    -926.806E-03
            3377     65.9072E-12     4.52446E-12    -215.900E-03
            3378     20.9386E-12     37.6523E-12     117.857E-03
            3379     22.0294E-12     37.8453E-12    -8.77347E-03
            3380     38.1913E-12     30.3792E-12    -919.701E-03
            3381     91.0143E-12     46.3475E-12     430.274E-03
            3382     81.1672E-12     57.5590E-12     912.824E-03
            3383     96.1301E-12     43.9960E-12     204.767E-03
            3384     54.1968E-12     14.1199E-12    -736.650E-03
            3385     29.9194E-12     42.3485E-12     68.6402E-03
            3386     60.4304E-12     10.2944E-12    -560.213E-03
            3387     82.4642E-12     54.8763E-12     883.552E-03
            3388     40.2652E-12     30.2567E-12    -934.647E-03
            3389     79.7854E-12     55.7759E-12     825.811E-03
            3390     22.9835E-12     41.4618E-12     82.2922E-03
            3391     82.7401E-12     88.3296E-12    -873.284E-03
            3392     21.8691E-12     38.4648E-12     25.4878E-03
            3393     83.0972E-12     15.0106E-12    -56.7396E-03
            3394     93.8340E-12     44.0078E-12     324.808E-03
            3395     49.8190E-12     18.1488E-12    -857.219E-03
            3396     65.0889E-12     6.14002E-12    -319.963E-03
            3397     63.9696E-12     8.51160E-12    -454.132E-03
            3398     82.4749E-12     61.7434E-12     780.100E-03
            3399     23.0485E-12     37.3713E-12    -121.805E-03
            3400     49.9255E-12     21.2840E-12    -923.199E-03
            3401     43.0968E-12     29.1714E-12    -954.565E-03
            3402     39.8612E-12     31.3534E-12    -913.805E-03
            3403     34.5767E-12     32.2749E-12    -842.494E-03
            3404     82.8283E-12     54.3560E-12     887.623E-03
            3405     77.9176E-12     12.8296E-12    -74.6881E-03
            3406     43.1905E-12     45.7994E-12     156.130E-03
            3407     24.3521E-12     37.5847E-12    -214.256E-03
            3408     58.9860E-12     13.2854E-12    -687.992E-03
            3409     64.1925E-12     10.4563E-12    -538.703E-03
            3410     82.3895E-12     58.3728E-12     940.876E-03
            3411     79.5575E-12     64.9557E-12     476.600E-03
            3412     78.0845E-12     64.2606E-12     451.168E-03
            3413     30.9134E-12     42.5339E-12     14.2389E-03
            3414     83.0192E-12     17.9470E-12     3.82953E-03
            3415     82.0618E-12     18.5751E-12     25.5394E-03
            3416     72.8119E-12     2.76273E-12    -103.284E-03
            3417     74.2020E-12     2.67611E-12    -103.098E-03
            3418     23.7882E-12     36.8660E-12    -210.869E-03
            3419     25.5245E-12     36.9137E-12    -331.064E-03
            3420     50.0047E-12     22.4287E-12    -938.303E-03
            3421     41.3151E-12     31.2437E-12    -919.296E-03
            3422     82.1615E-12     62.1436E-12     748.487E-03
            3423     82.0998E-12     60.1038E-12     855.766E-03
            3424     25.1794E-12     36.3682E-12    -339.591E-03
            3425     51.8831E-12     19.0075E-12    -878.379E-03
            3426     67.9686E-12     6.68014E-12    -335.485E-03
            3427     86.0384E-12     17.8755E-12    -50.4699E-03
            3428     59.6114E-12     14.7344E-12    -728.524E-03
            3429     29.6006E-12     35.5902E-12    -597.612E-03
            3430     28.9085E-12     36.2568E-12    -534.840E-03
            3431     38.1804E-12     32.3797E-12    -879.691E-03
            3432     77.1622E-12     6.06228E-12    -231.680E-03
            3433     77.0209E-12     4.50814E-12    -198.695E-03
            3434     76.7981E-12     3.82672E-12    -174.317E-03
            3435     84.2088E-12     20.8906E-12     46.4739E-03
            3436     44.9930E-12     29.4970E-12    -946.821E-03
            3437     97.1621E-12     35.8844E-12     114.149E-03
            3438     94.3131E-12     32.8613E-12     127.616E-03
            3439     82.8659E-12     54.1075E-12     903.444E-03
            3440     82.3643E-12     57.4175E-12     950.130E-03
            3441     35.0786E-12     43.2273E-12     42.1905E-03
            3442     75.0367E-12     4.46006E-12    -196.865E-03
            3443     76.3581E-12     61.7914E-12     510.058E-03
            3444     76.8875E-12     8.11888E-12    -263.691E-03
            3445     29.1649E-12     41.3676E-12    -109.191E-03
            3446     30.1454E-12     41.7850E-12    -86.0406E-03
            3447     67.7925E-12     62.0803E-12     137.614E-03
            3448     81.6027E-12     60.1362E-12     830.220E-03
            3449     87.8211E-12     46.6643E-12     602.448E-03
            3450     89.3900E-12     44.7099E-12     519.612E-03
            3451     82.3724E-12     56.7338E-12     947.953E-03
            3452     85.3910E-12     23.6052E-12     87.7844E-03
            3453     27.6026E-12     39.2951E-12    -250.852E-03
            3454     53.7993E-12     21.5384E-12    -908.165E-03
            3455     76.5691E-12     6.94496E-12    -263.817E-03
            3456     76.1981E-12     5.36890E-12    -229.089E-03
            3457     69.0967E-12     7.47010E-12    -365.636E-03
            3458     90.5812E-12     32.8788E-12     219.259E-03
            3459     38.7134E-12     43.8411E-12     48.1929E-03
            3460     33.4509E-12     41.1553E-12    -217.796E-03
            3461     82.4113E-12     55.3786E-12     933.603E-03
            3462     47.6706E-12     28.1085E-12    -951.401E-03
            3463     30.3227E-12     36.4114E-12    -571.464E-03
            3464     33.2096E-12     34.7681E-12    -731.571E-03
            3465     88.4667E-12     41.9923E-12     496.085E-03
            3466     81.4584E-12     50.1515E-12     794.934E-03
            3467     84.6797E-12     47.3215E-12     713.913E-03
            3468     75.1145E-12     6.76443E-12    -282.776E-03
            3469     86.2191E-12     45.2411E-12     628.918E-03
            3470     34.5543E-12     34.2077E-12    -778.592E-03
            3471     68.0948E-12     60.7739E-12     224.130E-03
            3472     70.0953E-12     61.8943E-12     242.051E-03
            3473     59.8206E-12     16.3188E-12    -765.740E-03
            3474     75.6790E-12     7.63307E-12    -296.818E-03
            3475     79.6859E-12     58.6363E-12     795.613E-03
            3476     37.0009E-12     33.2800E-12    -842.408E-03
            3477     39.5609E-12     33.0932E-12    -863.177E-03
            3478     73.2595E-12     58.5683E-12     532.744E-03
            3479     59.4094E-12     18.0905E-12    -804.038E-03
            3480     57.4298E-12     23.8237E-12    -865.772E-03
            3481     71.3611E-12     11.6818E-12    -470.279E-03
            3482     69.9793E-12     13.8063E-12    -537.655E-03
            3483     49.0554E-12     29.3773E-12    -919.024E-03
            3484     68.8856E-12     16.0989E-12    -590.365E-03
            3485     85.3189E-12     44.8419E-12     636.971E-03
            3486     32.6823E-12     38.0541E-12    -504.496E-03
            3487     70.6133E-12     60.4127E-12     342.404E-03
            3488     38.7378E-12     41.8830E-12    -207.425E-03
            3489     40.9245E-12     42.2552E-12    -186.146E-03
            3490     67.1674E-12     58.3334E-12     314.163E-03
            3491     36.8763E-12     43.1741E-12    -20.1667E-03
            3492     86.5564E-12     34.9074E-12     346.595E-03
            3493     59.5332E-12     23.4823E-12    -827.007E-03
            3494     73.5329E-12     14.9645E-12    -433.926E-03
            3495     50.2594E-12     33.1370E-12    -787.015E-03
            3496     69.7270E-12     58.3820E-12     406.984E-03
            3497     71.9020E-12     57.4169E-12     525.838E-03
            3498     74.6523E-12     57.6088E-12     620.818E-03
            3499     70.1326E-12     16.3404E-12    -555.346E-03
            3500     58.9297E-12     25.3609E-12    -822.071E-03
            3501     69.5147E-12     18.2393E-12    -576.649E-03
            3502     85.2652E-12     41.8422E-12     553.658E-03
            3503     81.3677E-12     45.5778E-12     656.142E-03
            3504     82.3790E-12     43.0513E-12     594.137E-03
            3505     61.3309E-12     53.4728E-12     326.826E-03
            3506     33.6868E-12     39.2765E-12    -411.588E-03
            3507     33.7105E-12     37.3765E-12    -577.437E-03
            3508     52.2985E-12     32.6436E-12    -773.843E-03
            3509     63.1386E-12     52.3034E-12     393.821E-03
            3510     37.7477E-12     33.6287E-12    -835.192E-03
            3511     38.8270E-12     33.7184E-12    -836.743E-03
            3512     51.2332E-12     28.8411E-12    -903.169E-03
            3513     70.8699E-12     56.4590E-12     520.910E-03
            3514     71.1618E-12     55.1554E-12     560.827E-03
            3515     50.8303E-12     33.9419E-12    -743.016E-03
            3516     48.4239E-12     35.4398E-12    -702.672E-03
            3517     37.1194E-12     39.3136E-12    -453.816E-03
            3518     71.0198E-12     16.5105E-12    -526.605E-03
            3519     70.9275E-12     17.8570E-12    -527.976E-03
            3520     79.6709E-12     46.0990E-12     628.182E-03
            3521     44.1217E-12     43.7996E-12    -38.4778E-03
            3522     64.2636E-12     52.1292E-12     417.553E-03
            3523     66.6613E-12     53.3437E-12     462.868E-03
            3524     65.7409E-12     54.6869E-12     413.336E-03
            3525     72.3186E-12     23.4685E-12    -386.588E-03
            3526     46.4846E-12     42.6943E-12    -167.887E-03
            3527     54.5074E-12     33.3851E-12    -701.380E-03
            3528     49.7694E-12     36.5444E-12    -622.900E-03
            3529     69.3517E-12     55.1082E-12     507.658E-03
            3530     62.7895E-12     24.8848E-12    -731.557E-03
            3531     80.4958E-12     41.8387E-12     521.918E-03
            3532     42.1529E-12     40.4146E-12    -380.576E-03
            3533     39.4745E-12     38.0412E-12    -577.673E-03
            3534     63.5005E-12     50.9481E-12     397.971E-03
            3535     72.6392E-12     25.7760E-12    -315.330E-03
            3536     40.7386E-12     37.7563E-12    -602.493E-03
            3537     73.2136E-12     52.4889E-12     617.855E-03
            3538     58.4080E-12     31.9155E-12    -670.361E-03
            3539     67.7895E-12     54.4900E-12     475.444E-03
            3540     81.3253E-12     36.4759E-12     388.510E-03
            3541     64.0720E-12     26.4302E-12    -664.259E-03
            3542     53.4300E-12     35.3128E-12    -632.280E-03
            3543     53.6234E-12     36.3024E-12    -577.255E-03
            3544     78.6045E-12     43.6296E-12     515.728E-03
            3545     79.3032E-12     41.5835E-12     477.101E-03
            3546     80.2980E-12     39.4424E-12     445.560E-03
            3547     65.1207E-12     49.5681E-12     388.058E-03
            3548     44.4307E-12     40.9489E-12    -334.073E-03
            3549     65.7898E-12     50.7675E-12     431.298E-03
            3550     64.7535E-12     50.9870E-12     418.260E-03
            3551     71.6162E-12     51.1375E-12     553.149E-03
            3552     56.1214E-12     34.0197E-12    -639.162E-03
            3553     79.7768E-12     38.3452E-12     397.913E-03
            3554     52.1245E-12     38.0397E-12    -499.486E-03
            3555     78.1001E-12     41.8426E-12     440.276E-03
            3556     59.6801E-12     33.3577E-12    -580.038E-03
            3557     68.7963E-12     26.6905E-12    -480.388E-03
            3558     66.5818E-12     27.4240E-12    -551.003E-03
            3559     54.8888E-12     34.2862E-12    -653.340E-03
            3560     55.5655E-12     36.1550E-12    -547.848E-03
            3561     55.8679E-12     37.2406E-12    -483.060E-03
            3562     76.4255E-12     43.2553E-12     422.358E-03
            3563     60.9887E-12     33.2189E-12    -549.272E-03
            3564     68.2358E-12     49.8355E-12     446.670E-03
            3565     72.4626E-12     46.0031E-12     391.549E-03
            3566     67.4963E-12     28.2818E-12    -491.889E-03
            3567     71.7379E-12     48.0697E-12     454.934E-03
            3568     76.4350E-12     44.8245E-12     476.728E-03
            3569     73.1333E-12     32.5848E-12    -92.5370E-03
            3570     72.3331E-12     31.6909E-12    -162.877E-03
            3571     57.4092E-12     35.9101E-12    -520.411E-03
            3572     75.7942E-12     41.4844E-12     335.931E-03
            3573     56.6966E-12     39.3249E-12    -344.450E-03
            3574     58.7044E-12     39.3343E-12    -304.257E-03
            3575     59.7426E-12     36.6658E-12    -426.681E-03
            3576     56.4661E-12     40.8796E-12    -247.228E-03
            3577     74.2466E-12     38.9929E-12     182.259E-03
            3578     69.8797E-12     46.7694E-12     356.122E-03
            3579     72.9078E-12     34.7154E-12    -32.9254E-03
            3580     71.2924E-12     32.7592E-12    -178.012E-03
            3581     74.1556E-12     43.2089E-12     336.303E-03
            3582     56.3058E-12     40.4283E-12    -279.252E-03
            3583     65.6669E-12     36.5039E-12    -258.394E-03
            3584     73.3222E-12     36.5010E-12     50.6084E-03
            3585     71.6300E-12     42.7610E-12     229.741E-03
            3586     65.3413E-12     42.3096E-12     21.1154E-03
            3587     71.8195E-12     37.8260E-12     33.3294E-03
            3588     68.8893E-12     39.2579E-12    -20.6347E-03
            3589     69.8639E-12     39.9143E-12     43.8211E-03
            3590     70.7526E-12     37.6577E-12    -17.2324E-03


Field Output reported at nodes for part: ASSEMBLY

      Node Label            U.U1            U.U2            U.U3
                          @Loc 1          @Loc 1          @Loc 1
-----------------------------------------------------------------
               1              0.              0.              0.
               2              0.              0.              0.
               3              0.              0.              0.
               4              0.              0.              0.


Source 1
---------

   ODB: C:/temp/vibration.odb
   Step: analyse_modale
   Frame: Mode         3: Value =  7.94182E+06 Freq =   448.52     (cycles/time)

Loc 1 : Nodal values from source 1

Output sorted by column "Node Label".

Field Output reported at nodes for part: PLAQUE-1

      Node Label            U.U1            U.U2            U.U3
                          @Loc 1          @Loc 1          @Loc 1
-----------------------------------------------------------------
               1              0.              0.              0.
               2              0.              0.              0.
               3              0.              0.              0.
               4              0.              0.              0.
               5              0.              0.              0.
               6              0.              0.              0.
               7              0.              0.              0.
               8              0.              0.              0.
               9              0.              0.              0.
              10              0.              0.              0.
              11              0.              0.              0.
              12              0.              0.              0.
              13              0.              0.              0.
              14              0.              0.              0.
              15              0.              0.              0.
              16              0.              0.              0.
              17              0.              0.              0.
              18              0.              0.              0.
              19              0.              0.              0.
              20              0.              0.              0.
              21              0.              0.              0.
              22              0.              0.              0.
              23              0.              0.              0.
              24              0.              0.              0.
              25              0.              0.              0.
              26              0.              0.              0.
              27              0.              0.              0.
              28              0.              0.              0.
              29              0.              0.              0.
              30              0.              0.              0.
              31              0.              0.              0.
              32              0.              0.              0.
              33     110.998E-12    -162.256E-12        -6.08004
              34     1.60366E-09    -2.46880E-09        -40.7654
              35    -1.12015E-09     681.857E-12         40.8314
              36    -2.39661E-09    -2.69565E-09         4.33338
              37     125.933E-12    -156.541E-12        -6.44111
              38     128.537E-12    -201.557E-12        -6.78215
              39     118.524E-12    -225.491E-12        -7.09555
              40     110.128E-12    -237.556E-12        -7.38655
              41     114.602E-12    -220.171E-12        -7.67824
              42     139.698E-12    -205.969E-12        -8.00154
              43     184.677E-12    -194.891E-12        -8.39567
              44     233.091E-12    -195.871E-12        -8.88990
              45     293.037E-12    -198.382E-12        -9.52462
              46     362.945E-12    -216.544E-12        -10.3583
              47     453.426E-12    -242.377E-12        -11.4644
              48     587.740E-12    -310.836E-12        -12.9523
              49     751.125E-12    -425.538E-12        -14.9095
              50     938.800E-12    -600.593E-12        -17.4145
              51     1.14274E-09    -841.154E-12        -20.5029
              52     1.31895E-09    -1.14871E-09        -24.1124
              53     1.45738E-09    -1.47586E-09        -28.0991
              54     1.54951E-09    -1.82615E-09        -32.2935
              55     1.58767E-09    -2.14958E-09        -36.5439
              56    -924.976E-12     667.742E-12         36.3483
              57    -732.204E-12     625.517E-12         31.8326
              58    -541.814E-12     554.417E-12         27.3670
              59    -392.199E-12     462.898E-12         23.1210
              60    -279.890E-12     362.816E-12         19.2713
              61    -207.865E-12     252.647E-12         15.9410
              62    -187.241E-12     151.730E-12         13.1901
              63    -213.221E-12     65.9960E-12         10.9718
              64    -263.681E-12     7.87465E-12         9.20659
              65    -324.786E-12    -15.3215E-12         7.77545
              66    -360.423E-12    -12.0736E-12         6.53931
              67    -356.580E-12     5.04938E-12         5.39817
              68    -304.954E-12     18.0681E-12         4.26567
              69    -226.401E-12     14.8606E-12         3.07486
              70    -134.513E-12    -7.27997E-12         1.78156
              71    -62.3569E-12    -44.1809E-12     367.786E-03
              72    -1.48576E-12    -76.0636E-12        -1.15868
              73     51.8992E-12    -101.953E-12        -2.76790
              74     107.145E-12    -128.539E-12        -4.41951
              75    -2.37420E-09    -2.41514E-09         4.89245
              76    -2.32179E-09    -2.12898E-09         5.43422
              77    -2.21986E-09    -1.86714E-09         5.94685
              78    -2.11813E-09    -1.63386E-09         6.43198
              79    -2.00238E-09    -1.40643E-09         6.90424
              80    -1.88632E-09    -1.19181E-09         7.39296
              81    -1.75049E-09    -977.341E-12         7.92316
              82    -1.61052E-09    -799.538E-12         8.52859
              83    -1.47320E-09    -647.141E-12         9.25876
              84    -1.35058E-09    -520.893E-12         10.1675
              85    -1.24285E-09    -409.171E-12         11.3490
              86    -1.14188E-09    -307.240E-12         12.8866
              87    -1.05976E-09    -226.240E-12         14.8788
              88    -1.00063E-09    -153.615E-12         17.4165
              89    -975.173E-12    -91.8685E-12         20.5255
              90    -1.00093E-09    -9.16604E-12         24.1528
              91    -1.04804E-09     131.126E-12         28.1602
              92    -1.08565E-09     313.739E-12         32.3656
              93    -1.10681E-09     494.766E-12         36.6107
              94     1.29417E-09    -2.44304E-09        -36.2945
              95     1.01868E-09    -2.39380E-09        -31.7995
              96     756.883E-12    -2.33203E-09        -27.3729
              97     525.478E-12    -2.26179E-09        -23.1687
              98     322.888E-12    -2.19523E-09        -19.3576
              99     156.998E-12    -2.12914E-09        -16.0680
             100     30.0458E-12    -2.07130E-09        -13.3608
             101    -51.8946E-12    -2.03973E-09        -11.2037
             102    -111.981E-12    -2.03777E-09        -9.49591
             103    -158.870E-12    -2.06782E-09        -8.12098
             104    -217.410E-12    -2.15276E-09        -6.95218
             105    -319.336E-12    -2.25799E-09        -5.89686
             106    -489.902E-12    -2.38604E-09        -4.87099
             107    -728.904E-12    -2.49829E-09        -3.80110
             108    -1.00025E-09    -2.58839E-09        -2.64842
             109    -1.29586E-09    -2.64013E-09        -1.39566
             110    -1.57392E-09    -2.66284E-09    -45.1682E-03
             111    -1.84848E-09    -2.67618E-09         1.38180
             112    -2.11458E-09    -2.68994E-09         2.85136
             113    -18.7527E-12    -69.6443E-12    -9.74090E-03
             114     13.4916E-12    -61.3778E-12    -31.1357E-03
             115    -107.531E-12    -201.894E-12    -58.4155E-03
             116    -11.1329E-12    -53.0307E-12     4.46375E-03
             117    -11.4550E-12    -57.3733E-12     38.2787E-03
             118    -274.961E-12    -205.074E-12     114.786E-03
             119    -340.496E-12    -294.898E-12     84.6297E-03
             120    -190.615E-12    -235.471E-12    -19.5010E-03
             121     127.978E-12    -228.948E-12    -579.583E-03
             122     112.279E-12    -392.150E-12    -559.845E-03
             123     14.5208E-12    -414.998E-12    -351.884E-03
             124     11.3101E-12    -125.912E-12     72.8282E-03
             125     60.1281E-12    -192.799E-12     145.130E-03
             126    -6.85282E-12    -177.852E-12    -5.85161E-03
             127     45.5299E-12    -148.714E-12    -258.324E-03
             128    -66.9778E-12    -20.5625E-12    -118.021E-03
             129    -115.364E-12    -75.0819E-12     28.0084E-03
             130    -157.976E-12    -58.6235E-12     200.969E-03
             131    -79.4293E-12    -5.79073E-12    -112.678E-03
             132    -140.757E-12     10.0758E-12     427.554E-03
             133    -96.4959E-12     19.5507E-12     429.843E-03
             134    -75.5691E-12    -25.6994E-12     210.618E-03
             135    -86.2221E-12    -30.1294E-12     19.1789E-03
             136    -4.17183E-12    -50.2406E-12    -107.238E-03
             137     18.8767E-12    -47.1604E-12    -131.679E-03
             138    -111.624E-12    -413.099E-12    -55.4539E-03
             139    -23.5954E-12    -36.4359E-12     24.3849E-03
             140    -83.6575E-12    -181.365E-12     50.1855E-03
             141    -228.134E-12    -462.223E-12    -7.40146E-03
             142    -140.709E-12    -263.799E-12     1.45457E-03
             143    -11.8177E-12    -37.1673E-12     55.9651E-03
             144    -22.6908E-12    -57.2892E-12     24.3297E-03
             145    -89.5794E-12    -20.7505E-12    -182.628E-03
             146    -33.3350E-12    -206.869E-12     3.37722E-03
             147     50.2526E-12    -152.144E-12     123.560E-03
             148    -182.113E-12    -297.962E-12    -10.3460E-03
             149    -70.6176E-12    -230.260E-12     20.9312E-03
             150    -176.413E-12    -189.432E-12    -38.1865E-03
             151     11.7201E-12    -93.7483E-12    -47.9667E-03
             152    -56.9967E-12    -46.5642E-12    -63.8962E-03
             153    -56.1639E-12    -2.31930E-12     277.231E-03
             154    -24.7183E-12    -79.1357E-12     32.2746E-03
             155    -389.767E-12    -331.651E-12     187.664E-03
             156    -148.093E-12    -16.8519E-12     269.457E-03
             157    -82.1031E-12    -12.0085E-12    -61.0124E-03
             158     79.6384E-12    -491.584E-12    -825.024E-03
             159     24.2600E-12    -217.831E-12     112.237E-03
             160     104.745E-12    -231.136E-12    -717.631E-03
             161    -18.5134E-12    -55.6109E-12    -51.6078E-03
             162    -10.5700E-12    -130.086E-12    -91.1199E-03
             163    -138.035E-12    -178.739E-12     85.7394E-03
             164     149.111E-12    -277.718E-12    -518.987E-03
             165    -40.5114E-12    -309.990E-12    -169.506E-03
             166    -48.5907E-12    -246.256E-12    -54.1883E-03
             167     26.8641E-12    -43.2358E-12    -66.1787E-03
             168    -294.344E-12    -358.740E-12     34.4576E-03
             169    -30.9736E-12    -73.7806E-12     124.564E-03
             170    -153.605E-12     17.5677E-12     835.582E-03
             171    -94.6254E-12    -26.3856E-12     211.166E-03
             172    -185.736E-12    -83.8051E-12     236.373E-03
             173    -19.8930E-12    -21.0454E-12     33.0191E-03
             174     9.57767E-12    -67.8644E-12    -230.643E-03
             175    -243.703E-12    -569.584E-12    -59.3506E-03
             176     30.5896E-12    -224.117E-12     200.360E-03
             177    -106.388E-12    -58.1685E-12    -202.249E-03
             178     50.7395E-12    -268.776E-12     255.811E-03
             179    -35.6162E-12    -51.6422E-12     53.6325E-03
             180    -234.313E-12    -311.073E-12    -37.4935E-03
             181    -165.376E-12    -351.557E-12     20.1254E-03
             182    -153.605E-12    -96.7477E-12     1.46593E-03
             183     8.27475E-12    -209.504E-12    -129.950E-03
             184    -121.215E-12    -375.046E-12    -116.312E-03
             185    -6.46662E-12    -86.8709E-12    -1.78138E-03
             186    -120.393E-12    -20.6372E-12    -185.580E-03
             187    -33.6262E-12    -52.5365E-12     109.759E-03
             188    -162.209E-12    -308.584E-12     115.076E-03
             189    -43.7843E-12    -315.467E-12    -124.615E-03
             190    -162.276E-12    -524.403E-12    -131.485E-03
             191    -325.104E-12    -313.064E-12     227.704E-03
             192    -222.103E-12    -57.0509E-12     510.774E-03
             193    -23.3740E-12    -86.4015E-12    -52.9744E-03
             194    -24.6637E-12    -70.3141E-12     87.0375E-03
             195    -122.559E-12    -29.0804E-12     1.74883E-03
             196    -10.3313E-12    -79.1470E-12    -164.199E-03
             197     170.643E-12    -484.051E-12        -1.21557
             198    -222.849E-12    -15.1180E-12     840.429E-03
             199    -1.78580E-12    -527.534E-12    -622.892E-03
             200    -123.648E-12     13.4506E-12     803.568E-03
             201    -103.018E-12    -7.12690E-12     591.351E-03
             202     44.2252E-12    -197.609E-12    -368.304E-03
             203     37.8193E-12    -90.2426E-12    -147.679E-03
             204     185.492E-12    -430.932E-12        -1.23414
             205    -458.221E-12    -513.791E-12     136.634E-03
             206    -368.292E-12    -583.271E-12     22.6526E-03
             207     35.0229E-12    -77.1473E-12    -286.175E-03
             208    -126.852E-12    -27.5433E-12    -259.544E-03
             209    -23.5676E-12    -86.0593E-12     25.6036E-03
             210     53.8894E-12    -197.580E-12     197.475E-03
             211     9.71364E-12    -115.566E-12    -51.3976E-03
             212    -123.489E-12    -25.5253E-12    -109.830E-03
             213    -218.847E-12    -388.399E-12     339.519E-06
             214    -160.445E-12    -338.099E-12     58.8526E-03
             215     3.71151E-12    -254.529E-12     135.673E-03
             216    -295.679E-12    -330.869E-12     223.939E-03
             217    -29.9809E-12    -458.773E-12    -323.205E-03
             218    -142.183E-12    -458.275E-12    -123.724E-03
             219    -540.248E-12    -520.838E-12     248.041E-03
             220    -31.6778E-12    -91.2410E-12     96.9749E-03
             221    -221.781E-12    -115.668E-12     226.483E-03
             222    -123.749E-12    -18.1791E-12     579.173E-03
             223    -225.214E-12    -35.7387E-12     649.478E-03
             224     32.3006E-12    -212.542E-12    -257.408E-03
             225     54.9582E-12    -663.138E-12        -1.18668
             226    -16.2259E-12    -88.1806E-12    -116.701E-03
             227    -118.505E-12     3.89399E-12     710.859E-03
             228    -124.437E-12    -78.0091E-12    -120.518E-03
             229    -217.212E-12    -337.873E-12    -103.303E-03
             230     25.8644E-12    -284.588E-12     123.282E-03
             231     38.1983E-12    -79.8001E-12    -196.107E-03
             232    -36.8380E-12    -50.6606E-12     82.1354E-03
             233     193.372E-12    -375.800E-12        -1.38614
             234     206.083E-12    -576.226E-12        -1.82250
             235    -241.790E-12     4.42867E-12         1.34089
             236     32.8327E-12    -97.5810E-12    -489.463E-03
             237    -418.000E-12    -547.858E-12     75.5418E-03
             238    -268.490E-12    -722.757E-12    -157.361E-03
             239    -150.725E-12    -86.7228E-12    -280.690E-03
             240    -45.2590E-12    -70.4101E-12     78.6062E-03
             241     60.1729E-12    -306.201E-12     340.494E-03
             242    -272.301E-12    -388.411E-12    -48.6447E-03
             243     24.4855E-12    -302.634E-12     269.591E-03
             244    -216.613E-12    -418.837E-12     35.6800E-03
             245    -237.754E-12    -135.012E-12     161.765E-03
             246    -163.103E-12    -441.704E-12    -165.227E-03
             247     28.9584E-12    -264.786E-12    -213.285E-03
             248    -50.2552E-12    -65.8191E-12     163.370E-03
             249    -20.6220E-12    -107.035E-12     25.1166E-03
             250    -148.556E-12    -31.8351E-12    -246.040E-03
             251    -269.913E-12    -798.198E-12    -286.163E-03
             252    -283.713E-12    -87.9358E-12     750.746E-03
             253    -501.235E-12    -428.165E-12     381.851E-03
             254    -150.662E-12    -30.6970E-12     160.595E-03
             255     50.4024E-12    -110.540E-12    -296.027E-03
             256    -32.7256E-12    -108.858E-12    -21.8865E-03
             257    -195.062E-12    -384.236E-12     105.998E-03
             258     86.5326E-12    -251.170E-12    -699.230E-03
             259    -289.108E-12    -17.8535E-12         1.59400
             260    -17.8819E-12    -641.809E-12    -813.792E-03
             261    -20.5881E-12    -379.483E-12     118.484E-03
             262    -136.445E-12     2.65894E-12         1.01190
             263     230.139E-12    -543.900E-12        -2.07678
             264    -1.44074E-12    -94.2170E-12    -286.223E-03
             265    -586.981E-12    -646.057E-12     256.136E-03
             266     152.726E-12    -625.504E-12        -1.52236
             267    -181.021E-12     26.0713E-12         1.49078
             268     47.7768E-12    -98.1191E-12    -407.284E-03
             269    -436.225E-12    -762.158E-12    -7.53312E-03
             270    -239.486E-12    -324.417E-12    -64.5414E-03
             271     45.5291E-12    -282.765E-12     228.749E-03
             272     57.0884E-12    -284.172E-12     340.586E-03
             273    -249.657E-12    -417.738E-12    -14.0246E-03
             274    -136.414E-12    -45.6567E-12    -341.672E-03
             275    -34.2416E-12    -88.8489E-12     48.3467E-03
             276    -158.612E-12    -101.143E-12    -182.618E-03
             277    -49.1135E-12    -66.5058E-12     100.510E-03
             278    -202.810E-12    -407.198E-12     66.2574E-03
             279     2.36999E-12    -367.159E-12     268.288E-03
             280     6.32396E-12    -132.832E-12    -47.5056E-03
             281    -201.137E-12    -422.746E-12    -163.268E-03
             282     32.4157E-12    -312.890E-12     69.7502E-03
             283    -147.426E-12    -30.9726E-12    -157.128E-03
             284    -183.295E-12    -599.731E-12    -212.450E-03
             285    -290.885E-12    -125.630E-12     610.328E-03
             286     33.4501E-12    -250.270E-12    -267.536E-03
             287    -57.3528E-12    -83.8291E-12     252.905E-03
             288    -430.832E-12    -424.421E-12     432.159E-03
             289    -137.133E-12    -22.1302E-12     513.912E-03
             290    -42.3577E-12    -106.852E-12     115.276E-03
             291    -17.9509E-12    -111.116E-12    -219.852E-03
             292    -24.1186E-12    -705.347E-12    -960.262E-03
             293    -621.834E-12    -568.748E-12     423.475E-03
             294    -291.133E-12    -45.5764E-12         1.18547
             295     191.443E-12    -358.264E-12        -1.66731
             296    -143.882E-12     15.1033E-12         1.26550
             297     51.8879E-12    -103.545E-12    -368.934E-03
             298     209.541E-12    -660.280E-12        -2.25527
             299    -273.623E-12     19.4511E-12         2.40779
             300    -396.806E-12    -877.578E-12    -157.299E-03
             301     47.4831E-12    -124.035E-12    -839.034E-03
             302    -529.265E-12    -683.504E-12     138.294E-03
             303    -269.407E-12    -397.334E-12    -93.1769E-03
             304     52.7739E-12    -322.275E-12     350.156E-03
             305    -250.723E-12    -411.401E-12    -122.329E-03
             306     41.4867E-12    -328.625E-12     273.071E-03
             307    -192.329E-12    -118.968E-12    -42.2794E-03
             308    -51.7733E-12    -65.9269E-12     138.931E-03
             309    -248.374E-12    -369.050E-12    -23.8260E-03
             310    -200.783E-12    -598.593E-12    -274.331E-03
             311     48.2037E-12    -298.933E-12    -348.705E-03
             312    -168.939E-12    -95.8924E-12    -415.292E-03
             313    -54.0779E-12    -101.519E-12     94.8958E-03
             314     58.2496E-12    -323.756E-12     412.711E-03
             315     39.5184E-12    -294.612E-12     324.676E-03
             316    -260.858E-12    -467.962E-12     10.3650E-03
             317     25.5997E-12    -124.857E-12    -119.445E-03
             318    -150.677E-12    -33.0756E-12    -28.8977E-03
             319    -20.0685E-12    -124.552E-12     25.8380E-03
             320    -166.000E-12    -44.3924E-12    -372.177E-03
             321    -41.7781E-12    -464.746E-12    -40.5476E-03
             322    -298.132E-12    -150.510E-12     451.217E-03
             323     56.7262E-12    -133.737E-12    -359.837E-03
             324    -68.2134E-12    -77.4761E-12     273.742E-03
             325    -169.446E-12    -24.3608E-12     365.230E-03
             326    -375.887E-12    -105.486E-12         1.56021
             327    -45.9517E-12    -92.8174E-12     191.707E-03
             328     135.292E-12    -302.314E-12        -1.30189
             329    -42.1680E-12    -132.042E-12    -45.6848E-03
             330    -631.118E-12    -552.304E-12     655.905E-03
             331    -147.240E-12     5.75174E-12         1.28650
             332    -337.364E-12    -19.0614E-12         2.37669
             333     24.8917E-12    -749.888E-12        -1.41879
             334     247.005E-12    -510.963E-12        -2.32647
             335    -4.21114E-12    -127.776E-12    -459.612E-03
             336     208.881E-12    -780.500E-12        -2.83347
             337    -207.747E-12     35.2997E-12         2.48957
             338    -690.248E-12    -740.832E-12     386.687E-03
             339     67.5724E-12    -123.544E-12    -628.539E-03
             340    -586.585E-12    -927.054E-12     51.2229E-03
             341    -214.395E-12    -135.653E-12    -94.0604E-03
             342     20.7297E-12    -140.166E-12    -105.554E-03
             343    -67.6093E-12    -80.6049E-12     168.023E-03
             344    -167.100E-12    -34.8307E-12    -70.1372E-03
             345    -270.235E-12    -464.752E-12    -144.057E-03
             346     51.1976E-12    -341.628E-12     376.156E-03
             347    -53.0236E-12    -88.7663E-12     94.4640E-03
             348    -253.826E-12    -151.175E-12     79.8347E-03
             349    -64.1811E-12    -74.6985E-12     181.706E-03
             350    -242.338E-12    -446.236E-12    -160.854E-03
             351     44.0590E-12    -343.096E-12     287.457E-03
             352     57.8963E-12    -342.451E-12     440.615E-03
             353    -240.542E-12    -455.800E-12     49.0846E-03
             354    -264.029E-12    -396.744E-12    -35.7123E-03
             355    -369.530E-12    -140.312E-12         1.14101
             356    -78.3517E-12    -91.1158E-12     374.541E-03
             357     46.8367E-12    -121.307E-12    -243.249E-03
             358    -169.252E-12    -31.2897E-12     117.889E-03
             359     58.1522E-12    -328.937E-12     433.227E-03
             360    -285.467E-12    -489.308E-12    -12.3618E-03
             361    -239.588E-12    -511.560E-12    -211.232E-03
             362     42.6342E-12    -334.475E-12     10.6917E-03
             363    -43.1617E-12    -110.492E-12     71.4825E-03
             364    -166.544E-12    -68.4049E-12    -484.571E-03
             365    -7.02626E-12    -127.355E-12    -5.40373E-03
             366    -165.295E-12    -39.2926E-12    -301.549E-03
             367    -220.804E-12    -715.973E-12    -341.681E-03
             368    -14.9747E-12    -421.497E-12     245.008E-03
             369     106.073E-12    -300.863E-12        -1.01901
             370    -44.0955E-12    -538.777E-12    -406.189E-03
             371    -571.566E-12    -512.529E-12     686.243E-03
             372    -158.804E-12    -12.7226E-12     790.924E-03
             373    -12.6883E-12    -831.979E-12        -1.51814
             374    -66.0885E-12    -124.725E-12     233.548E-03
             375    -382.876E-12    -62.2679E-12         2.26321
             376    -22.3862E-12    -134.623E-12    -290.687E-03
             377     231.195E-12    -400.256E-12        -2.59492
             378     82.3300E-12    -142.482E-12    -811.174E-03
             379    -734.678E-12    -660.885E-12     664.371E-03
             380    -169.752E-12     25.8079E-12         1.91861
             381    -360.627E-12     9.16151E-12         3.87395
             382     267.967E-12    -692.503E-12        -3.16759
             383     177.165E-12    -946.853E-12        -3.52961
             384    -379.151E-12    -979.966E-12    -339.365E-03
             385     70.5573E-12    -133.927E-12        -1.05963
             386     39.2234E-12    -141.439E-12        -1.01326
             387    -651.920E-12    -847.124E-12     230.037E-03
             388    -536.662E-12    -1.03463E-09    -136.746E-03
             389     33.7180E-12    -343.126E-12     396.875E-03
             390    -280.230E-12    -503.453E-12     39.9427E-03
             391    -182.443E-12    -114.601E-12    -369.743E-03
             392    -61.3096E-12    -90.9827E-12     119.285E-03
             393    -8.74594E-12    -142.020E-12    -332.794E-06
             394    -181.252E-12    -48.2949E-12    -370.517E-03
             395    -324.013E-12    -460.631E-12     293.566E-03
             396    -56.9803E-12    -587.490E-12    -334.526E-03
             397    -264.490E-12    -515.676E-12    -189.808E-03
             398     43.9270E-12    -349.335E-12     200.608E-03
             399    -192.273E-12    -123.265E-12    -235.381E-03
             400    -55.4936E-12    -79.7689E-12     109.949E-03
             401     3.36819E-12    -146.742E-12    -38.1060E-03
             402    -179.720E-12    -42.1335E-12    -255.694E-03
             403     52.6940E-12    -145.084E-12    -315.724E-03
             404    -181.632E-12    -32.4986E-12     65.0351E-03
             405    -288.444E-12    -452.578E-12    -34.8570E-03
             406    -295.353E-12    -517.978E-12     12.7262E-03
             407    -261.406E-12    -163.466E-12    -8.48060E-03
             408    -77.7956E-12    -80.3461E-12     248.826E-03
             409     53.0118E-12    -357.770E-12     462.512E-03
             410    -221.009E-12    -686.582E-12    -370.080E-03
             411     65.5782E-12    -318.419E-12    -493.037E-03
             412     56.4680E-12    -361.180E-12     527.713E-03
             413     17.3609E-12    -351.080E-12     338.481E-03
             414    -40.8727E-12    -502.772E-12     74.8982E-03
             415    -262.333E-12    -445.468E-12     174.573E-03
             416    -235.939E-12    -444.657E-12     83.8551E-03
             417    -298.030E-12    -453.152E-12    -86.7444E-03
             418     46.5184E-12    -332.622E-12     431.809E-03
             419    -33.2595E-12    -108.021E-12     49.4154E-03
             420    -156.637E-12    -49.8684E-12    -402.028E-03
             421    -178.882E-12    -100.529E-12    -514.628E-03
             422    -61.4328E-12    -120.629E-12     111.105E-03
             423    -411.289E-12    -453.620E-12     455.582E-03
             424    -47.9365E-12    -668.446E-12    -682.095E-03
             425     77.9658E-12    -132.291E-12    -939.042E-03
             426    -356.207E-12    -166.632E-12     815.009E-03
             427    -87.5217E-12    -84.6010E-12     387.004E-03
             428     72.2093E-12    -142.535E-12    -585.561E-03
             429    -700.948E-12    -1.05539E-09     129.217E-03
             430     71.5516E-12    -149.791E-12        -1.45572
             431    -494.299E-12    -1.13162E-09    -365.933E-03
             432    -458.923E-12    -130.689E-12         2.38580
             433    -71.9444E-12    -104.833E-12     339.379E-03
             434    -274.660E-12    -882.899E-12    -440.450E-03
             435     185.822E-12    -352.810E-12        -2.02161
             436    -46.3249E-12    -150.914E-12    -134.174E-03
             437    -747.038E-12    -638.461E-12     944.243E-03
             438    -171.505E-12     27.9262E-12         2.20964
             439    -411.862E-12    -30.0970E-12         3.61772
             440     37.6342E-12    -958.147E-12        -2.47229
             441     297.304E-12    -625.370E-12        -3.48485
             442     8.23792E-12    -149.807E-12    -780.089E-03
             443    -268.220E-12     55.4379E-12         4.43956
             444     230.057E-12    -898.241E-12        -3.85942
             445    -835.872E-12    -873.033E-12     651.565E-03
             446    -41.3365E-12    -124.964E-12     71.6245E-03
             447    -177.342E-12    -68.7367E-12    -524.970E-03
             448    -306.920E-12    -471.557E-12    -68.0243E-03
             449     7.80529E-12    -398.660E-12     391.911E-03
             450    -270.313E-12    -489.754E-12     76.7430E-03
             451    -300.761E-12    -524.894E-12     75.5046E-03
             452    -29.9510E-12    -137.129E-12     52.2223E-03
             453    -180.429E-12    -58.1597E-12    -475.426E-03
             454    -213.221E-12    -142.625E-12    -366.459E-03
             455    -69.0947E-12    -94.3933E-12     142.267E-03
             456    -498.587E-15    -158.752E-12    -23.6990E-03
             457    -190.552E-12    -52.7042E-12    -384.307E-03
             458    -307.063E-12    -511.009E-12    -29.8252E-03
             459    -217.430E-12    -142.833E-12    -255.131E-03
             460     47.9084E-12    -359.834E-12     396.715E-03
             461    -80.3555E-12    -87.3156E-12     208.854E-03
             462    -288.986E-12    -501.988E-12    -143.045E-03
             463     50.1380E-12    -362.131E-12     530.791E-03
             464    -329.582E-12    -493.636E-12     282.095E-03
             465    -58.6490E-12    -593.012E-12    -138.063E-03
             466     55.3382E-12    -362.581E-12     523.774E-03
             467    -391.666E-12    -486.727E-12     451.523E-03
             468    -294.768E-12    -510.424E-12     117.739E-03
             469     25.8535E-12    -381.530E-12     477.090E-03
             470    -22.4232E-12    -479.356E-12     326.530E-03
             471    -50.3638E-12    -128.489E-12     91.0542E-03
             472    -181.024E-12    -90.0209E-12    -568.357E-03
             473    -69.2740E-12    -776.524E-12    -776.357E-03
             474    -196.875E-12    -126.043E-12    -496.159E-03
             475    -65.3904E-12    -107.352E-12     121.798E-03
             476    -512.672E-12    -508.399E-12     693.717E-03
             477     27.7093E-12    -160.940E-12    -148.859E-03
             478    -240.846E-12    -580.177E-12    -268.322E-03
             479    -50.2097E-12    -778.221E-12        -1.02529
             480     46.5512E-12    -348.328E-12     94.3792E-03
             481    -189.882E-12    -46.8927E-12    -293.339E-03
             482    -85.4575E-12    -81.0765E-12     308.303E-03
             483    -438.263E-12    -160.098E-12         1.74248
             484    -102.253E-12    -93.1196E-12     525.512E-03
             485     96.7565E-12    -150.108E-12        -1.50770
             486    -658.429E-12    -1.15338E-09    -78.9474E-03
             487     64.9353E-12    -142.907E-12    -458.945E-03
             488    -235.606E-12    -801.174E-12    -464.532E-03
             489    -183.090E-12    -24.7786E-12     302.699E-03
             490     113.370E-12    -321.231E-12        -1.16429
             491    -692.547E-12    -597.644E-12         1.01245
             492    -20.7013E-12    -937.654E-12        -1.91050
             493    -356.987E-12    -1.05547E-09    -550.957E-03
             494     91.8090E-12    -159.482E-12    -925.766E-03
             495     48.5687E-12    -168.794E-12        -1.52141
             496     127.286E-12    -1.00426E-09        -3.47356
             497    -174.894E-12    -1.99503E-12         1.06285
             498    -100.953E-12    -117.783E-12     534.121E-03
             499    -771.291E-12    -976.659E-12     354.636E-03
             500    -475.615E-12    -99.7111E-12         3.22265
             501    -186.445E-12     60.5042E-12         3.59935
             502     270.236E-12    -418.915E-12        -3.42778
             503    -76.0339E-12    -141.292E-12     222.159E-03
             504    -18.7865E-12    -155.108E-12    -490.208E-03
             505    -499.097E-12    -72.3280E-12         4.37690
             506    -819.863E-12    -726.089E-12     959.383E-03
             507    -228.735E-12     69.0839E-12         4.62240
             508     321.718E-12    -485.513E-12        -4.29182
             509    -416.140E-12     4.97345E-12         5.20761
             510    -327.618E-12     56.2001E-12         5.70464
             511     219.432E-12    -1.07088E-09        -4.97824
             512     277.531E-12    -863.025E-12        -4.26044
             513     46.2331E-12    -359.073E-12     253.534E-03
             514    -47.0542E-12    -139.473E-12     88.4483E-03
             515    -185.693E-12    -85.2303E-12    -601.883E-03
             516    -184.886E-12    -69.0699E-12    -547.919E-03
             517    -29.5411E-12    -148.912E-12     56.5882E-03
             518    -306.777E-12    -528.662E-12    -9.73797E-03
             519    -20.6106E-12    -151.034E-12     35.2016E-03
             520    -186.811E-12    -58.7113E-12    -474.541E-03
             521    -67.5777E-12    -125.081E-12     122.789E-03
             522    -198.505E-12    -122.548E-12    -620.289E-03
             523     41.4867E-12    -370.115E-12     516.957E-03
             524    -346.143E-12    -184.520E-12     537.392E-03
             525     50.8066E-12    -375.621E-12     507.518E-03
             526    -98.0024E-12    -82.2396E-12     391.505E-03
             527    -306.091E-12    -490.556E-12    -49.5645E-03
             528    -2.61199E-12    -441.003E-12     457.269E-03
             529    -309.707E-12    -492.763E-12    -96.0482E-03
             530    -318.502E-12    -535.043E-12     117.960E-03
             531     49.1981E-12    -385.751E-12     623.031E-03
             532    -71.5632E-12    -688.843E-12    -379.463E-03
             533    -385.177E-12    -513.352E-12     412.386E-03
             534    -319.436E-12    -525.329E-12     169.271E-03
             535    -43.1739E-12    -535.295E-12     175.491E-03
             536    -281.566E-12    -531.228E-12    -173.834E-03
             537    -216.376E-12    -149.180E-12    -468.285E-03
             538    -76.2740E-12    -104.455E-12     152.491E-03
             539    -478.852E-12    -519.051E-12     662.976E-03
             540    -237.855E-12    -163.680E-12    -331.153E-03
             541     9.90330E-12    -164.621E-12    -62.5440E-03
             542    -294.676E-12    -178.870E-12     124.283E-03
             543    -79.4613E-12    -94.7583E-12     178.796E-03
             544    -95.3390E-12    -84.7380E-12     314.480E-03
             545    -195.897E-12    -52.8670E-12    -350.892E-03
             546     142.010E-12    -324.836E-12        -1.56914
             547     61.3579E-12    -165.366E-12    -413.659E-03
             548    -229.883E-12    -747.755E-12    -446.486E-03
             549     68.4010E-12    -332.039E-12    -433.881E-03
             550    -625.343E-12    -563.616E-12     996.475E-03
             551     77.5264E-12    -156.548E-12    -638.721E-03
             552     91.9554E-12    -146.335E-12        -1.14915
             553     98.2052E-12    -157.775E-12        -1.91424
             554     9.41824E-12    -1.04348E-09        -2.73132
             555    -456.023E-12    -1.22914E-09    -651.433E-03
             556    -417.192E-12    -184.391E-12         1.23016
             557    -107.839E-12    -85.4175E-12     512.184E-03
             558    -182.539E-12    -15.4090E-12     589.531E-03
             559     74.4540E-12    -167.999E-12        -1.91867
             560    -176.429E-12     34.6571E-12         2.36261
             561     223.513E-12    -371.310E-12        -2.78305
             562    -616.687E-12    -1.26744E-09    -343.946E-03
             563    -47.3076E-12    -163.051E-12    -249.682E-03
             564    -789.552E-12    -1.14966E-09     205.184E-03
             565    -471.276E-12    -20.1877E-12         5.58135
             566     358.408E-12    -615.042E-12        -4.84667
             567    -268.260E-12     74.8587E-12         5.56716
             568     265.367E-12    -1.00938E-09        -5.09309
             569     175.532E-12    -1.13958E-09        -4.92810
             570    -100.646E-12    -104.667E-12     534.880E-03
             571    -108.400E-12    -128.292E-12     568.381E-03
             572    -272.316E-12    -946.136E-12    -603.731E-03
             573    -573.073E-12    -105.904E-12         5.15932
             574    -214.078E-12     89.8567E-12         5.45040
             575     345.020E-12    -476.694E-12        -4.89889
             576     392.781E-12    -947.065E-12        -6.88341
             577     21.1677E-12    -172.326E-12        -1.18947
             578    -945.626E-12    -881.937E-12         1.09361
             579    -967.099E-12    -1.09965E-09     775.428E-03
             580    -315.393E-12    -502.512E-12    -78.5757E-03
             581    -37.6157E-12    -147.332E-12     73.3628E-03
             582    -191.519E-12    -83.2111E-12    -620.116E-03
             583    -59.8996E-12    -136.034E-12     110.160E-03
             584    -194.061E-12    -110.516E-12    -651.479E-03
             585    -259.504E-12    -568.449E-12    -235.426E-03
             586    -72.2357E-12    -120.326E-12     132.805E-03
             587    -207.827E-12    -140.047E-12    -592.486E-03
             588    -316.649E-12    -529.524E-12    -43.2501E-03
             589    -332.633E-12    -540.829E-12     154.061E-03
             590    -30.5796E-12    -514.366E-12     394.009E-03
             591     44.1642E-12    -392.707E-12     625.688E-03
             592    -21.7962E-12    -161.372E-12     43.6225E-03
             593    -191.695E-12    -69.7317E-12    -553.109E-03
             594     52.4620E-12    -379.192E-12     573.208E-03
             595    -240.133E-12    -160.122E-12    -239.217E-03
             596    -13.1390E-12    -163.749E-12     19.8712E-03
             597     47.6742E-12    -375.931E-12     430.449E-03
             598    -93.4350E-12    -95.4524E-12     231.477E-03
             599    -297.154E-12    -523.138E-12    -139.862E-03
             600    -194.457E-12    -61.2175E-12    -471.513E-03
             601     139.655E-12    -326.510E-12        -1.58734
             602    -61.2862E-12    -610.510E-12    -9.67741E-03
             603    -371.139E-12    -532.741E-12     332.764E-03
             604     30.0300E-12    -179.366E-12    -163.595E-03
             605    -198.288E-12    -47.5201E-12    -242.931E-03
             606     85.6401E-12    -318.548E-12    -788.652E-03
             607    -447.787E-12    -531.564E-12     596.855E-03
             608    -240.733E-12    -171.587E-12    -420.577E-03
             609    -88.3706E-12    -791.511E-12    -546.523E-03
             610    -88.1846E-12    -111.117E-12     175.197E-03
             611    -310.356E-12    -538.447E-12     39.6315E-03
             612    -394.502E-12    -203.305E-12     830.242E-03
             613    -115.583E-12    -82.8164E-12     496.303E-03
             614    -561.839E-12    -550.623E-12     931.052E-03
             615     17.0000E-12    -422.180E-12     573.111E-03
             616     51.0959E-12    -359.482E-12     128.337E-03
             617    -79.7296E-12    -879.886E-12        -1.08569
             618    -505.649E-12    -182.703E-12         2.34677
             619    -127.090E-12    -89.3589E-12     692.508E-03
             620     77.0403E-12    -170.097E-12    -616.934E-03
             621    -332.979E-12    -197.642E-12     293.648E-03
             622    -192.678E-12    -26.4394E-12     240.622E-03
             623    -107.024E-12    -84.6897E-12     379.784E-03
             624     96.9689E-12    -168.725E-12        -2.31362
             625    -569.847E-12    -1.38396E-09    -707.161E-03
             626     314.788E-12    -429.248E-12        -4.41245
             627    -236.663E-12    -748.463E-12    -453.045E-03
             628    -14.4540E-12    -1.10668E-09        -2.86839
             629    -788.192E-12    -1.26111E-09     51.2162E-03
             630     82.8117E-12    -1.07834E-09        -3.56417
             631    -81.9240E-12    -149.955E-12     208.499E-03
             632    -535.079E-12    -52.2070E-12         6.01970
             633    -180.771E-12     58.7944E-12         3.36287
             634    -239.810E-12    -844.180E-12    -557.711E-03
             635     386.342E-12    -575.691E-12        -5.61404
             636    -315.568E-12     79.4627E-12         6.88167
             637     307.524E-12    -953.992E-12        -5.36665
             638    -860.576E-12    -732.895E-12         1.23454
             639    -836.718E-12    -684.644E-12         1.45776
             640    -135.241E-12    -105.305E-12     820.500E-03
             641    -330.735E-12    -1.11866E-09    -779.556E-03
             642    -556.887E-12    -128.211E-12         4.17806
             643    -416.436E-12     25.1515E-12         6.26684
             644     410.526E-12    -826.768E-12        -6.59689
             645    -237.106E-12     90.5013E-12         5.91608
             646    -180.646E-12     14.7444E-12         1.53494
             647    -1.05772E-09    -1.06597E-09         1.19020
             648     58.2350E-12    -187.619E-12        -2.02690
             649    -10.6421E-12    -175.421E-12    -816.420E-03
             650    -875.896E-12    -1.14855E-09     428.251E-03
             651    -275.406E-12    -568.939E-12    -207.275E-03
             652    -69.1272E-12    -134.768E-12     124.822E-03
             653    -209.245E-12    -140.560E-12    -699.507E-03
             654    -53.4275E-12    -143.200E-12     101.428E-03
             655    -242.508E-12    -645.475E-12    -327.560E-03
             656    -195.403E-12    -103.120E-12    -675.730E-03
             657     3.66304E-12    -175.090E-12    -33.6640E-03
             658    -201.106E-12    -62.8717E-12    -451.090E-03
             659    -30.8635E-12    -159.533E-12     64.8150E-03
             660    -195.813E-12    -81.6064E-12    -624.392E-03
             661    -78.8691E-12    -117.366E-12     147.394E-03
             662    -224.518E-12    -160.406E-12    -557.813E-03
             663     48.5569E-12    -371.961E-12     329.654E-03
             664    -320.161E-12    -520.856E-12    -62.7997E-03
             665    -266.178E-12    -191.714E-12    -336.107E-03
             666    -90.8376E-12    -102.551E-12     200.307E-03
             667     43.9496E-12    -405.225E-12     703.906E-03
             668    -47.6294E-12    -563.983E-12     259.907E-03
             669    -344.174E-12    -536.828E-12     213.768E-03
             670    -285.997E-12    -186.212E-12    -48.5638E-03
             671     54.9037E-12    -350.347E-12    -46.7027E-03
             672    -98.5224E-12    -91.3971E-12     272.765E-03
             673     48.3695E-12    -392.936E-12     606.065E-03
             674    -323.756E-12    -545.578E-12     86.1087E-03
             675    -318.225E-12    -541.230E-12    -26.5563E-03
             676    -10.5013E-12    -176.201E-12     18.7320E-03
             677    -13.8214E-12    -481.214E-12     508.833E-03
             678    -196.715E-12    -70.1686E-12    -549.665E-03
             679     32.5388E-12    -401.024E-12     605.794E-03
             680     94.5909E-12    -328.213E-12    -851.740E-03
             681    -428.767E-12    -542.342E-12     510.188E-03
             682    -76.3070E-12    -695.825E-12    -240.197E-03
             683    -287.842E-12    -574.874E-12    -179.370E-03
             684    -234.615E-12    -780.706E-12    -496.858E-03
             685    -471.731E-12    -204.274E-12         1.65778
             686    -128.372E-12    -83.1994E-12     646.429E-03
             687    -520.685E-12    -550.821E-12     833.035E-03
             688    -97.2154E-12    -918.584E-12        -1.05416
             689    -375.571E-12    -217.084E-12     504.524E-03
             690    -122.198E-12    -83.2627E-12     463.620E-03
             691     54.2190E-12    -181.210E-12    -345.205E-03
             692    -39.2916E-12    -1.00938E-09        -2.10262
             693    -199.453E-12    -40.3788E-12    -81.6791E-03
             694     51.9289E-12    -1.16468E-09        -3.86489
             695     400.328E-12    -522.096E-12        -6.06580
             696     118.953E-12    -1.29482E-09        -5.54670
             697    -722.578E-12    -610.857E-12         1.35130
             698     107.040E-12    -160.421E-12        -1.35737
             699     96.1780E-12    -175.605E-12    -938.124E-03
             700    -142.200E-12    -112.180E-12     898.829E-03
             701    -181.729E-12     36.5415E-12         2.28697
             702    -743.575E-12    -1.37225E-09    -242.509E-03
             703    -604.407E-12    -83.0514E-12         6.71309
             704    -196.677E-12     90.4034E-12         5.13930
             705    -420.974E-12     81.7504E-12         9.80271
             706    -409.361E-12    -1.29587E-09    -964.281E-03
             707    -516.494E-12     1.51024E-12         8.10863
             708     467.580E-12    -1.02194E-09        -8.90501
             709    -292.916E-12     111.960E-12         8.24953
             710     365.802E-12    -1.09534E-09        -7.43884
             711     220.989E-12    -344.047E-12        -2.92692
             712     272.463E-12    -1.18933E-09        -6.66628
             713     435.937E-12    -746.957E-12        -6.88363
             714    -190.936E-12     6.87531E-12         1.17724
             715    -129.953E-12    -97.1331E-12     755.241E-03
             716    -119.487E-12    -133.786E-12     645.741E-03
             717     81.6094E-12    -188.915E-12        -2.55555
             718    -1.03222E-09    -890.490E-12         1.61706
             719    -52.2642E-12    -166.019E-12    -267.653E-03
             720    -950.215E-12    -1.34874E-09     348.235E-03
             721    -261.060E-12    -983.985E-12    -737.172E-03
             722    -977.219E-12    -794.353E-12         1.77715
             723    -1.23227E-09    -1.27424E-09         1.55891
             724    -323.951E-12    -536.949E-12    -77.0903E-03
             725     58.6853E-12    -360.033E-12     15.1784E-03
             726    -62.9901E-12    -150.540E-12     118.472E-03
             727    -205.249E-12    -129.333E-12    -724.739E-03
             728    -43.0869E-12    -163.828E-12     93.0256E-03
             729    -197.794E-12    -98.4414E-12    -689.079E-03
             730    -76.5578E-12    -131.200E-12     136.725E-03
             731    -218.316E-12    -155.221E-12    -671.123E-03
             732    -251.786E-12    -667.685E-12    -329.256E-03
             733    -338.547E-12    -548.094E-12     138.030E-03
             734    -38.2008E-12    -541.848E-12     451.484E-03
             735    -243.865E-12    -181.185E-12    -507.189E-03
             736    -98.0731E-12    -117.751E-12     184.910E-03
             737    -103.000E-12    -100.250E-12     245.824E-03
             738    -22.1982E-12    -171.039E-12     50.1899E-03
             739    -199.725E-12    -80.9560E-12    -618.072E-03
             740     68.4424E-12    -342.777E-12    -323.660E-03
             741     35.3769E-12    -414.068E-12     710.237E-03
             742     48.3959E-12    -396.109E-12     659.081E-03
             743    -324.411E-12    -544.936E-12    -53.3291E-03
             744    -319.188E-12    -206.232E-12     67.0418E-03
             745     48.0733E-12    -388.143E-12     524.117E-03
             746    -111.950E-12    -88.7299E-12     348.179E-03
             747    -382.080E-12    -547.988E-12     306.867E-03
             748    -64.9551E-12    -625.374E-12     96.7880E-03
             749    -279.319E-12    -608.418E-12    -209.094E-03
             750    -3.58600E-12    -184.124E-12     531.692E-06
             751    -201.791E-12    -73.2168E-12    -552.394E-03
             752     37.1999E-12    -189.688E-12    -207.143E-03
             753     104.464E-12    -332.100E-12    -938.519E-03
             754    -203.448E-12    -55.7222E-12    -326.218E-03
             755    -319.483E-12    -549.574E-12    -7.07881E-03
             756    -444.898E-12    -222.868E-12         1.15413
             757    -135.598E-12    -79.8413E-12     624.474E-03
             758    -479.473E-12    -549.614E-12     695.838E-03
             759    -94.8462E-12    -784.976E-12    -372.492E-03
             760    -300.021E-12    -211.087E-12    -167.221E-03
             761    -72.8783E-12    -974.499E-12        -1.61218
             762    -648.211E-12    -581.081E-12         1.24166
             763    -562.282E-12    -206.814E-12         2.83485
             764     131.959E-12    -327.226E-12        -1.41596
             765    -158.245E-12    -85.4280E-12     973.247E-03
             766    -235.315E-12    -826.189E-12    -567.853E-03
             767     547.794E-12    -1.03877E-09        -10.7211
             768    -202.844E-12     122.174E-12         6.92784
             769    -652.112E-12    -110.456E-12         6.98165
             770    -38.4924E-12    -1.13345E-09        -2.79109
             771    -152.485E-12    -115.953E-12         1.01403
             772     72.9961E-12    -182.335E-12    -549.053E-03
             773    -497.341E-12    -1.52694E-09        -1.29079
             774     101.163E-12    -179.243E-12        -2.81554
             775    -200.789E-12    -30.8239E-12     137.877E-03
             776    -245.217E-12    -972.426E-12    -785.582E-03
             777    -181.302E-12     55.9678E-12         3.04922
             778    -659.843E-12    -1.65184E-09        -1.11714
             779    -903.904E-12    -1.60972E-09    -272.868E-03
             780    -568.580E-12    -36.7891E-12         7.76248
             781    -84.8050E-12    -152.540E-12     186.738E-03
             782     343.896E-12    -1.26969E-09        -8.56045
             783     116.799E-12    -174.944E-12        -1.46329
             784    -486.622E-12     44.5780E-12         9.68287
             785    -168.344E-12    -89.4748E-12         1.11078
             786     218.144E-12    -1.29306E-09        -6.81280
             787    -237.111E-12     117.081E-12         7.34099
             788     460.972E-12    -910.297E-12        -8.10825
             789    -644.289E-12    -143.485E-12         5.67454
             790    -1.16524E-09    -1.08850E-09         1.69561
             791    -189.288E-12     21.1710E-12         1.63220
             792    -296.860E-12    -1.17173E-09        -1.03670
             793    -921.458E-12    -722.683E-12         1.96196
             794    -1.06847E-09    -1.28093E-09     850.176E-03
             795    -13.6867E-12    -189.253E-12     39.6272E-03
             796    -202.042E-12    -80.4142E-12    -608.256E-03
             797    -72.1922E-12    -146.777E-12     129.205E-03
             798    -217.746E-12    -156.855E-12    -761.724E-03
             799    -52.6719E-12    -155.052E-12     104.876E-03
             800    -203.613E-12    -120.940E-12    -743.615E-03
             801    -32.7190E-12    -171.083E-12     76.4909E-03
             802    -200.848E-12    -95.3515E-12    -689.776E-03
             803    -230.544E-12    -172.761E-12    -636.138E-03
             804    -94.0780E-12    -127.310E-12     164.237E-03
             805     69.8174E-12    -351.322E-12    -229.554E-03
             806     5.69611E-12    -194.307E-12    -28.9218E-03
             807    -326.313E-12    -547.824E-12    -71.2073E-03
             808    -206.627E-12    -72.9991E-12    -507.481E-03
             809    -316.206E-12    -547.661E-12    -105.856E-03
             810    -53.4977E-12    -582.983E-12     334.947E-03
             811    -355.935E-12    -547.773E-12     209.969E-03
             812    -296.532E-12    -581.209E-12    -152.053E-03
             813     48.6954E-12    -382.746E-12     418.855E-03
             814    -332.181E-12    -555.330E-12     61.6781E-03
             815    -268.119E-12    -202.269E-12    -429.818E-03
             816     43.9559E-12    -405.476E-12     689.951E-03
             817    -103.878E-12    -108.847E-12     218.863E-03
             818    -25.3784E-12    -512.367E-12     548.702E-03
             819    -355.321E-12    -227.681E-12     222.623E-03
             820    -126.535E-12    -87.7137E-12     410.959E-03
             821     85.7537E-12    -336.456E-12    -626.859E-03
             822    -324.258E-12    -552.320E-12    -41.3907E-03
             823    -415.415E-12    -548.798E-12     431.594E-03
             824    -80.8033E-12    -700.152E-12    -109.093E-03
             825     22.2485E-12    -431.238E-12     687.310E-03
             826    -525.556E-12    -553.920E-12     879.863E-03
             827    -107.450E-12    -879.160E-12    -702.383E-03
             828    -233.469E-12    -946.390E-12    -772.345E-03
             829    -1.23327E-12    -462.997E-12     610.930E-03
             830    -336.817E-12    -235.614E-12    -20.6458E-03
             831    -419.248E-12    -238.151E-12     758.736E-03
             832    -252.052E-12    -707.133E-12    -348.149E-03
             833    -141.091E-12    -79.9602E-12     571.897E-03
             834    -108.339E-12    -1.01966E-09        -1.41479
             835    -593.520E-12    -566.409E-12         1.13891
             836     52.1121E-12    -367.597E-12     194.982E-03
             837    -522.027E-12    -224.356E-12         2.04605
             838    -145.359E-12    -79.7894E-12     767.673E-03
             839    -112.268E-12    -96.5141E-12     293.982E-03
             840    -57.8092E-12    -1.06525E-09        -2.22917
             841     57.0826E-12    -207.522E-12    -362.246E-03
             842    -205.249E-12    -47.4191E-12    -171.182E-03
             843    -1.28837E-09    -1.13890E-09         2.32363
             844    -193.015E-12    -12.7607E-12     606.314E-03
             845    -483.550E-12    -1.79231E-09        -2.19635
             846    -812.561E-12    -650.148E-12         1.74719
             847    -495.859E-12     70.1058E-12         11.4354
             848     386.430E-12    -443.525E-12        -5.97779
             849    -304.569E-12     151.760E-12         10.6614
             850    -198.964E-12    -71.2737E-12         1.38969
             851    -626.471E-12    -187.933E-12         4.20817
             852    -357.325E-12    -1.30585E-09        -1.16264
             853     35.9692E-12    -189.526E-12        -1.69173
             854     101.981E-12    -191.793E-12        -1.01001
             855     123.238E-12    -165.682E-12        -2.53790
             856    -799.220E-12    -1.72091E-09    -850.755E-03
             857     123.994E-12    -326.784E-12        -1.24040
             858     311.394E-12    -372.787E-12        -4.58967
             859     138.824E-12    -174.999E-12        -2.24775
             860    -253.685E-12    -1.11284E-09        -1.05403
             861    -69.9137E-12    -158.267E-12    -56.2548E-03
             862    -1.08135E-09    -1.53730E-09     437.706E-03
             863    -1.05268E-09    -825.779E-12         2.20752
             864     143.495E-12    -1.46886E-09        -7.39884
             865    -15.6270E-12    -494.128E-12     632.978E-03
             866    -65.7268E-12    -162.782E-12     125.483E-03
             867    -325.434E-12    -551.752E-12    -83.1289E-03
             868    -213.000E-12    -146.853E-12    -785.397E-03
             869    -27.5099E-12    -182.257E-12     72.7429E-03
             870    -206.765E-12    -104.681E-12    -730.953E-03
             871    -88.8404E-12    -135.976E-12     150.023E-03
             872    -224.819E-12    -169.642E-12    -734.466E-03
             873    -47.3890E-12    -172.491E-12     106.049E-03
             874    -204.322E-12    -114.842E-12    -752.467E-03
             875    -201.589E-12    -19.2955E-12     420.719E-03
             876    -344.656E-12    -555.672E-12     114.195E-03
             877    -294.605E-12    -222.435E-12    -323.694E-03
             878    -45.9540E-12    -560.757E-12     503.183E-03
             879    -286.640E-12    -609.483E-12    -175.656E-03
             880    -308.866E-12    -575.502E-12    -113.872E-03
             881    -380.598E-12    -553.357E-12     258.273E-03
             882    -68.8146E-12    -635.485E-12     197.514E-03
             883    -247.514E-12    -191.914E-12    -589.864E-03
             884     40.8459E-12    -414.077E-12     752.941E-03
             885    -106.749E-12    -124.629E-12     184.766E-03
             886     26.6694E-12    -433.764E-12     789.898E-03
             887    -326.843E-12    -555.218E-12    -64.7064E-03
             888     58.6977E-12    -367.404E-12     106.994E-03
             889     4.19642E-12    -460.202E-12     696.738E-03
             890     45.6855E-12    -398.120E-12     602.700E-03
             891     86.1095E-12    -342.180E-12    -539.133E-03
             892    -128.015E-12    -94.7477E-12     348.976E-03
             893    -394.944E-12    -249.665E-12     422.674E-03
             894    -9.12375E-12    -199.055E-12     34.4654E-03
             895    -143.602E-12    -83.7717E-12     492.240E-03
             896     105.054E-12    -333.242E-12    -894.846E-03
             897    -205.844E-12    -81.0430E-12    -589.401E-03
             898    -116.372E-12    -105.964E-12     257.094E-03
             899     24.0749E-12    -206.774E-12    -110.753E-03
             900    -492.601E-12    -243.087E-12         1.50145
             901    -158.969E-12    -73.4255E-12     808.542E-03
             902    -326.839E-12    -558.280E-12    -25.0481E-03
             903    -455.213E-12    -550.405E-12     573.445E-03
             904    -99.5074E-12    -769.079E-12    -185.192E-03
             905    -207.892E-12    -64.8033E-12    -397.495E-03
             906    -370.253E-12    -258.520E-12     135.604E-03
             907    -118.800E-12    -972.812E-12        -1.04013
             908    -610.512E-12    -564.474E-12         1.25804
             909    -206.376E-12    -38.0842E-12     25.5890E-03
             910    -96.3668E-12    -1.09587E-09        -1.96837
             911    -233.726E-12    -839.360E-12    -576.328E-03
             912    -40.1686E-12    -1.22391E-09        -3.34489
             913     10.8689E-12    -1.25542E-09        -4.07827
             914    -796.477E-12    -628.327E-12         1.91195
             915     162.820E-12    -319.087E-12        -1.95918
             916    -196.358E-12     1.12588E-12     975.253E-03
             917    -598.847E-12    -231.477E-12         3.00920
             918    -181.323E-12    -72.3980E-12         1.15494
             919     119.828E-12    -189.138E-12        -1.41505
             920    -233.717E-12    -1.06034E-09        -1.00894
             921     466.399E-12    -681.909E-12        -7.49357
             922     69.4268E-12    -208.692E-12    -490.881E-03
             923    -369.228E-12     108.991E-12         9.96930
             924     68.0929E-12    -200.266E-12        -2.54603
             925     476.925E-12    -603.173E-12        -7.77917
             926    -177.557E-12    -94.0731E-12         1.23780
             927     506.328E-12    -878.198E-12        -8.94680
             928    -1.01896E-09    -1.80168E-09    -321.967E-03
             929    -719.374E-12    -199.231E-12         5.72617
             930    -250.207E-12     157.321E-12         9.81544
             931    -1.27676E-09    -994.344E-12         3.03743
             932     329.700E-12    -346.839E-12        -5.13541
             933     145.931E-12    -171.829E-12        -3.03882
             934    -19.8472E-12    -180.626E-12    -848.335E-03
             935     65.9272E-12    -1.46289E-09        -6.34558
             936    -186.554E-12     44.6916E-12         2.45318
             937    -300.339E-12    -1.34213E-09        -1.48100
             938    -995.409E-12    -742.778E-12         2.47174
             939     230.201E-12    -1.45500E-09        -8.51672
             940    -85.3820E-12    -154.082E-12     139.232E-03
             941    -223.661E-12    -172.636E-12    -810.274E-03
             942    -58.7833E-12    -178.255E-12     125.542E-03
             943    -210.806E-12    -138.597E-12    -801.939E-03
             944     52.3389E-12    -375.540E-12     280.252E-03
             945     14.7082E-12    -449.297E-12     781.186E-03
             946    -360.684E-12    -554.593E-12     181.296E-03
             947    -235.853E-12    -185.100E-12    -703.465E-03
             948    -102.368E-12    -134.399E-12     163.390E-03
             949    -34.9680E-12    -534.962E-12     586.190E-03
             950    -143.737E-12    -91.3305E-12     404.216E-03
             951    -315.441E-12    -565.974E-12    -100.505E-03
             952    -21.1676E-12    -201.106E-12     74.9708E-03
             953     47.7781E-12    -390.591E-12     495.195E-03
             954    -205.009E-12    -88.1579E-12    -647.435E-03
             955    -326.758E-12    -557.509E-12    -78.1137E-03
             956    -203.097E-12    -5.70012E-12     765.403E-03
             957     7.68724E-12    -208.644E-12    -22.2199E-03
             958    -322.089E-12    -244.038E-12    -211.809E-03
             959    -129.260E-12    -103.768E-12     291.472E-03
             960    -12.0780E-12    -489.041E-12     702.174E-03
             961    -209.883E-12    -83.7153E-12    -561.217E-03
             962    -42.2216E-12    -184.899E-12     106.542E-03
             963    -205.388E-12    -109.671E-12    -749.092E-03
             964    -300.210E-12    -590.466E-12    -128.670E-03
             965     35.3839E-12    -421.920E-12     784.123E-03
             966     69.1239E-12    -357.662E-12    -122.110E-03
             967    -266.811E-12    -211.696E-12    -527.934E-03
             968    -338.873E-12    -561.981E-12     35.3546E-03
             969    -466.769E-12    -260.507E-12         1.05951
             970    -109.721E-12    -116.627E-12     207.671E-03
             971    -406.523E-12    -552.698E-12     349.499E-03
             972    -162.248E-12    -72.6147E-12     710.618E-03
             973    -87.5682E-12    -689.327E-12     163.736E-03
             974     38.4926E-12    -414.175E-12     752.836E-03
             975    -209.161E-12    -56.5677E-12    -256.599E-03
             976    -328.583E-12    -560.687E-12    -56.5677E-03
             977    -401.898E-12    -281.301E-12     290.994E-03
             978    -330.510E-12    -561.160E-12    -660.868E-06
             979    -112.923E-12    -845.473E-12    -432.693E-03
             980    -493.583E-12    -549.887E-12     732.499E-03
             981    -207.716E-12    -27.0009E-12     269.946E-03
             982    -58.5622E-12    -595.324E-12     403.649E-03
             983    -115.237E-12    -1.09684E-09        -1.73168
             984    -564.434E-12    -242.595E-12         2.38588
             985    -183.291E-12    -64.9851E-12         1.07493
             986    -672.438E-12    -575.015E-12         1.55703
             987    -251.965E-12    -724.763E-12    -322.641E-03
             988     136.890E-12    -321.338E-12        -1.45955
             989    -227.753E-12    -924.852E-12    -741.840E-03
             990    -74.0725E-12    -1.14730E-09        -2.50821
             991     45.4382E-12    -217.982E-12    -246.425E-03
             992     246.704E-12    -318.869E-12        -3.52486
             993     5.70342E-12    -1.41565E-09        -5.18708
             994     87.1293E-12    -194.701E-12    -738.250E-03
             995    -196.816E-12     18.4696E-12         1.46163
             996    -879.784E-12    -672.119E-12         2.16398
             997    -432.544E-12     139.641E-12         13.1595
             998    -218.762E-12    -52.9924E-12         1.55169
             999     117.164E-12    -203.791E-12        -1.28367
            1000     552.979E-12    -599.875E-12        -9.57367
            1001    -659.437E-12    -228.586E-12         4.00385
            1002    -456.409E-12     92.2529E-12         11.4967
            1003     15.0092E-12    -188.380E-12        -1.38193
            1004     84.7663E-12    -212.288E-12        -3.32030
            1005     416.994E-12    -393.374E-12        -6.87469
            1006    -186.683E-12     71.3166E-12         3.46502
            1007    -370.478E-12    -1.44842E-09        -1.51379
            1008    -255.743E-12    -1.24929E-09        -1.40235
            1009     155.727E-12    -1.63676E-09        -9.29965
            1010    -36.7918E-12    -166.321E-12    -621.081E-03
            1011     299.457E-12    -1.39103E-09        -8.95959
            1012     113.604E-12    -188.135E-12        -3.54444
            1013    -1.13349E-09    -851.722E-12         2.79531
            1014     69.1430E-12    -1.61046E-09        -7.73481
            1015    -334.315E-12    -565.662E-12    -25.6921E-03
            1016    -77.5867E-12    -170.875E-12     135.862E-03
            1017    -33.2136E-12    -193.228E-12     96.4252E-03
            1018    -219.553E-12    -164.247E-12    -834.306E-03
            1019    -209.972E-12    -118.220E-12    -779.227E-03
            1020    -118.425E-12    -116.034E-12     221.420E-03
            1021    -323.766E-12    -562.369E-12    -84.9548E-03
            1022    -96.8461E-12    -147.817E-12     146.461E-03
            1023    -229.941E-12    -182.586E-12    -783.840E-03
            1024    -7.06446E-12    -210.328E-12     41.1582E-03
            1025    -209.021E-12    -91.5765E-12    -637.701E-03
            1026    -288.335E-12    -231.781E-12    -451.699E-03
            1027     85.1975E-12    -208.188E-12    -694.384E-03
            1028    -350.439E-12    -560.781E-12     86.7734E-03
            1029     1.64823E-12    -468.616E-12     768.665E-03
            1030    -51.0933E-12    -191.639E-12     126.281E-03
            1031    -209.727E-12    -131.482E-12    -808.118E-03
            1032     65.2031E-12    -364.587E-12     27.5754E-03
            1033    -248.801E-12    -737.065E-12    -370.080E-03
            1034     16.4044E-12    -448.470E-12     855.590E-03
            1035    -159.426E-12    -86.2901E-12     456.277E-03
            1036    -307.667E-12    -586.136E-12    -97.4571E-03
            1037     51.3643E-12    -382.478E-12     363.269E-03
            1038    -349.367E-12    -265.628E-12    -95.5949E-03
            1039    -249.067E-12    -202.484E-12    -665.453E-03
            1040     31.1731E-12    -426.880E-12     834.371E-03
            1041    -434.568E-12    -273.113E-12     648.811E-03
            1042    -52.9570E-12    -574.440E-12     545.664E-03
            1043     42.0871E-12    -404.914E-12     663.412E-03
            1044    -111.409E-12    -139.000E-12     159.921E-03
            1045    -26.5963E-12    -516.343E-12     643.783E-03
            1046    -328.211E-12    -562.976E-12    -74.7240E-03
            1047    -210.844E-12    -75.6495E-12    -461.239E-03
            1048     87.0088E-12    -344.424E-12    -464.549E-03
            1049    -281.172E-12    -635.955E-12    -160.419E-03
            1050    -329.948E-12    -564.210E-12    -44.6206E-03
            1051    -210.622E-12    -47.1396E-12    -81.2575E-03
            1052    -162.848E-12    -77.4033E-12     588.128E-03
            1053    -105.505E-12    -727.640E-12     146.856E-03
            1054    -434.244E-12    -550.384E-12     455.388E-03
            1055    -124.921E-12    -923.345E-12    -700.207E-03
            1056    -541.357E-12    -546.086E-12     956.859E-03
            1057    -543.037E-12    -261.418E-12         1.91035
            1058    -142.775E-12    -100.898E-12     322.987E-03
            1059     110.942E-12    -329.857E-12    -952.811E-03
            1060     25.1575E-12    -220.335E-12    -99.3782E-03
            1061    -127.756E-12    -1.08148E-09        -1.48631
            1062    -90.4490E-12    -677.605E-12     287.387E-03
            1063    -610.363E-12    -552.868E-12         1.30838
            1064    -376.939E-12    -556.260E-12     203.580E-03
            1065     63.8184E-12    -221.941E-12    -412.247E-03
            1066    -105.813E-12    -1.20458E-09        -2.43913
            1067     130.953E-12    -203.853E-12        -1.59193
            1068    -209.014E-12    -14.1968E-12     570.338E-03
            1069    -793.233E-12    -614.923E-12         2.04524
            1070    -232.907E-12    -836.369E-12    -550.284E-03
            1071    -608.605E-12    -252.969E-12         2.85329
            1072    -198.557E-12    -60.2705E-12         1.26307
            1073    -204.180E-12     10.7836E-12         1.19928
            1074    -196.300E-12     38.7280E-12         2.09687
            1075     192.598E-12    -307.768E-12        -2.51151
            1076    -229.663E-12    -1.16725E-09        -1.28161
            1077    -43.6006E-12    -1.35722E-09        -4.16255
            1078    -181.547E-12     81.2189E-12         4.11936
            1079     515.265E-12    -469.532E-12        -8.88846
            1080     49.3904E-12    -202.826E-12        -2.23685
            1081    -549.830E-12     75.0858E-12         13.4213
            1082     147.443E-12    -173.035E-12        -3.74485
            1083     339.188E-12    -308.015E-12        -5.59075
            1084     441.098E-12    -1.36865E-09        -11.2362
            1085     20.1179E-12    -195.300E-12        -1.69148
            1086    -101.856E-12    -128.730E-12     479.210E-03
            1087    -288.423E-12    -1.48575E-09        -1.99399
            1088    -320.385E-12     195.585E-12         13.0245
            1089    -87.6096E-12    -166.959E-12     137.248E-03
            1090    -9.27769E-12    -485.416E-12     751.729E-03
            1091    -229.575E-12    -189.646E-12    -846.518E-03
            1092    -240.725E-12    -779.005E-12    -399.581E-03
            1093     54.5177E-12    -379.152E-12     303.183E-03
            1094    -69.4373E-12    -186.612E-12     138.586E-03
            1095    -216.309E-12    -156.318E-12    -850.253E-03
            1096     5.25791E-12    -464.018E-12     845.253E-03
            1097    -310.136E-12    -251.670E-12    -367.964E-03
            1098    -211.956E-12    -95.5924E-12    -610.592E-03
            1099    -313.923E-12    -578.638E-12    -89.9546E-03
            1100    -42.3531E-12    -547.018E-12     630.502E-03
            1101    -341.392E-12    -564.828E-12     4.68129E-03
            1102    -329.048E-12    -566.320E-12    -71.1901E-03
            1103    -266.859E-12    -672.965E-12    -228.506E-03
            1104     7.81427E-12    -221.698E-12    -3.88442E-03
            1105    -249.703E-12    -212.672E-12    -732.614E-03
            1106    -108.898E-12    -150.214E-12     143.207E-03
            1107    -19.9559E-12    -210.965E-12     84.3044E-03
            1108    -325.717E-12    -566.198E-12    -82.3351E-03
            1109    -210.587E-12    -111.135E-12    -740.542E-03
            1110    -117.302E-12    -128.525E-12     183.546E-03
            1111     74.6188E-12    -354.896E-12    -159.103E-03
            1112    -265.027E-12    -221.014E-12    -616.955E-03
            1113    -373.581E-12    -287.271E-12     14.8582E-03
            1114     25.5459E-12    -436.497E-12     853.466E-03
            1115    -41.5145E-12    -201.730E-12     121.894E-03
            1116    -173.761E-12    -81.2749E-12     489.335E-03
            1117    -209.720E-12    -125.004E-12    -801.265E-03
            1118    -334.567E-12    -567.562E-12    -51.9364E-03
            1119    -292.274E-12    -613.871E-12    -115.022E-03
            1120    -129.589E-12    -114.370E-12     238.548E-03
            1121     45.3963E-12    -396.444E-12     559.234E-03
            1122    -394.631E-12    -553.814E-12     262.762E-03
            1123    -73.9136E-12    -627.374E-12     425.683E-03
            1124    -428.452E-12    -304.801E-12     424.390E-03
            1125     33.1236E-12    -418.230E-12     788.809E-03
            1126    -184.970E-12    -61.8590E-12     882.844E-03
            1127    -520.828E-12    -285.324E-12         1.45457
            1128    -212.110E-12    -67.1142E-12    -334.611E-03
            1129     40.3622E-12    -234.095E-12    -180.082E-03
            1130    -116.549E-12    -811.089E-12    -199.166E-03
            1131    -465.361E-12    -546.077E-12     577.516E-03
            1132    -156.045E-12    -97.5332E-12     346.873E-03
            1133    -135.792E-12    -998.910E-12    -973.529E-03
            1134    -561.241E-12    -534.371E-12         1.07060
            1135    -368.607E-12    -558.212E-12     139.954E-03
            1136     152.654E-12    -310.760E-12        -1.73975
            1137    -217.267E-12    -1.08978E-09        -1.12298
            1138    -107.045E-12    -706.423E-12     272.839E-03
            1139    -211.885E-12    -36.6910E-12     132.692E-03
            1140     80.5744E-12    -222.182E-12    -610.508E-03
            1141    -122.800E-12    -1.20190E-09        -2.19187
            1142     116.566E-12    -218.054E-12        -1.21778
            1143    -597.906E-12    -273.705E-12         2.46316
            1144    -228.254E-12    -40.4976E-12         1.56504
            1145    -745.904E-12    -579.713E-12         1.99855
            1146    -210.878E-12     491.057E-15     934.059E-03
            1147     101.446E-12    -206.092E-12    -959.002E-03
            1148    -918.205E-12    -668.958E-12         2.52975
            1149    -205.750E-12     28.7506E-12         1.71514
            1150    -197.101E-12     60.0824E-12         2.86745
            1151     9.30262E-12    -187.419E-12        -1.61708
            1152    -79.3223E-12    -1.28280E-09        -3.24442
            1153     138.130E-12    -189.025E-12        -1.91234
            1154     168.082E-12    -176.015E-12        -3.70202
            1155    -587.787E-12     34.1107E-12         12.4137
            1156     268.134E-12    -294.811E-12        -4.07862
            1157     167.704E-12    -176.553E-12        -4.53364
            1158    -48.4599E-12    -1.49841E-09        -5.08635
            1159     66.8492E-12    -213.767E-12        -2.99510
            1160    -496.616E-12     113.998E-12         13.6924
            1161     613.411E-12    -591.620E-12        -10.9235
            1162     429.275E-12    -346.929E-12        -7.51265
            1163    -245.919E-12    -43.5296E-12         1.95411
            1164    -669.986E-12    -258.541E-12         3.65788
            1165    -22.6271E-12    -155.883E-12    -943.259E-03
            1166    -244.450E-12    -1.37522E-09        -1.82954
            1167     566.736E-12    -829.820E-12        -10.1887
            1168     64.3127E-12    -1.74609E-09        -9.13814
            1169    -271.180E-12    -662.792E-12    -177.213E-03
            1170    -79.0653E-12    -183.423E-12     139.114E-03
            1171    -224.860E-12    -182.718E-12    -872.417E-03
            1172    -321.806E-12    -569.947E-12    -84.1992E-03
            1173    -232.759E-12    -193.123E-12    -817.663E-03
            1174    -97.8094E-12    -163.584E-12     135.957E-03
            1175    -129.194E-12    -126.049E-12     192.878E-03
            1176    -282.124E-12    -239.868E-12    -558.681E-03
            1177    -30.8934E-12    -210.457E-12     111.682E-03
            1178    -212.696E-12    -132.768E-12    -819.604E-03
            1179    -141.544E-12    -112.044E-12     253.113E-03
            1180    -211.255E-12    -103.437E-12    -683.864E-03
            1181    -7.36810E-12    -222.460E-12     60.9267E-03
            1182     60.4551E-12    -370.683E-12     164.271E-03
            1183    -256.748E-12    -708.345E-12    -260.826E-03
            1184    -382.619E-12    -554.813E-12     173.435E-03
            1185    -331.338E-12    -567.885E-12    -64.7027E-03
            1186     5.35103E-12    -461.092E-12     905.723E-03
            1187    -350.349E-12    -291.790E-12    -200.861E-03
            1188    -60.2958E-12    -200.824E-12     143.765E-03
            1189    -214.392E-12    -148.733E-12    -854.687E-03
            1190    -305.071E-12    -593.232E-12    -81.1818E-03
            1191    -394.441E-12    -308.893E-12     107.506E-03
            1192    -6.95181E-12    -481.265E-12     821.883E-03
            1193    -62.5271E-12    -589.687E-12     562.807E-03
            1194    -326.483E-12    -568.809E-12    -82.6217E-03
            1195     49.4692E-12    -387.719E-12     436.998E-03
            1196     97.5308E-12    -220.768E-12    -863.943E-03
            1197    -355.731E-12    -561.444E-12     57.7672E-03
            1198    -183.813E-12    -67.0617E-12     696.752E-03
            1199    -212.842E-12    -87.4742E-12    -517.936E-03
            1200    -473.536E-12    -298.855E-12     872.097E-03
            1201    -262.541E-12    -230.034E-12    -693.816E-03
            1202    -118.568E-12    -150.480E-12     136.119E-03
            1203    -341.279E-12    -565.342E-12    -30.9911E-03
            1204     18.3533E-12    -441.112E-12     904.673E-03
            1205     98.5248E-12    -335.284E-12    -632.098E-03
            1206    -93.5983E-12    -668.105E-12     377.993E-03
            1207     22.9081E-12    -234.021E-12    -61.6881E-03
            1208     37.8918E-12    -409.127E-12     707.467E-03
            1209    -416.498E-12    -549.710E-12     337.693E-03
            1210     57.5199E-12    -236.094E-12    -323.577E-03
            1211    -168.392E-12    -94.2966E-12     355.447E-03
            1212    -283.520E-12    -632.568E-12    -122.514E-03
            1213    -213.274E-12    -58.1293E-12    -178.980E-03
            1214    -210.898E-12    -45.2012E-12         1.16098
            1215    -581.905E-12    -294.862E-12         2.06544
            1216    -129.039E-12    -872.976E-12    -403.380E-03
            1217    -494.221E-12    -538.272E-12     711.224E-03
            1218    -119.536E-12    -776.685E-12     2.78132E-03
            1219    -213.590E-12    -24.7839E-12     390.450E-03
            1220    -137.870E-12    -1.13884E-09        -1.65201
            1221    -623.479E-12    -539.788E-12         1.42313
            1222     130.865E-12    -223.183E-12        -1.49915
            1223     122.020E-12    -322.232E-12        -1.11495
            1224    -213.149E-12     16.2572E-12         1.35092
            1225    -215.827E-12    -923.018E-12    -686.085E-03
            1226    -833.235E-12    -609.246E-12         2.39455
            1227     144.851E-12    -207.684E-12        -1.91683
            1228    -118.882E-12    -1.29051E-09        -2.72958
            1229    -624.608E-12    -12.3726E-12         11.0435
            1230    -208.146E-12     47.0616E-12         2.30789
            1231    -207.236E-12    -1.16144E-09        -1.34245
            1232    -662.307E-12    -285.006E-12         3.17754
            1233    -252.625E-12    -23.4231E-12         1.97980
            1234    -740.814E-12    -234.022E-12         5.28553
            1235     211.287E-12    -290.618E-12        -2.92429
            1236    -221.475E-12    -70.4825E-12         1.72255
            1237    -179.273E-12     107.962E-12         5.47430
            1238    -83.7908E-12    -1.41665E-09        -4.01359
            1239    -186.308E-12     94.5620E-12         4.58945
            1240     162.271E-12    -182.767E-12        -2.95985
            1241     127.186E-12    -192.389E-12        -4.46027
            1242    -677.781E-12     39.8582E-12         15.6878
            1243     49.1941E-12    -207.517E-12        -2.59418
            1244     493.932E-12    -323.216E-12        -9.39608
            1245    -620.786E-12     100.630E-12         16.5728
            1246    -460.301E-12     183.554E-12         15.6487
            1247     859.756E-15    -1.56564E-09        -6.33877
            1248     339.578E-12    -275.426E-12        -5.94054
            1249    -88.8385E-12    -180.154E-12     136.029E-03
            1250    -236.687E-12    -211.843E-12    -866.078E-03
            1251    -333.371E-12    -567.499E-12    -78.2342E-03
            1252    -18.8237E-12    -499.889E-12     780.210E-03
            1253    -260.755E-12    -691.113E-12    -195.475E-03
            1254    -350.288E-12    -560.751E-12    -4.91801E-03
            1255    -299.468E-12    -259.023E-12    -495.091E-03
            1256     26.2408E-12    -428.370E-12     856.767E-03
            1257    -51.8837E-12    -562.241E-12     654.766E-03
            1258    -213.284E-12    -108.244E-12    -652.691E-03
            1259    -69.9976E-12    -198.935E-12     146.455E-03
            1260    -220.913E-12    -174.605E-12    -887.955E-03
            1261     6.15261E-12    -234.653E-12     27.8177E-03
            1262    -310.004E-12    -586.042E-12    -75.8362E-03
            1263    -327.858E-12    -569.920E-12    -84.7061E-03
            1264    -321.256E-12    -573.474E-12    -82.2400E-03
            1265    -5.76186E-12    -476.185E-12     892.210E-03
            1266    -239.475E-12    -206.198E-12    -813.290E-03
            1267    -365.969E-12    -310.940E-12    -133.086E-03
            1268    -246.022E-12    -745.726E-12    -299.658E-03
            1269    -20.8719E-12    -221.883E-12     103.497E-03
            1270    -108.070E-12    -162.583E-12     129.583E-03
            1271    -212.598E-12    -124.479E-12    -778.749E-03
            1272    -128.972E-12    -137.491E-12     156.314E-03
            1273    -140.199E-12    -123.791E-12     195.718E-03
            1274     81.9239E-12    -347.152E-12    -285.213E-03
            1275    -153.269E-12    -109.479E-12     259.848E-03
            1276    -276.466E-12    -247.717E-12    -645.929E-03
            1277    -446.007E-12    -327.244E-12     493.245E-03
            1278    -370.281E-12    -555.079E-12     89.1988E-03
            1279     2.32586E-12    -458.955E-12     945.013E-03
            1280    -49.3882E-12    -211.617E-12     144.968E-03
            1281    -213.234E-12    -140.980E-12    -845.073E-03
            1282    -185.547E-12    -78.9068E-12     472.364E-03
            1283    -273.826E-12    -653.425E-12    -128.273E-03
            1284    -81.6349E-12    -632.184E-12     485.954E-03
            1285    -298.552E-12    -603.353E-12    -84.3758E-03
            1286    -202.205E-12    -52.0559E-12     901.503E-03
            1287    -556.212E-12    -312.163E-12         1.64271
            1288     41.9638E-12    -400.222E-12     610.875E-03
            1289    -105.928E-12    -686.769E-12     360.526E-03
            1290     28.1248E-12    -419.701E-12     810.571E-03
            1291     34.8960E-12    -247.468E-12    -109.700E-03
            1292    -213.719E-12    -79.2304E-12    -403.662E-03
            1293     89.7354E-12    -236.448E-12    -711.134E-03
            1294    -438.816E-12    -542.593E-12     424.331E-03
            1295     73.6663E-12    -237.495E-12    -495.412E-03
            1296    -214.770E-12    -48.1366E-12     8.03972E-03
            1297    -139.728E-12    -931.534E-12    -605.020E-03
            1298    -518.452E-12    -527.365E-12     828.857E-03
            1299    -215.492E-12    -11.6490E-12     692.563E-03
            1300     51.8217E-12    -382.345E-12     372.947E-03
            1301    -204.834E-12    -1.06410E-09        -1.06829
            1302    -145.938E-12    -1.06641E-09        -1.20560
            1303    -570.661E-12    -523.142E-12         1.13523
            1304    -132.240E-12    -827.504E-12    -161.080E-03
            1305    -399.124E-12    -548.419E-12     226.212E-03
            1306    -218.556E-12     1.78126E-12         1.02782
            1307     117.235E-12    -238.535E-12        -1.17224
            1308     159.762E-12    -212.369E-12        -2.25405
            1309     166.507E-12    -298.172E-12        -1.99620
            1310    -219.166E-12    -1.26748E-09        -1.60957
            1311    -140.095E-12    -1.26271E-09        -2.25051
            1312    -681.881E-12    -552.311E-12         1.73733
            1313    -641.853E-12    -309.534E-12         2.64335
            1314    -233.143E-12    -29.9163E-12         1.57288
            1315    -844.893E-12    -590.873E-12         2.63728
            1316    -944.219E-12    -655.169E-12         2.90311
            1317    -217.409E-12     31.5677E-12         1.81118
            1318     105.134E-12    -235.574E-12    -958.416E-03
            1319    -106.448E-12    -1.33816E-09        -3.19323
            1320    -199.094E-12     79.3977E-12         3.72064
            1321    -176.684E-12     131.212E-12         7.08338
            1322    -183.832E-12     88.2907E-12         4.69760
            1323     184.676E-12    -187.131E-12        -3.55176
            1324    -737.077E-12    -298.263E-12         4.03789
            1325    -281.821E-12    -8.79282E-12         2.61393
            1326     156.270E-12    -192.593E-12        -2.40242
            1327     276.150E-12    -268.469E-12        -4.45062
            1328    -58.6845E-12    -1.64820E-09        -6.06445
            1329     36.2253E-12    -196.730E-12        -2.31626
            1330     84.7654E-12    -223.105E-12        -3.89683
            1331     158.654E-12    -181.227E-12        -5.24877
            1332    -748.267E-12    -267.925E-12         4.72140
            1333    -779.015E-12     63.6967E-12         19.5857
            1334    -277.646E-12    -30.6464E-12         2.52430
            1335     160.641E-12    -1.80430E-09        -11.2539
            1336     21.9391E-12    -428.035E-12     868.380E-03
            1337    -79.8929E-12    -196.149E-12     143.839E-03
            1338    -229.413E-12    -201.539E-12    -898.716E-03
            1339    -150.766E-12    -121.714E-12     190.888E-03
            1340    -312.900E-12    -581.775E-12    -72.0463E-03
            1341    -290.331E-12    -265.413E-12    -596.953E-03
            1342    -98.4400E-12    -177.388E-12     129.467E-03
            1343    -138.877E-12    -135.745E-12     149.584E-03
            1344    -212.824E-12    -116.336E-12    -722.867E-03
            1345    -9.54730E-12    -234.957E-12     91.8512E-03
            1346    -44.8246E-12    -542.367E-12     740.080E-03
            1347    -338.447E-12    -564.028E-12    -65.4474E-03
            1348    -40.4667E-12    -210.031E-12     130.100E-03
            1349    -331.883E-12    -296.364E-12    -364.101E-03
            1350    -214.656E-12    -147.625E-12    -849.676E-03
            1351    -263.771E-12    -675.923E-12    -134.330E-03
            1352     33.1361E-12    -411.218E-12     739.771E-03
            1353    -376.459E-12    -328.182E-12    -94.1663E-03
            1354    -250.573E-12    -719.740E-12    -214.818E-03
            1355    -70.8164E-12    -600.000E-12     588.597E-03
            1356    -6.33826E-12    -470.964E-12     941.680E-03
            1357    -323.071E-12    -572.846E-12    -86.8956E-03
            1358    -410.005E-12    -331.366E-12     171.034E-03
            1359    -164.203E-12    -107.024E-12     254.793E-03
            1360    -59.0737E-12    -213.159E-12     155.375E-03
            1361    -18.1238E-12    -494.457E-12     863.357E-03
            1362    -302.898E-12    -594.391E-12    -60.8289E-03
            1363    -329.691E-12    -569.444E-12    -85.3327E-03
            1364    -218.018E-12    -166.458E-12    -891.101E-03
            1365    -507.043E-12    -330.907E-12         1.04193
            1366    -213.786E-12    -100.232E-12    -566.232E-03
            1367    -284.599E-12    -627.694E-12    -87.3920E-03
            1368    -259.967E-12    -239.358E-12    -757.262E-03
            1369    -117.800E-12    -162.100E-12     118.248E-03
            1370     19.3086E-12    -246.872E-12    -12.0499E-03
            1371    -360.369E-12    -553.764E-12     15.9061E-03
            1372    -179.198E-12    -91.7256E-12     340.646E-03
            1373     49.9944E-12    -250.061E-12    -222.370E-03
            1374    -195.776E-12    -1.23244E-09        -1.60637
            1375    -384.287E-12    -547.091E-12     126.102E-03
            1376     7.23603E-12    -450.762E-12     942.361E-03
            1377    -97.7805E-12    -661.897E-12     438.449E-03
            1378    -193.516E-12    -66.1851E-12     624.727E-03
            1379     81.9885E-12    -251.986E-12    -565.174E-03
            1380    -221.008E-12    -13.9624E-12     750.671E-03
            1381    -230.492E-12    -822.052E-12    -447.733E-03
            1382    -121.969E-12    -739.259E-12     191.113E-03
            1383     85.3985E-12    -341.370E-12    -333.627E-03
            1384    -214.898E-12    -70.5330E-12    -265.875E-03
            1385    -461.584E-12    -532.854E-12     516.680E-03
            1386    -216.273E-12    -37.2155E-12     228.536E-03
            1387     43.0725E-12    -392.630E-12     539.956E-03
            1388    -149.004E-12    -978.577E-12    -769.743E-03
            1389    -543.358E-12    -514.705E-12     973.911E-03
            1390    -225.741E-12    -30.7774E-12         1.27256
            1391    -609.975E-12    -332.474E-12         2.08617
            1392    -143.517E-12    -875.919E-12    -329.792E-03
            1393     95.9277E-12    -249.522E-12    -772.641E-03
            1394    -417.165E-12    -539.994E-12     287.084E-03
            1395    -149.094E-12    -1.16331E-09        -1.64269
            1396    -681.818E-12    -540.136E-12         1.78485
            1397    -203.535E-12    -1.35762E-09        -1.98817
            1398     105.177E-12    -251.126E-12    -917.540E-03
            1399    -222.661E-12     14.8125E-12         1.39042
            1400     143.628E-12    -228.584E-12        -1.76358
            1401     131.013E-12    -311.283E-12        -1.26274
            1402    -205.643E-12    -974.825E-12    -802.198E-03
            1403    -756.614E-12    -567.624E-12         2.14623
            1404    -956.542E-12    -627.684E-12         3.24196
            1405    -134.688E-12    -1.36929E-09        -2.89233
            1406    -213.743E-12     62.5697E-12         2.93937
            1407    -194.314E-12    -1.12326E-09        -1.25668
            1408    -205.876E-12     91.2974E-12         4.58463
            1409    -711.365E-12    -326.959E-12         3.32799
            1410    -260.238E-12    -3.81016E-12         2.10822
            1411    -185.914E-12     111.244E-12         5.81907
            1412    -185.593E-12     118.056E-12         6.30576
            1413     222.556E-12    -272.986E-12        -3.23328
            1414    -837.530E-12    -242.872E-12         6.94029
            1415    -295.539E-12    -40.3321E-12         2.97627
            1416    -89.5977E-12    -193.187E-12     136.733E-03
            1417    -232.817E-12    -219.726E-12    -916.942E-03
            1418    -330.382E-12    -565.128E-12    -103.299E-03
            1419    -31.2309E-12    -515.843E-12     814.677E-03
            1420    -344.708E-12    -558.868E-12    -55.1707E-03
            1421    -303.879E-12    -284.360E-12    -546.306E-03
            1422    -60.0011E-12    -572.418E-12     675.202E-03
            1423    -213.858E-12    -121.540E-12    -685.678E-03
            1424     3.61036E-12    -247.161E-12     67.2450E-03
            1425    -309.296E-12    -586.250E-12    -67.4494E-03
            1426    -345.468E-12    -313.837E-12    -303.842E-03
            1427    -80.3737E-12    -208.768E-12     150.662E-03
            1428    -224.555E-12    -192.743E-12    -913.966E-03
            1429     73.8384E-12    -352.004E-12    -99.4387E-03
            1430    -400.737E-12    -350.932E-12     47.9956E-03
            1431    -370.796E-12    -544.853E-12     37.6242E-03
            1432    -236.203E-12    -779.666E-12    -330.434E-03
            1433    -128.181E-12    -149.306E-12     126.451E-03
            1434    -247.053E-12    -231.276E-12    -839.552E-03
            1435     7.63209E-12    -446.888E-12     943.932E-03
            1436    -24.2726E-12    -233.492E-12     133.104E-03
            1437    -213.998E-12    -138.405E-12    -807.261E-03
            1438    -272.095E-12    -255.552E-12    -712.641E-03
            1439    -275.497E-12    -643.982E-12    -81.8505E-03
            1440    -107.947E-12    -175.528E-12     118.849E-03
            1441     23.1079E-12    -420.080E-12     826.720E-03
            1442    -253.337E-12    -699.423E-12    -141.411E-03
            1443    -323.895E-12    -571.520E-12    -95.5231E-03
            1444    -174.214E-12    -105.040E-12     234.221E-03
            1445    -17.4544E-12    -486.298E-12     926.398E-03
            1446     49.9858E-12    -381.474E-12     394.032E-03
            1447    -444.119E-12    -346.487E-12     412.424E-03
            1448    -194.465E-12    -76.5423E-12     431.795E-03
            1449    -8.22118E-12    -465.378E-12     969.001E-03
            1450    -88.2435E-12    -633.375E-12     526.995E-03
            1451    -45.2854E-12    -221.431E-12     152.940E-03
            1452    -216.071E-12    -157.812E-12    -879.096E-03
            1453     37.8639E-12    -402.429E-12     651.469E-03
            1454    -295.928E-12    -605.833E-12    -63.5780E-03
            1455     64.3659E-12    -255.583E-12    -345.602E-03
            1456     78.7424E-12    -265.831E-12    -482.489E-03
            1457     29.4385E-12    -259.237E-12    -40.6047E-03
            1458    -570.170E-12    -354.713E-12         1.54174
            1459    -215.997E-12    -61.3402E-12    -103.096E-03
            1460    -113.282E-12    -692.667E-12     362.511E-03
            1461    -202.848E-12    -55.1438E-12     769.194E-03
            1462    -214.520E-12    -92.2115E-12    -462.938E-03
            1463    -397.670E-12    -537.582E-12     166.258E-03
            1464    -148.500E-12    -134.060E-12     136.249E-03
            1465    -136.138E-12    -788.840E-12     23.5877E-03
            1466    -218.424E-12    -25.4536E-12     481.032E-03
            1467    -482.276E-12    -520.228E-12     614.687E-03
            1468    -152.959E-12    -919.403E-12    -487.309E-03
            1469    -182.619E-12    -1.28774E-09        -1.87540
            1470    -195.836E-12    -1.02966E-09    -948.002E-03
            1471     93.1945E-12    -259.472E-12    -702.384E-03
            1472    -225.201E-12    -2.71227E-12         1.04584
            1473    -154.951E-12    -1.06890E-09        -1.14445
            1474    -610.528E-12    -521.719E-12         1.38448
            1475     128.165E-12    -244.331E-12        -1.36469
            1476    -220.201E-12    -861.028E-12    -498.441E-03
            1477    -433.894E-12    -528.883E-12     348.547E-03
            1478     173.284E-12    -218.368E-12        -2.56445
            1479     103.119E-12    -322.099E-12    -683.032E-03
            1480    -222.811E-12    -1.48667E-09        -2.34338
            1481    -148.239E-12    -1.26594E-09        -2.14806
            1482    -242.287E-12    -16.2917E-12         1.65563
            1483    -673.903E-12    -352.669E-12         2.64299
            1484    -752.935E-12    -548.831E-12         2.23511
            1485    -184.921E-12    -1.16592E-09        -1.42296
            1486     175.956E-12    -282.740E-12        -2.21848
            1487    -124.609E-12    -1.49604E-09        -3.78206
            1488    -223.675E-12     44.5976E-12         2.28466
            1489    -945.142E-12    -589.002E-12         3.48179
            1490    -1.07995E-09    -721.790E-12         3.49163
            1491    -218.061E-12     90.7009E-12         5.36946
            1492    -183.752E-12     178.293E-12         10.6335
            1493    -222.626E-12     72.3574E-12         3.54839
            1494    -790.909E-12    -349.953E-12         4.08149
            1495    -279.275E-12     10.5136E-12         2.70216
            1496    -843.800E-12    -283.503E-12         6.02223
            1497    -809.227E-12    -200.548E-12         7.60140
            1498    -230.832E-12    -79.6320E-12         1.98970
            1499    -172.395E-12     145.040E-12         8.90116
            1500    -307.638E-12    -581.183E-12    -65.2473E-03
            1501    -239.368E-12    -229.493E-12    -894.129E-03
            1502    -137.453E-12    -147.815E-12     112.440E-03
            1503    -98.9741E-12    -190.508E-12     125.791E-03
            1504    -56.7144E-12    -552.264E-12     780.231E-03
            1505    -335.440E-12    -561.835E-12    -93.9881E-03
            1506     38.7728E-12    -394.054E-12     583.352E-03
            1507    -12.3796E-12    -247.630E-12     128.819E-03
            1508    -213.855E-12    -129.861E-12    -752.722E-03
            1509    -317.659E-12    -302.433E-12    -487.686E-03
            1510     17.8528E-12    -427.392E-12     874.448E-03
            1511    -354.410E-12    -330.558E-12    -268.272E-03
            1512    -226.826E-12    -805.897E-12    -344.363E-03
            1513    -255.151E-12    -681.099E-12    -74.3993E-03
            1514     54.8946E-12    -372.380E-12     281.638E-03
            1515    -208.860E-12    -892.194E-12    -529.472E-03
            1516    -79.9956E-12    -607.715E-12     614.748E-03
            1517    -160.765E-12    -119.822E-12     176.415E-03
            1518    -810.946E-15    -455.567E-12     963.000E-03
            1519    -426.713E-12    -364.266E-12     233.885E-03
            1520    -43.0085E-12    -237.770E-12     176.436E-03
            1521    -215.845E-12    -161.706E-12    -867.053E-03
            1522    -188.264E-12    -90.0085E-12     303.525E-03
            1523    -318.523E-12    -571.770E-12    -100.525E-03
            1524    -17.5776E-12    -477.875E-12     964.992E-03
            1525    -487.144E-12    -359.485E-12     750.129E-03
            1526    -294.908E-12    -597.578E-12    -33.6242E-03
            1527    -214.108E-12    -113.436E-12    -604.988E-03
            1528    -350.984E-12    -551.118E-12    -51.1236E-03
            1529    -30.5214E-12    -505.231E-12     895.494E-03
            1530     15.7270E-12    -258.821E-12     39.2808E-03
            1531    -287.317E-12    -618.921E-12    -58.3170E-03
            1532    -325.442E-12    -568.250E-12    -108.266E-03
            1533    -381.298E-12    -534.741E-12     61.3452E-03
            1534    -69.9105E-12    -224.187E-12     169.584E-03
            1535     37.0495E-12    -269.784E-12    -60.4281E-03
            1536    -117.172E-12    -174.235E-12     103.707E-03
            1537    -220.854E-12    -184.421E-12    -916.027E-03
            1538    -257.865E-12    -249.488E-12    -804.463E-03
            1539    -217.474E-12    -51.3791E-12     85.5937E-03
            1540    -227.391E-12    -210.766E-12    -929.565E-03
            1541    -90.2113E-12    -205.830E-12     139.614E-03
            1542    -201.310E-12    -64.2725E-12     574.082E-03
            1543    -103.761E-12    -660.768E-12     470.553E-03
            1544     27.7275E-12    -412.258E-12     765.597E-03
            1545    -221.423E-12    -30.4160E-12     524.972E-03
            1546     78.6174E-12    -277.594E-12    -443.207E-03
            1547     63.4100E-12    -272.165E-12    -284.481E-03
            1548    -129.937E-12    -723.885E-12     276.738E-03
            1549    -281.953E-12    -270.403E-12    -675.896E-03
            1550    -409.800E-12    -526.645E-12     202.342E-03
            1551    -215.175E-12    -84.2430E-12    -341.546E-03
            1552    -507.860E-12    -505.518E-12     754.755E-03
            1553    -147.763E-12    -831.729E-12    -130.165E-03
            1554    -224.393E-12    -20.0680E-12     774.931E-03
            1555     83.0042E-12    -339.421E-12    -283.042E-03
            1556    -157.667E-12    -132.643E-12     114.778E-03
            1557    -590.326E-12    -482.730E-12         1.32240
            1558    -156.622E-12    -1.01032E-09    -871.988E-03
            1559    -240.887E-12    -746.176E-12    -232.147E-03
            1560    -231.363E-12    -22.2391E-12         1.27120
            1561    -630.729E-12    -376.823E-12         2.02768
            1562    -196.360E-12    -956.077E-12    -691.768E-03
            1563    -448.200E-12    -512.836E-12     398.540E-03
            1564     111.497E-12    -257.551E-12        -1.00805
            1565    -187.367E-12    -1.07322E-09        -1.08791
            1566    -156.381E-12    -1.14601E-09        -1.49098
            1567    -666.494E-12    -521.350E-12         1.75597
            1568    -229.609E-12     25.5140E-12         1.75750
            1569     191.151E-12    -205.113E-12        -3.23897
            1570     156.729E-12    -232.999E-12        -2.02555
            1571    -185.969E-12    -1.43177E-09        -2.41327
            1572    -177.103E-12    -1.17366E-09        -1.47899
            1573     134.096E-12    -299.383E-12        -1.32238
            1574    -842.418E-12    -565.434E-12         2.79938
            1575    -1.04845E-09    -744.756E-12         2.98695
            1576    -144.953E-12    -1.38595E-09        -2.79521
            1577    -1.06703E-09    -620.970E-12         4.30788
            1578    -93.5419E-12    -1.54087E-09        -4.68560
            1579    -827.053E-12    -319.147E-12         5.04186
            1580    -311.480E-12    -15.5034E-12         3.27448
            1581    -234.525E-12     52.9041E-12         2.73014
            1582    -744.508E-12    -376.999E-12         3.23738
            1583    -258.747E-12     9.80604E-12         2.15324
            1584    -1.20055E-09    -661.806E-12         5.26532
            1585     227.530E-12    -254.820E-12        -3.47643
            1586    -239.676E-12     73.6276E-12         4.06057
            1587    -941.856E-12    -255.399E-12         8.86959
            1588    -729.466E-12    -141.677E-12         7.82833
            1589    -329.117E-12    -25.3942E-12         3.76423
            1590     270.024E-12    -1.62597E-09        -10.8967
            1591    -1.19889E-09    -1.71190E-09     516.872E-03
            1592    -210.781E-12     157.342E-12         9.17727
            1593    -3.61494E-12    -1.71103E-09        -7.56305
            1594    -182.072E-12    -100.869E-12         1.52117
            1595    -123.623E-12    -91.8450E-12         1.01374
            1596     378.545E-12    -1.54050E-09        -11.8276
            1597    -258.505E-12    -1.61556E-09        -2.62474
            1598    -44.3008E-12    -527.980E-12     846.570E-03
            1599    -327.849E-12    -560.240E-12    -127.852E-03
            1600     14.5758E-12    -426.617E-12     877.286E-03
            1601    -146.371E-12    -146.455E-12     93.0224E-03
            1602    -213.934E-12    -135.182E-12    -708.479E-03
            1603     4.53273E-12    -445.219E-12     949.118E-03
            1604     1.29406E-12    -259.169E-12     108.177E-03
            1605    -331.165E-12    -315.872E-12    -416.915E-03
            1606     66.7090E-12    -356.054E-12     37.0447E-03
            1607    -99.5153E-12    -203.187E-12     124.569E-03
            1608    -235.217E-12    -237.490E-12    -924.805E-03
            1609    -300.387E-12    -587.273E-12    -44.8639E-03
            1610    -310.480E-12    -575.637E-12    -81.6788E-03
            1611    -359.000E-12    -541.653E-12    -40.7045E-03
            1612    -244.680E-12    -700.714E-12    -71.0012E-03
            1613    -203.567E-12    -857.535E-12    -366.675E-03
            1614    -80.9556E-12    -220.927E-12     159.366E-03
            1615    -293.462E-12    -289.615E-12    -636.943E-03
            1616    -383.283E-12    -363.043E-12    -99.8831E-03
            1617    -223.524E-12    -203.210E-12    -930.462E-03
            1618    -219.357E-12    -812.713E-12    -313.254E-03
            1619    -136.016E-12    -160.033E-12     82.9267E-03
            1620    -266.101E-12    -648.705E-12    -26.5417E-03
            1621    -271.165E-12    -268.774E-12    -752.232E-03
            1622    -459.555E-12    -380.229E-12     469.985E-03
            1623    -30.1407E-12    -247.116E-12     174.021E-03
            1624    -214.880E-12    -152.529E-12    -825.378E-03
            1625    -255.018E-12    -258.716E-12    -843.779E-03
            1626    -182.982E-12    -103.687E-12     196.116E-03
            1627     33.1022E-12    -403.433E-12     684.138E-03
            1628    -107.977E-12    -188.294E-12     111.201E-03
            1629    -17.7325E-12    -468.721E-12     981.855E-03
            1630     48.5638E-12    -277.383E-12    -125.057E-03
            1631    -201.505E-12    -74.1985E-12     384.686E-03
            1632    -95.0106E-12    -637.762E-12     540.420E-03
            1633    -29.1616E-12    -493.286E-12     948.633E-03
            1634    -215.994E-12    -76.0025E-12    -200.828E-03
            1635    -318.414E-12    -567.209E-12    -117.723E-03
            1636    -286.633E-12    -612.341E-12    -28.2654E-03
            1637     12.6970E-12    -270.247E-12     89.1413E-03
            1638    -55.7666E-12    -227.797E-12     172.085E-03
            1639    -218.133E-12    -176.147E-12    -902.494E-03
            1640     43.5826E-12    -384.079E-12     476.357E-03
            1641    -533.908E-12    -378.902E-12         1.11179
            1642    -119.675E-12    -688.195E-12     399.652E-03
            1643    -214.333E-12    -105.833E-12    -511.897E-03
            1644    -390.311E-12    -524.010E-12     83.3511E-03
            1645    -220.385E-12    -35.6999E-12         1.01425
            1646    -221.595E-12    -36.8722E-12     567.508E-03
            1647    -141.062E-12    -759.396E-12     149.005E-03
            1648     60.5623E-12    -288.929E-12    -193.659E-03
            1649    -219.058E-12    -40.8609E-12     297.726E-03
            1650    -157.842E-12    -871.395E-12    -281.023E-03
            1651    -416.429E-12    -514.919E-12     216.047E-03
            1652    -338.872E-12    -557.077E-12    -93.6949E-03
            1653    -69.2387E-12    -579.071E-12     702.238E-03
            1654    -166.189E-12    -131.709E-12     83.4029E-03
            1655    -534.072E-12    -488.915E-12     927.662E-03
            1656    -160.718E-12    -959.914E-12    -642.240E-03
            1657    -187.271E-12    -1.00726E-09    -845.727E-03
            1658     95.1386E-12    -268.225E-12    -705.092E-03
            1659    -474.947E-12    -496.747E-12     545.114E-03
            1660    -230.496E-12     6.65159E-12         1.34379
            1661    -160.718E-12    -1.04922E-09        -1.02437
            1662    -648.925E-12    -500.931E-12         1.69844
            1663     139.439E-12    -252.732E-12        -1.56524
            1664     185.702E-12    -225.337E-12        -2.79712
            1665    -181.585E-12    -1.09912E-09        -1.18261
            1666     94.4254E-12    -322.603E-12    -512.788E-03
            1667    -169.569E-12    -1.30848E-09        -2.07759
            1668     207.060E-12    -214.071E-12        -3.53790
            1669    -693.805E-12    -399.900E-12         2.52407
            1670    -245.887E-12    -3.28602E-12         1.69116
            1671    -157.021E-12    -1.24604E-09        -1.94578
            1672    -738.713E-12    -526.215E-12         2.24787
            1673    -138.700E-12    -1.52926E-09        -3.67248
            1674     275.143E-12    -247.831E-12        -4.69853
            1675    -711.502E-12    -109.207E-12         8.71980
            1676    -238.119E-12     32.6850E-12         2.10131
            1677    -197.040E-12    -1.58544E-09        -2.96007
            1678     185.760E-12    -266.496E-12        -2.48421
            1679    -107.377E-12    -1.64162E-09        -5.05246
            1680    -880.342E-12    -384.873E-12         4.80982
            1681    -296.321E-12     23.0241E-12         3.43661
            1682    -1.23625E-09    -816.011E-12         4.14622
            1683    -917.036E-12    -545.162E-12         3.58806
            1684    -1.39143E-09    -1.60295E-09         1.55897
            1685    -247.731E-12     54.9606E-12         3.10504
            1686    -359.521E-12    -1.61535E-09        -2.10457
            1687    -1.14158E-09    -575.419E-12         5.56471
            1688    -260.302E-12     65.9368E-12         4.39963
            1689    -819.583E-12    -408.282E-12         3.79772
            1690    -1.40572E-09    -833.332E-12         5.70785
            1691    -271.962E-12     24.6821E-12         2.72403
            1692    -1.10850E-09    -1.98648E-09    -444.131E-03
            1693     173.462E-12    -198.662E-12        -2.85649
            1694     570.671E-12    -1.46639E-09        -14.5072
            1695    -282.331E-12    -290.555E-12    -714.898E-03
            1696    -243.036E-12    -248.797E-12    -900.555E-03
            1697    -90.8128E-12    -217.911E-12     144.516E-03
            1698    -229.724E-12    -228.652E-12    -935.187E-03
            1699    -108.243E-12    -200.924E-12     106.258E-03
            1700    -300.235E-12    -579.459E-12    -54.6954E-03
            1701    -214.251E-12    -144.070E-12    -772.533E-03
            1702    -255.610E-12    -664.894E-12    -15.0783E-03
            1703    -364.053E-12    -372.197E-12    -244.059E-03
            1704     35.5122E-12    -393.515E-12     601.384E-03
            1705    -7.97976E-12    -456.088E-12     974.524E-03
            1706    -178.331E-12    -117.474E-12     109.548E-03
            1707     8.51161E-12    -431.150E-12     904.634E-03
            1708     52.9008E-12    -370.704E-12     296.453E-03
            1709    -333.303E-12    -557.745E-12    -116.519E-03
            1710    -154.836E-12    -145.338E-12     67.0127E-03
            1711    -69.7952E-12    -561.711E-12     791.094E-03
            1712    -405.290E-12    -378.471E-12     48.1576E-03
            1713    -495.300E-12    -399.971E-12     727.602E-03
            1714    -195.512E-12    -88.7374E-12     251.544E-03
            1715     22.5490E-12    -280.816E-12     71.7211E-03
            1716    -213.701E-12    -126.899E-12    -633.295E-03
            1717    -284.763E-12    -597.500E-12     1.82272E-03
            1718    -43.8304E-12    -254.163E-12     209.934E-03
            1719    -577.290E-15    -270.843E-12     149.834E-03
            1720     44.5391E-12    -290.870E-12    -40.8240E-03
            1721    -216.521E-12    -174.581E-12    -873.075E-03
            1722    -216.683E-12    -67.3993E-12    -39.6733E-03
            1723    -367.034E-12    -530.739E-12    -28.4570E-03
            1724    -42.9166E-12    -512.249E-12     917.386E-03
            1725    -28.2715E-12    -481.990E-12     976.496E-03
            1726    -311.356E-12    -570.616E-12    -99.6802E-03
            1727    -275.363E-12    -622.072E-12     2.83995E-03
            1728     16.9522E-12    -421.354E-12     847.158E-03
            1729     68.5540E-12    -295.914E-12    -252.459E-03
            1730    -322.543E-12    -561.886E-12    -134.011E-03
            1731    -125.193E-12    -185.280E-12     70.0639E-03
            1732    -264.755E-12    -276.287E-12    -806.972E-03
            1733    -209.699E-12    -57.7703E-12     562.302E-03
            1734    -71.6644E-12    -236.345E-12     183.718E-03
            1735    -108.285E-12    -654.665E-12     510.338E-03
            1736    -220.610E-12    -197.836E-12    -920.952E-03
            1737    -174.050E-12    -131.345E-12     41.0664E-03
            1738    -193.883E-12    -906.389E-12    -496.615E-03
            1739    -135.532E-12    -706.439E-12     344.913E-03
            1740    -214.636E-12    -98.5322E-12    -405.770E-03
            1741    -152.632E-12    -794.566E-12     18.6064E-03
            1742    -397.235E-12    -513.352E-12     95.9873E-03
            1743    -144.406E-12    -158.846E-12     58.9215E-03
            1744     96.2668E-12    -277.760E-12    -693.655E-03
            1745    -430.104E-12    -498.947E-12     266.232E-03
            1746    -166.390E-12    -911.845E-12    -441.607E-03
            1747    -307.335E-12    -313.134E-12    -578.410E-03
            1748    -219.335E-12    -47.2834E-12     347.426E-03
            1749    -230.155E-12    -755.564E-12    -174.414E-03
            1750    -228.750E-12    -11.3412E-12         1.02768
            1751    -340.754E-12    -547.717E-12    -114.216E-03
            1752    -93.2942E-12    -620.494E-12     611.079E-03
            1753    -472.009E-12    -452.523E-12     511.419E-03
            1754     78.4137E-12    -338.601E-12    -201.466E-03
            1755    -198.020E-12    -824.283E-12    -216.167E-03
            1756    -559.112E-12    -469.512E-12         1.11880
            1757    -166.368E-12    -1.00690E-09    -828.699E-03
            1758    -179.427E-12    -1.05951E-09        -1.03264
            1759    -230.290E-12    -20.8899E-12         1.14628
            1760    -645.027E-12    -422.081E-12         1.94202
            1761     115.319E-12    -267.011E-12        -1.04607
            1762    -163.133E-12    -1.11500E-09        -1.30176
            1763    -658.621E-12    -61.6569E-12         9.40099
            1764    -715.310E-12    -501.250E-12         2.19212
            1765    -165.245E-12    -1.20017E-09        -1.65849
            1766     206.680E-12    -194.812E-12        -4.06818
            1767     164.142E-12    -246.595E-12        -2.12161
            1768    -237.884E-12     12.9574E-12         1.62302
            1769     219.955E-12    -224.797E-12        -3.67107
            1770     111.495E-12    -305.047E-12    -866.266E-03
            1771    -315.056E-12    -1.73594E-09        -2.79892
            1772    -156.484E-12    -1.37073E-09        -2.52856
            1773    -168.904E-12    -1.48498E-09        -2.85279
            1774    -375.683E-12    -1.84177E-09        -2.88013
            1775    -872.797E-12    -501.587E-12         3.53804
            1776    -819.236E-12    -461.405E-12         3.33589
            1777    -128.809E-12    -1.69091E-09        -4.84389
            1778     150.997E-12    -278.563E-12        -1.70191
            1779    -254.309E-12     14.8445E-12         2.07088
            1780     221.590E-12    -186.042E-12        -5.06127
            1781     226.594E-12    -239.061E-12        -3.64549
            1782    -249.688E-12     35.3276E-12         2.39699
            1783    -1.20098E-09    -850.575E-12         3.46328
            1784    -931.125E-12    -353.656E-12         6.05645
            1785    -1.37492E-09    -1.35048E-09         2.13760
            1786    -341.984E-12     1.43766E-12         4.41402
            1787    -973.870E-12    -434.140E-12         5.36768
            1788    -282.246E-12     39.8544E-12         3.48580
            1789    -853.488E-12    -1.87249E-09        -1.06756
            1790     266.887E-12    -228.604E-12        -4.80401
            1791    -59.8600E-12    -537.352E-12     864.977E-03
            1792    -319.847E-12    -554.638E-12    -158.602E-03
            1793     8.83419E-12    -425.671E-12     880.922E-03
            1794    -213.365E-12    -148.568E-12    -719.233E-03
            1795    -14.0726E-12    -271.980E-12     198.872E-03
            1796     64.0263E-12    -353.564E-12     69.0863E-03
            1797    -347.259E-12    -353.731E-12    -347.557E-03
            1798    -295.679E-12    -584.178E-12    -35.7220E-03
            1799    -236.704E-12    -254.260E-12    -924.172E-03
            1800    -348.574E-12    -537.262E-12    -106.074E-03
            1801    -108.720E-12    -213.628E-12     103.675E-03
            1802     31.1864E-12    -291.632E-12     59.2782E-03
            1803    -302.756E-12    -573.986E-12    -73.5852E-03
            1804    -273.647E-12    -293.773E-12    -770.974E-03
            1805    -82.1547E-12    -232.816E-12     169.338E-03
            1806    -225.406E-12    -221.451E-12    -934.334E-03
            1807    -382.857E-12    -389.567E-12    -117.995E-03
            1808    -190.592E-12    -102.889E-12     142.295E-03
            1809    -152.261E-12    -157.838E-12     30.4827E-03
            1810    -7.62818E-12    -448.926E-12     965.628E-03
            1811    -264.535E-12    -637.054E-12     19.3186E-03
            1812    -251.789E-12    -267.106E-12    -871.454E-03
            1813    -116.462E-12    -198.744E-12     85.0646E-03
            1814    -41.7753E-12    -264.592E-12     231.799E-03
            1815    -331.416E-12    -550.812E-12    -142.409E-03
            1816    -215.165E-12    -167.014E-12    -835.689E-03
            1817     25.2318E-12    -399.459E-12     692.266E-03
            1818    -83.3968E-12    -573.214E-12     777.735E-03
            1819    -28.1817E-12    -471.591E-12     984.104E-03
            1820    -162.721E-12    -144.882E-12     32.7127E-03
            1821    -205.846E-12    -73.9930E-12     319.495E-03
            1822    -214.709E-12    -91.6529E-12    -286.067E-03
            1823    -181.051E-12    -131.663E-12    -12.4033E-03
            1824    -133.419E-12    -184.663E-12     42.3529E-03
            1825    -102.274E-12    -620.268E-12     632.966E-03
            1826     10.1545E-12    -281.300E-12     138.184E-03
            1827    -279.354E-12    -609.955E-12     9.19955E-03
            1828    -217.860E-12    -58.0224E-12     142.364E-03
            1829    -39.9764E-12    -496.890E-12     959.339E-03
            1830    -236.306E-12    -691.623E-12     15.5772E-03
            1831     78.8004E-12    -295.430E-12    -380.064E-03
            1832    -217.203E-12    -52.4295E-12     418.674E-03
            1833    -311.262E-12    -565.326E-12    -119.616E-03
            1834    -533.790E-12    -427.516E-12     994.305E-03
            1835     39.7870E-12    -381.425E-12     488.787E-03
            1836    -125.249E-12    -678.120E-12     444.695E-03
            1837    -145.809E-12    -733.887E-12     244.405E-03
            1838    -213.592E-12    -119.624E-12    -550.177E-03
            1839     124.832E-12    -287.805E-12        -1.16361
            1840    -374.897E-12    -519.699E-12    -15.2985E-03
            1841    -60.4043E-12    -240.553E-12     193.067E-03
            1842    -221.197E-12    -760.780E-12    -128.001E-03
            1843    -218.744E-12    -195.022E-12    -904.141E-03
            1844    -188.929E-12    -862.927E-12    -312.130E-03
            1845    -219.880E-12    -37.7768E-12     886.250E-03
            1846    -184.775E-12    -956.287E-12    -647.190E-03
            1847    -416.294E-12    -505.567E-12     191.854E-03
            1848    -163.508E-12    -828.199E-12    -116.550E-03
            1849    -290.610E-12    -309.568E-12    -682.778E-03
            1850    -434.557E-12    -465.649E-12     259.282E-03
            1851    -218.465E-12    -44.9416E-12     593.829E-03
            1852    -322.085E-12    -341.440E-12    -508.572E-03
            1853    -517.468E-12    -457.630E-12     828.695E-03
            1854    -172.658E-12    -957.784E-12    -628.222E-03
            1855     112.174E-12    -280.728E-12    -950.723E-03
            1856    -665.286E-12    -456.332E-12         1.97965
            1857    -245.712E-12     15.5822E-12         1.86855
            1858    -172.671E-12    -1.12748E-09        -1.31054
            1859     94.3215E-12    -310.720E-12    -548.242E-03
            1860    -429.600E-12    -394.937E-12     219.622E-03
            1861    -790.517E-12    -501.761E-12         2.79847
            1862     190.935E-12    -236.505E-12        -2.82397
            1863     159.620E-12    -261.451E-12        -1.95112
            1864    -762.250E-12    -73.0125E-12         12.4275
            1865    -239.540E-12    -2.78621E-12         1.47896
            1866    -153.970E-12    -1.52507E-09        -3.32334
            1867    -233.712E-12    -5.47366E-12         1.26537
            1868    -965.771E-12    -500.618E-12         4.47047
            1869     191.966E-12    -181.273E-12        -4.41431
            1870    -261.251E-12     32.9736E-12         2.62437
            1871     310.969E-12    -223.558E-12        -6.19801
            1872     230.352E-12    -202.814E-12        -4.48103
            1873    -757.878E-12    -427.257E-12         2.98536
            1874    -172.736E-12    -1.65776E-09        -3.64123
            1875    -265.300E-12     50.8195E-12         3.37721
            1876    -119.055E-12    -1.84480E-09        -6.30437
            1877    -1.05063E-09    -412.707E-12         6.85090
            1878    -324.008E-12     26.6677E-12         5.30623
            1879    -281.106E-12    -307.641E-12    -738.524E-03
            1880    -249.982E-12    -277.757E-12    -883.390E-03
            1881    -92.0196E-12    -594.761E-12     711.788E-03
            1882    -116.829E-12    -210.955E-12     78.9246E-03
            1883    -100.341E-12    -226.495E-12     129.647E-03
            1884    -231.234E-12    -245.769E-12    -931.430E-03
            1885    -293.067E-12    -576.743E-12    -41.9251E-03
            1886    -333.776E-12    -538.397E-12    -167.507E-03
            1887    -27.5939E-12    -273.902E-12     236.379E-03
            1888    -214.103E-12    -159.909E-12    -782.397E-03
            1889    -159.339E-12    -157.794E-12    -4.40341E-03
            1890    -345.681E-12    -381.243E-12    -365.000E-03
            1891    -150.076E-12    -170.031E-12     2.31024E-03
            1892    -362.549E-12    -399.321E-12    -253.482E-03
            1893    -201.772E-12    -763.519E-12    -21.8769E-03
            1894    -185.775E-12    -117.088E-12     56.1684E-03
            1895    -214.550E-12    -85.0257E-12    -151.472E-03
            1896     19.2610E-12    -291.560E-12     130.023E-03
            1897    -307.916E-12    -332.351E-12    -593.544E-03
            1898    -972.471E-15    -431.205E-12     911.289E-03
            1899    -201.208E-12    -87.2795E-12     197.392E-03
            1900     29.6237E-12    -389.446E-12     606.070E-03
            1901    -20.1869E-12    -461.288E-12     981.583E-03
            1902    -170.012E-12    -145.129E-12    -11.1524E-03
            1903     49.5445E-12    -367.413E-12     313.985E-03
            1904    -244.972E-12    -663.310E-12     53.5944E-03
            1905    -2.06048E-12    -282.236E-12     192.293E-03
            1906    -212.873E-12    -140.173E-12    -650.950E-03
            1907    -355.483E-12    -526.106E-12    -101.459E-03
            1908    -283.718E-12    -588.603E-12     4.84872E-03
            1909    -53.1974E-12    -513.957E-12     930.333E-03
            1910     10.0602E-12    -419.207E-12     847.736E-03
            1911    -267.978E-12    -617.096E-12     47.8029E-03
            1912    -268.784E-12    -300.789E-12    -801.867E-03
            1913    -38.6770E-12    -484.139E-12     976.706E-03
            1914    -124.397E-12    -197.017E-12     60.6512E-03
            1915    -53.9090E-12    -265.848E-12     241.306E-03
            1916    -211.885E-12    -60.0206E-12     448.558E-03
            1917    -314.495E-12    -554.443E-12    -161.797E-03
            1918    -303.753E-12    -568.294E-12    -94.5308E-03
            1919    -215.325E-12    -182.280E-12    -842.116E-03
            1920    -78.6834E-12    -556.694E-12     827.142E-03
            1921    -113.994E-12    -648.348E-12     542.304E-03
            1922    -157.124E-12    -760.225E-12     138.601E-03
            1923    -213.332E-12    -113.162E-12    -458.404E-03
            1924    -140.303E-12    -690.916E-12     396.895E-03
            1925    -74.0671E-12    -248.521E-12     199.074E-03
            1926     47.6676E-12    -305.935E-12    -2.46663E-03
            1927    -222.156E-12    -215.783E-12    -923.463E-03
            1928    -173.106E-12    -864.096E-12    -267.227E-03
            1929    -193.019E-12    -791.960E-12    -76.6254E-03
            1930    -400.415E-12    -469.976E-12     44.0661E-03
            1931    -321.894E-12    -545.960E-12    -180.446E-03
            1932    -215.597E-12    -63.1990E-12     223.745E-03
            1933    -180.262E-12    -908.878E-12    -452.694E-03
            1934    -430.516E-12    -437.751E-12     219.488E-03
            1935    -212.339E-12    -65.2328E-12     321.598E-03
            1936    -327.627E-12    -360.717E-12    -478.205E-03
            1937     93.9274E-12    -289.177E-12    -618.239E-03
            1938    -453.349E-12    -413.029E-12     386.554E-03
            1939    -226.135E-12    -726.361E-12    -38.8956E-03
            1940     134.489E-12    -270.644E-12        -1.39657
            1941    -469.968E-12    -432.281E-12     503.765E-03
            1942    -176.786E-12    -1.00973E-09    -836.771E-03
            1943    -604.764E-12    -449.335E-12         1.50776
            1944     63.0498E-12    -349.923E-12     67.4680E-03
            1945     36.3100E-12    -304.741E-12     79.7951E-03
            1946    -227.484E-12    -23.1447E-12     978.607E-03
            1947    -401.865E-12    -406.290E-12     13.2524E-03
            1948     104.769E-12    -295.605E-12    -772.371E-03
            1949     82.7815E-12    -325.442E-12    -313.341E-03
            1950    -1.02550E-09    -560.084E-12         4.49889
            1951     250.794E-12    -214.496E-12        -4.74054
            1952     331.847E-12    -245.137E-12        -6.19028
            1953    -76.3187E-12    -1.80893E-09        -7.11959
            1954    -150.675E-12    -1.69344E-09        -4.30783
            1955    -792.721E-12    -117.939E-12         10.8285
            1956    -724.688E-12    -19.9587E-12         14.1915
            1957    -287.490E-12     50.9476E-12         4.49746
            1958    -220.310E-12    -1.73743E-09        -3.44323
            1959    -702.448E-12    -442.770E-12         2.36275
            1960    -141.556E-12    -184.206E-12     9.07781E-03
            1961    -307.352E-12    -348.202E-12    -598.726E-03
            1962    -339.822E-12    -530.980E-12    -161.711E-03
            1963    -293.123E-12    -325.258E-12    -676.282E-03
            1964     605.272E-15    -424.103E-12     880.092E-03
            1965    -155.946E-12    -170.309E-12    -28.7334E-03
            1966    -212.418E-12    -160.564E-12    -717.108E-03
            1967    -14.2693E-12    -283.407E-12     235.174E-03
            1968    -289.614E-12    -581.340E-12    -22.3263E-03
            1969     54.2051E-12    -355.383E-12     196.576E-03
            1970    -243.093E-12    -278.969E-12    -902.196E-03
            1971    -109.094E-12    -227.456E-12     105.049E-03
            1972    -344.941E-12    -408.603E-12    -354.752E-03
            1973    -190.873E-12    -763.588E-12     28.9413E-03
            1974    -67.2400E-12    -531.734E-12     891.903E-03
            1975    -317.054E-12    -547.499E-12    -182.444E-03
            1976    -102.376E-12    -598.573E-12     707.190E-03
            1977    -295.217E-12    -571.387E-12    -62.4898E-03
            1978    -166.132E-12    -158.889E-12    -49.0395E-03
            1979    -187.182E-12    -132.808E-12    -75.8973E-03
            1980    -84.1312E-12    -244.667E-12     179.973E-03
            1981    -212.829E-12    -107.305E-12    -358.312E-03
            1982    -197.677E-12    -101.905E-12     73.7710E-03
            1983    -226.821E-12    -238.924E-12    -928.418E-03
            1984    -257.278E-12    -291.424E-12    -854.746E-03
            1985    -123.856E-12    -207.973E-12     54.7340E-03
            1986    -208.221E-12    -74.3517E-12     263.970E-03
            1987    -279.541E-12    -320.493E-12    -749.338E-03
            1988    -40.9697E-12    -276.666E-12     262.030E-03
            1989    -260.622E-12    -628.883E-12     59.4559E-03
            1990    -213.832E-12    -176.131E-12    -800.769E-03
            1991     23.3238E-12    -394.268E-12     665.643E-03
            1992    -38.4364E-12    -472.527E-12     975.492E-03
            1993    -20.1608E-12    -452.037E-12     967.321E-03
            1994     7.84411E-12    -291.780E-12     186.555E-03
            1995     57.5483E-12    -310.963E-12    -69.4627E-03
            1996    -327.438E-12    -542.988E-12    -175.881E-03
            1997    -330.896E-12    -391.467E-12    -448.356E-03
            1998    -274.374E-12    -604.208E-12     36.9578E-03
            1999    -89.6728E-12    -567.718E-12     798.050E-03
            2000    -149.097E-12    -709.197E-12     324.424E-03
            2001     79.4082E-12    -316.041E-12    -303.152E-03
            2002    -50.5021E-12    -498.278E-12     958.415E-03
            2003    -130.870E-12    -666.948E-12     480.647E-03
            2004    -361.599E-12    -512.158E-12    -102.173E-03
            2005    -212.275E-12    -133.716E-12    -578.574E-03
            2006     33.1966E-12    -382.250E-12     538.444E-03
            2007    -402.943E-12    -445.998E-12     37.7637E-03
            2008    -168.852E-12    -786.972E-12     24.0182E-03
            2009     24.7913E-12    -303.929E-12     149.907E-03
            2010    -371.103E-12    -475.379E-12    -124.244E-03
            2011    -303.354E-12    -555.815E-12    -142.324E-03
            2012    -63.5773E-12    -252.137E-12     212.353E-03
            2013    -418.368E-12    -422.527E-12     131.810E-03
            2014    -219.668E-12    -40.1187E-12     752.353E-03
            2015    -211.143E-12    -75.3143E-12     173.022E-03
            2016    -219.467E-12    -210.646E-12    -903.854E-03
            2017    -236.659E-12    -671.495E-12     74.4898E-03
            2018     72.2701E-12    -307.839E-12    -246.118E-03
            2019    -377.738E-12    -416.257E-12    -146.852E-03
            2020    -209.280E-12    -736.442E-12     26.9360E-03
            2021     37.4579E-12    -318.449E-12     135.902E-03
            2022    -213.860E-12    -78.7858E-12     5.24519E-03
            2023     70.6121E-12    -329.655E-12    -125.864E-03
            2024    -183.763E-12    -1.83325E-09        -4.45444
            2025     283.831E-12    -205.558E-12        -5.99828
            2026    -1.15975E-09    -496.012E-12         7.00272
            2027    -266.059E-12    -1.87990E-09        -3.74710
            2028     363.526E-12    -222.230E-12        -7.85672
            2029    -162.080E-12    -172.612E-12    -73.8627E-03
            2030    -317.443E-12    -538.369E-12    -208.788E-03
            2031    -104.105E-12    -581.685E-12     753.257E-03
            2032    -81.8593E-12    -548.733E-12     848.452E-03
            2033    -249.176E-12    -289.008E-12    -882.904E-03
            2034    -118.561E-12    -222.725E-12     70.7510E-03
            2035    -285.006E-12    -575.377E-12    -19.3307E-03
            2036    -101.685E-12    -235.663E-12     131.524E-03
            2037    -331.995E-12    -523.530E-12    -210.373E-03
            2038    -63.2097E-12    -513.501E-12     929.814E-03
            2039     14.2322E-12    -302.463E-12     199.768E-03
            2040    -232.342E-12    -262.096E-12    -919.359E-03
            2041    -26.6966E-12    -285.197E-12     268.622E-03
            2042    -213.076E-12    -169.455E-12    -763.101E-03
            2043    -188.161E-12    -149.725E-12    -192.615E-03
            2044    -306.060E-12    -545.654E-12    -186.188E-03
            2045     65.7321E-12    -320.859E-12    -109.563E-03
            2046    -129.867E-12    -208.171E-12     29.9153E-03
            2047    -316.131E-12    -374.783E-12    -541.300E-03
            2048    -192.094E-12    -117.669E-12    -11.5579E-03
            2049    -172.478E-12    -160.242E-12    -100.468E-03
            2050    -206.360E-12    -83.2891E-12     167.690E-03
            2051    -14.5541E-12    -294.542E-12     273.973E-03
            2052    -14.4495E-12    -437.571E-12     931.091E-03
            2053     38.4709E-12    -371.867E-12     435.613E-03
            2054    -181.461E-12    -813.888E-12    -107.952E-03
            2055    -150.368E-12    -182.541E-12    -31.6892E-03
            2056    -211.640E-12    -152.765E-12    -659.965E-03
            2057    -330.473E-12    -416.896E-12    -425.511E-03
            2058    -295.956E-12    -338.149E-12    -663.817E-03
            2059     2.43656E-12    -417.918E-12     849.367E-03
            2060     24.2315E-12    -386.589E-12     611.929E-03
            2061    -277.086E-12    -581.201E-12     20.8864E-03
            2062    -29.2889E-12    -461.746E-12     975.222E-03
            2063    -240.087E-12    -651.449E-12     111.280E-03
            2064    -263.360E-12    -305.358E-12    -826.937E-03
            2065    -119.648E-12    -617.961E-12     641.015E-03
            2066    -260.118E-12    -613.831E-12     87.7943E-03
            2067    -209.088E-12    -88.1623E-12     31.6314E-03
            2068    -391.174E-12    -432.007E-12    -49.5486E-03
            2069    -49.0662E-12    -484.693E-12     965.910E-03
            2070    -211.546E-12    -128.024E-12    -499.518E-03
            2071    -378.702E-12    -458.553E-12    -101.664E-03
            2072    -136.750E-12    -657.302E-12     505.304E-03
            2073    -54.2320E-12    -278.454E-12     271.310E-03
            2074    -296.023E-12    -565.074E-12    -85.5724E-03
            2075     51.1288E-12    -347.002E-12     178.918E-03
            2076    -214.960E-12    -197.781E-12    -839.115E-03
            2077     27.1981E-12    -317.742E-12     198.979E-03
            2078    -361.408E-12    -489.812E-12    -149.452E-03
            2079    -76.4374E-12    -260.759E-12     216.021E-03
            2080    -223.095E-12    -233.018E-12    -915.660E-03
            2081    -357.737E-12    -425.333E-12    -265.328E-03
            2082    -211.888E-12    -102.773E-12    -252.744E-03
            2083    -217.611E-12    -713.835E-12     52.9971E-03
            2084    -335.786E-12    -516.571E-12    -212.171E-03
            2085    -196.391E-12    -741.240E-12     75.5973E-03
            2086     41.3889E-12    -329.295E-12     162.150E-03
            2087     416.070E-12    -290.671E-12        -7.69801
            2088     252.169E-12    -195.456E-12        -5.61199
            2089    -1.25107E-09    -498.777E-12         8.56514
            2090    -150.375E-12    -1.85995E-09        -5.42611
            2091    -147.037E-12    -198.350E-12    -44.8181E-03
            2092    -269.864E-12    -324.404E-12    -792.096E-03
            2093    -213.586E-12    -689.433E-12     146.170E-03
            2094     33.8905E-12    -363.070E-12     409.724E-03
            2095    -210.968E-12    -171.889E-12    -706.428E-03
            2096    -25.5417E-12    -295.410E-12     300.064E-03
            2097    -210.620E-12    -122.936E-12    -415.233E-03
            2098    -9.02293E-12    -426.223E-12     889.965E-03
            2099    -209.605E-12    -100.975E-12    -156.974E-03
            2100    -271.684E-12    -573.438E-12     28.3027E-03
            2101    -168.441E-12    -174.545E-12    -124.800E-03
            2102    -238.099E-12    -283.896E-12    -899.503E-03
            2103    -113.098E-12    -239.955E-12     96.0496E-03
            2104    -178.464E-12    -161.995E-12    -157.770E-03
            2105    -192.131E-12    -134.646E-12    -145.349E-03
            2106    -217.136E-12    -204.563E-12    -875.306E-03
            2107    -125.750E-12    -217.110E-12     42.5305E-03
            2108    -368.688E-12    -441.746E-12    -182.463E-03
            2109    -318.744E-12    -400.977E-12    -503.750E-03
            2110    -201.091E-12    -105.850E-12    -21.3194E-03
            2111    -288.268E-12    -568.356E-12    -49.3253E-03
            2112    -3.68849E-12    -306.794E-12     289.228E-03
            2113    -255.896E-12    -302.762E-12    -855.010E-03
            2114    -101.670E-12    -561.994E-12     799.227E-03
            2115    -314.875E-12    -526.283E-12    -246.515E-03
            2116    -96.2463E-12    -251.615E-12     161.327E-03
            2117    -76.2942E-12    -529.313E-12     892.679E-03
            2118    -227.813E-12    -255.893E-12    -913.896E-03
            2119    -39.6839E-12    -288.357E-12     294.384E-03
            2120    -213.112E-12    -190.616E-12    -796.031E-03
            2121    -310.083E-12    -541.012E-12    -204.887E-03
            2122     5.71011E-12    -407.641E-12     790.614E-03
            2123     53.2273E-12    -325.067E-12     40.6036E-03
            2124    -256.933E-12    -623.176E-12     88.3447E-03
            2125    -60.8317E-12    -498.074E-12     946.018E-03
            2126    -161.804E-12    -694.144E-12     344.406E-03
            2127    -47.9375E-12    -471.686E-12     957.305E-03
            2128    -183.052E-12    -758.525E-12     73.5516E-03
            2129    -26.5945E-12    -449.159E-12     952.618E-03
            2130    -219.916E-12    -227.224E-12    -893.975E-03
            2131    -353.046E-12    -501.598E-12    -169.893E-03
            2132    -263.707E-12    -601.866E-12     82.6173E-03
            2133    -150.450E-12    -658.566E-12     473.818E-03
            2134    -353.926E-12    -464.419E-12    -233.443E-03
            2135    -210.585E-12    -148.201E-12    -599.548E-03
            2136    -327.562E-12    -439.328E-12    -406.605E-03
            2137     26.6446E-12    -376.406E-12     534.768E-03
            2138     30.3553E-12    -330.884E-12     245.992E-03
            2139    -295.712E-12    -549.489E-12    -147.834E-03
            2140    -157.979E-12    -186.257E-12    -86.0410E-03
            2141    -226.955E-12    -656.592E-12     165.942E-03
            2142    -78.9113E-12    -273.006E-12     234.312E-03
            2143    -325.931E-12    -513.295E-12    -255.034E-03
            2144    -122.358E-12    -599.177E-12     684.379E-03
            2145     58.6555E-12    -333.967E-12     33.5101E-03
            2146     16.9071E-12    -315.805E-12     245.470E-03
            2147     316.720E-12    -203.060E-12        -7.42155
            2148    -243.413E-12    -293.097E-12    -888.159E-03
            2149    -122.021E-12    -234.616E-12     57.2148E-03
            2150    -277.987E-12    -568.815E-12    -9.11619E-03
            2151    -36.3107E-12    -298.035E-12     322.165E-03
            2152    -211.755E-12    -182.150E-12    -751.235E-03
            2153    -311.427E-12    -531.142E-12    -235.631E-03
            2154    -277.173E-12    -348.448E-12    -743.267E-03
            2155    -89.3139E-12    -545.383E-12     848.706E-03
            2156    -73.2947E-12    -512.392E-12     916.480E-03
            2157    -104.920E-12    -246.084E-12     129.609E-03
            2158    -233.300E-12    -277.650E-12    -900.816E-03
            2159    -216.970E-12    -220.778E-12    -864.018E-03
            2160    -216.905E-12    -189.196E-12    -877.358E-03
            2161    -330.236E-12    -504.254E-12    -262.139E-03
            2162    -306.119E-12    -385.297E-12    -582.477E-03
            2163    -188.420E-12    -168.027E-12    -288.677E-03
            2164    -136.556E-12    -211.570E-12    -4.91255E-03
            2165    -193.843E-12    -151.352E-12    -273.137E-03
            2166    -174.288E-12    -176.375E-12    -179.266E-03
            2167    -223.760E-12    -250.360E-12    -898.597E-03
            2168    -196.965E-12    -119.870E-12    -92.2382E-03
            2169    -204.101E-12    -94.0657E-12     64.9121E-03
            2170    -318.715E-12    -423.999E-12    -471.208E-03
            2171    -298.736E-12    -543.242E-12    -182.485E-03
            2172    -15.8739E-12    -305.669E-12     318.092E-03
            2173    -164.515E-12    -188.768E-12    -138.668E-03
            2174    -203.730E-12    -684.641E-12     208.375E-03
            2175    -214.358E-12    -213.645E-12    -826.699E-03
            2176    -349.213E-12    -448.349E-12    -284.586E-03
            2177    -319.471E-12    -520.494E-12    -253.866E-03
            2178    -154.360E-12    -200.532E-12    -93.4561E-03
            2179    -210.520E-12    -163.183E-12    -666.010E-03
            2180    -112.846E-12    -580.121E-12     743.741E-03
            2181    -26.0476E-12    -436.202E-12     911.879E-03
            2182    -2.73634E-12    -416.343E-12     843.934E-03
            2183    -292.415E-12    -368.902E-12    -661.190E-03
            2184    -209.340E-12    -143.499E-12    -528.952E-03
            2185    -267.051E-12    -588.176E-12     68.1419E-03
            2186    -132.554E-12    -632.289E-12     582.892E-03
            2187     6.66902E-12    -312.722E-12     277.076E-03
            2188     15.1684E-12    -384.211E-12     630.088E-03
            2189    -188.238E-12    -723.627E-12     165.136E-03
            2190    -37.4712E-12    -460.312E-12     959.754E-03
            2191    -160.297E-12    -666.488E-12     424.996E-03
            2192    -252.593E-12    -601.162E-12     131.916E-03
            2193    -59.0898E-12    -483.833E-12     945.120E-03
            2194    -239.428E-12    -632.378E-12     156.180E-03
            2195     18.0761E-12    -331.793E-12     317.744E-03
            2196    -287.457E-12    -553.526E-12    -101.132E-03
            2197     25.5976E-12    -342.146E-12     334.412E-03
            2198    -345.914E-12    -481.361E-12    -244.435E-03
            2199     40.6763E-12    -350.301E-12     285.390E-03
            2200    -54.4929E-12    -293.807E-12     312.122E-03
            2201    -214.158E-12    -660.470E-12     219.193E-03
            2202    -89.8062E-12    -268.406E-12     201.827E-03
            2203    -260.008E-12    -321.749E-12    -826.685E-03
            2204    -206.399E-12    -118.980E-12    -255.829E-03
            2205     47.2718E-12    -337.719E-12     160.781E-03
            2206    -205.713E-12    -104.027E-12    -89.4587E-03
            2207     18.5130E-12    -375.398E-12     563.649E-03
            2208    -850.240E-12    -84.5011E-12         15.2249
            2209    -891.777E-12    -187.836E-12         10.2970
            2210    -143.936E-12    -212.961E-12    -46.8900E-03
            2211    -170.464E-12    -190.912E-12    -191.812E-03
            2212    -160.950E-12    -203.352E-12    -144.937E-03
            2213    -308.335E-12    -518.599E-12    -275.655E-03
            2214    -132.788E-12    -598.375E-12     661.405E-03
            2215    -201.259E-12    -123.347E-12    -192.362E-03
            2216    -209.055E-12    -179.239E-12    -681.127E-03
            2217    -25.5213E-12    -304.976E-12     333.616E-03
            2218    -110.697E-12    -559.699E-12     783.665E-03
            2219     8.42107E-12    -327.730E-12     339.359E-03
            2220    -268.142E-12    -566.474E-12     27.4735E-03
            2221    -179.580E-12    -178.614E-12    -236.033E-03
            2222    -18.2178E-12    -425.248E-12     879.093E-03
            2223    -195.931E-12    -161.869E-12    -360.227E-03
            2224    -115.819E-12    -251.288E-12     92.0870E-03
            2225    -238.439E-12    -295.078E-12    -882.730E-03
            2226    -131.957E-12    -227.493E-12     9.71703E-03
            2227    -317.053E-12    -503.338E-12    -304.300E-03
            2228    -308.713E-12    -409.705E-12    -536.956E-03
            2229    -228.770E-12    -272.717E-12    -892.259E-03
            2230    -69.2353E-12    -289.521E-12     286.572E-03
            2231    -251.105E-12    -316.553E-12    -849.673E-03
            2232    -189.254E-12    -678.715E-12     288.865E-03
            2233    -262.844E-12    -339.778E-12    -795.527E-03
            2234    -211.844E-12    -205.589E-12    -781.111E-03
            2235    -316.832E-12    -441.393E-12    -447.580E-03
            2236    -282.207E-12    -562.260E-12    -46.4149E-03
            2237    -86.0383E-12    -527.382E-12     878.685E-03
            2238    -340.508E-12    -495.527E-12    -239.649E-03
            2239    -176.972E-12    -699.981E-12     278.008E-03
            2240    -45.5335E-12    -304.628E-12     347.036E-03
            2241     15.6593E-12    -342.995E-12     387.801E-03
            2242    -70.9395E-12    -496.780E-12     923.296E-03
            2243    -207.894E-12    -138.416E-12    -453.958E-03
            2244    -298.619E-12    -534.107E-12    -217.665E-03
            2245    -213.346E-12    -230.218E-12    -804.599E-03
            2246    -99.6103E-12    -263.059E-12     165.376E-03
            2247     456.675E-15    -400.758E-12     758.146E-03
            2248     24.5084E-12    -364.291E-12     469.516E-03
            2249    -239.932E-12    -615.911E-12     178.943E-03
            2250    -154.592E-12    -645.470E-12     495.613E-03
            2251    -208.728E-12    -165.090E-12    -622.527E-03
            2252    -171.186E-12    -664.116E-12     395.809E-03
            2253    -57.3076E-12    -469.827E-12     930.159E-03
            2254    -35.7155E-12    -447.036E-12     929.827E-03
            2255    -254.024E-12    -588.345E-12     125.188E-03
            2256    -81.7543E-12    -285.200E-12     253.069E-03
            2257    -285.295E-12    -540.429E-12    -149.492E-03
            2258    -201.348E-12    -664.431E-12     270.575E-03
            2259    -219.970E-12    -244.647E-12    -874.054E-03
            2260    -297.962E-12    -395.331E-12    -602.564E-03
            2261    -274.944E-12    -366.372E-12    -724.420E-03
            2262    -227.279E-12    -635.792E-12     208.824E-03
            2263     30.4961E-12    -352.452E-12     365.783E-03
            2264    -11.2197E-12    -319.730E-12     364.254E-03
            2265    -301.472E-12    -523.515E-12    -260.315E-03
            2266    -325.831E-12    -492.729E-12    -304.208E-03
            2267    -209.515E-12    -195.794E-12    -723.965E-03
            2268    -263.706E-12    -356.140E-12    -765.143E-03
            2269    -124.053E-12    -247.666E-12     51.7791E-03
            2270    -243.011E-12    -308.890E-12    -863.710E-03
            2271    -98.6061E-12    -543.050E-12     834.197E-03
            2272    -203.794E-12    -143.107E-12    -390.751E-03
            2273    -271.715E-12    -562.676E-12    -47.9165E-06
            2274    -33.1404E-12    -304.773E-12     342.101E-03
            2275    -206.765E-12    -158.845E-12    -546.538E-03
            2276    -253.176E-12    -333.140E-12    -819.814E-03
            2277    -175.839E-12    -192.816E-12    -245.124E-03
            2278     9.04427E-12    -376.453E-12     601.262E-03
            2279    -234.658E-12    -293.040E-12    -877.606E-03
            2280    -213.596E-12    -637.704E-12     271.722E-03
            2281    -83.4240E-12    -510.531E-12     892.330E-03
            2282    -184.046E-12    -181.656E-12    -293.201E-03
            2283    -108.010E-12    -257.130E-12     128.813E-03
            2284    -66.9718E-12    -276.659E-12     259.363E-03
            2285    -73.3856E-12    -302.142E-12     311.379E-03
            2286    -200.081E-12    -139.523E-12    -295.118E-03
            2287    -157.461E-12    -218.473E-12    -142.691E-03
            2288    -216.522E-12    -238.133E-12    -841.994E-03
            2289    -195.780E-12    -136.671E-12    -207.186E-03
            2290    -333.580E-12    -456.961E-12    -346.566E-03
            2291    -93.2294E-12    -280.428E-12     212.822E-03
            2292    -309.259E-12    -430.874E-12    -496.497E-03
            2293    -210.445E-12    -221.646E-12    -760.403E-03
            2294    -142.516E-12    -623.533E-12     582.087E-03
            2295    -330.407E-12    -475.153E-12    -325.533E-03
            2296    -290.824E-12    -530.866E-12    -211.891E-03
            2297    -61.8982E-12    -307.589E-12     345.556E-03
            2298    -163.156E-12    -638.789E-12     483.704E-03
            2299     10.3707E-12    -353.919E-12     468.091E-03
            2300    -182.694E-12    -653.223E-12     378.249E-03
            2301    -10.0058E-12    -413.750E-12     831.191E-03
            2302     14.6436E-12    -365.118E-12     516.439E-03
            2303    -36.4594E-12    -433.929E-12     883.614E-03
            2304    -263.369E-12    -575.640E-12     69.6333E-03
            2305    -311.953E-12    -512.542E-12    -289.334E-03
            2306    -122.110E-12    -578.039E-12     726.592E-03
            2307     4.42308E-12    -387.748E-12     677.994E-03
            2308    -224.287E-12    -268.128E-12    -873.349E-03
            2309    -68.7417E-12    -481.864E-12     915.532E-03
            2310    -46.3821E-12    -458.267E-12     935.104E-03
            2311    -241.124E-12    -601.090E-12     185.565E-03
            2312    -275.611E-12    -540.798E-12    -102.588E-03
            2313    -228.069E-12    -617.188E-12     234.521E-03
            2314    -141.637E-12    -227.448E-12    -44.5720E-03
            2315    -300.325E-12    -418.499E-12    -552.097E-03
            2316    -28.1786E-12    -313.972E-12     370.299E-03
            2317    -9.30577E-12    -334.899E-12     427.396E-03
            2318    -167.114E-12    -205.522E-12    -197.979E-03
            2319    -281.652E-12    -392.551E-12    -657.571E-03
            2320    -142.684E-12    -595.513E-12     637.031E-03
            2321    -164.165E-12    -220.635E-12    -198.231E-03
            2322    -219.863E-12    -263.336E-12    -843.784E-03
            2323    -245.333E-12    -327.549E-12    -828.170E-03
            2324    -272.477E-12    -380.417E-12    -701.292E-03
            2325    -105.910E-15    -338.551E-12     421.568E-03
            2326    -180.501E-12    -194.653E-12    -296.069E-03
            2327    -260.495E-12    -563.418E-12     56.9396E-03
            2328    -211.836E-12    -247.788E-12    -769.297E-03
            2329    -120.929E-12    -557.288E-12     756.704E-03
            2330    -191.796E-12    -174.928E-12    -360.021E-03
            2331    -117.496E-12    -260.832E-12     92.5342E-03
            2332    -132.909E-12    -244.479E-12     3.58798E-03
            2333    -200.892E-12    -158.300E-12    -423.217E-03
            2334    -27.8986E-12    -423.096E-12     856.953E-03
            2335     4.79888E-12    -365.108E-12     547.797E-03
            2336    -207.672E-12    -213.622E-12    -710.702E-03
            2337    -196.751E-12    -637.282E-12     350.875E-03
            2338    -103.710E-12    -274.880E-12     167.606E-03
            2339    -51.8523E-12    -314.338E-12     376.504E-03
            2340    -148.311E-12    -225.656E-12    -85.9090E-03
            2341    -96.1878E-12    -525.077E-12     853.305E-03
            2342    -275.244E-12    -559.079E-12    -27.4723E-03
            2343    -308.587E-12    -494.899E-12    -344.446E-03
            2344    -41.4109E-12    -320.387E-12     401.140E-03
            2345    -291.051E-12    -405.604E-12    -606.377E-03
            2346    -206.270E-12    -178.195E-12    -612.821E-03
            2347    -229.892E-12    -289.492E-12    -865.468E-03
            2348    -18.8791E-12    -330.356E-12     424.612E-03
            2349    -291.958E-12    -516.967E-12    -271.180E-03
            2350    -152.967E-12    -616.948E-12     564.185E-03
            2351     7.91380E-12    -341.785E-12     411.807E-03
            2352    -80.7499E-12    -494.507E-12     891.806E-03
            2353    -77.8333E-12    -314.151E-12     333.638E-03
            2354    -11.8034E-12    -400.089E-12     761.091E-03
            2355    -162.744E-12    -610.652E-12     540.495E-03
            2356    -229.276E-12    -600.398E-12     243.221E-03
            2357    -276.132E-12    -525.920E-12    -175.543E-03
            2358    -242.162E-12    -587.342E-12     181.213E-03
            2359    -45.8331E-12    -444.726E-12     897.867E-03
            2360    -66.8920E-12    -467.209E-12     893.971E-03
            2361    -201.573E-12    -170.742E-12    -494.954E-03
            2362    -85.1868E-12    -297.341E-12     271.252E-03
            2363    -172.990E-12    -206.784E-12    -252.085E-03
            2364    -206.563E-12    -195.042E-12    -663.508E-03
            2365    -302.048E-12    -507.419E-12    -313.822E-03
            2366    -254.589E-12    -349.433E-12    -784.927E-03
            2367    -236.824E-12    -308.433E-12    -852.392E-03
            2368    -305.897E-12    -468.496E-12    -420.325E-03
            2369    -776.136E-15    -376.567E-12     624.109E-03
            2370    -314.425E-12    -453.697E-12    -430.634E-03
            2371    -215.056E-12    -616.470E-12     298.092E-03
            2372    -293.532E-12    -428.126E-12    -549.769E-03
            2373    -142.267E-12    -241.799E-12    -52.8527E-03
            2374    -108.869E-12    -540.612E-12     807.554E-03
            2375    -265.082E-12    -555.293E-12     9.13604E-03
            2376    -183.998E-12    -196.000E-12    -336.776E-03
            2377    -16.7810E-12    -346.061E-12     492.606E-03
            2378    -247.047E-12    -344.295E-12    -790.007E-03
            2379    -112.300E-12    -268.156E-12     123.540E-03
            2380    -93.3129E-12    -507.837E-12     859.269E-03
            2381    -231.446E-12    -305.756E-12    -836.085E-03
            2382    -208.454E-12    -237.577E-12    -728.304E-03
            2383    -170.934E-12    -221.050E-12    -257.048E-03
            2384    -67.2405E-12    -319.397E-12     372.606E-03
            2385    -276.776E-12    -403.461E-12    -640.077E-03
            2386    -204.955E-12    -207.896E-12    -656.570E-03
            2387    -292.173E-12    -504.577E-12    -318.301E-03
            2388    -204.336E-12    -173.274E-12    -555.656E-03
            2389    -307.162E-12    -478.742E-12    -390.797E-03
            2390    -19.5273E-12    -411.719E-12     816.150E-03
            2391    -215.599E-12    -257.312E-12    -806.358E-03
            2392    -184.210E-12    -206.551E-12    -364.301E-03
            2393    -280.396E-12    -518.500E-12    -228.834E-03
            2394    -57.0405E-12    -324.967E-12     406.859E-03
            2395    -131.919E-12    -575.246E-12     701.388E-03
            2396    -46.7947E-12    -431.000E-12     846.943E-03
            2397    -252.143E-12    -564.187E-12     102.274E-03
            2398    -6.10200E-12    -388.222E-12     695.598E-03
            2399    -225.079E-12    -286.064E-12    -842.619E-03
            2400    -204.461E-12    -190.625E-12    -612.309E-03
            2401    -152.486E-12    -235.754E-12    -120.906E-03
            2402    -216.991E-12    -598.266E-12     304.855E-03
            2403    -263.439E-12    -381.974E-12    -704.013E-03
            2404    -302.059E-12    -457.159E-12    -458.022E-03
            2405    -96.7531E-12    -292.466E-12     224.112E-03
            2406    -78.3098E-12    -479.070E-12     877.647E-03
            2407    -269.603E-12    -529.076E-12    -125.436E-03
            2408    -230.468E-12    -585.491E-12     238.840E-03
            2409     1.24921E-12    -352.659E-12     489.754E-03
            2410    -56.0814E-12    -455.774E-12     900.878E-03
            2411    -124.189E-12    -262.113E-12     60.3653E-03
            2412    -199.169E-12    -185.516E-12    -507.383E-03
            2413    -240.463E-12    -340.116E-12    -783.471E-03
            2414    -295.424E-12    -491.807E-12    -364.983E-03
            2415    -35.9789E-12    -335.708E-12     460.041E-03
            2416    -201.570E-12    -612.417E-12     367.460E-03
            2417    -10.8522E-12    -375.328E-12     631.351E-03
            2418    -171.184E-12    -602.812E-12     517.444E-03
            2419    -233.103E-12    -321.521E-12    -803.576E-03
            2420    -205.547E-12    -228.358E-12    -683.698E-03
            2421    -99.9511E-12    -304.653E-12     237.794E-03
            2422    -16.5982E-12    -386.904E-12     694.018E-03
            2423    -252.664E-12    -554.928E-12     74.9739E-03
            2424    -220.005E-12    -283.070E-12    -806.282E-03
            2425    -204.687E-12    -594.083E-12     368.329E-03
            2426    -152.305E-12    -591.294E-12     608.439E-03
            2427    -194.760E-12    -184.611E-12    -437.049E-03
            2428    -188.133E-12    -212.068E-12    -420.923E-03
            2429    -300.261E-12    -482.456E-12    -391.475E-03
            2430    -297.800E-12    -446.193E-12    -495.315E-03
            2431    -81.9388E-12    -325.677E-12     354.836E-03
            2432    -132.578E-12    -554.433E-12     716.393E-03
            2433    -248.293E-12    -360.647E-12    -746.719E-03
            2434    -282.410E-12    -507.930E-12    -282.961E-03
            2435    -106.422E-12    -522.039E-12     818.308E-03
            2436    -38.0827E-12    -420.282E-12     825.919E-03
            2437    -161.886E-12    -236.007E-12    -193.683E-03
            2438    -269.418E-12    -391.648E-12    -677.014E-03
            2439    -202.547E-12    -202.336E-12    -605.999E-03
            2440    -133.398E-12    -260.812E-12     7.62195E-03
            2441    -266.660E-12    -541.777E-12    -50.6506E-03
            2442    -291.008E-12    -494.950E-12    -351.981E-03
            2443    -209.295E-12    -264.653E-12    -717.729E-03
            2444    -176.898E-12    -219.804E-12    -312.256E-03
            2445    -241.616E-12    -355.862E-12    -739.879E-03
            2446    -46.5435E-12    -330.503E-12     436.631E-03
            2447    -108.245E-12    -286.968E-12     168.730E-03
            2448    -226.275E-12    -303.391E-12    -809.905E-03
            2449    -62.0249E-12    -335.490E-12     435.022E-03
            2450    -284.929E-12    -416.061E-12    -596.564E-03
            2451    -90.2200E-12    -491.399E-12     852.695E-03
            2452    -299.371E-12    -469.910E-12    -428.861E-03
            2453    -202.206E-12    -186.401E-12    -560.936E-03
            2454    -33.1018E-12    -351.771E-12     527.548E-03
            2455    -22.7701E-12    -398.222E-12     748.573E-03
            2456    -218.691E-12    -582.603E-12     298.651E-03
            2457    -268.239E-12    -513.714E-12    -192.954E-03
            2458    -231.344E-12    -571.743E-12     224.723E-03
            2459    -56.1740E-12    -441.713E-12     857.189E-03
            2460    -152.261E-12    -253.842E-12    -122.515E-03
            2461    -76.7324E-12    -463.935E-12     849.147E-03
            2462    -14.6410E-12    -361.315E-12     563.723E-03
            2463    -120.416E-12    -278.876E-12     98.5032E-03
            2464    -7.65963E-12    -349.872E-12     496.159E-03
            2465    -193.781E-12    -200.438E-12    -469.679E-03
            2466    -278.995E-12    -425.799E-12    -576.590E-03
            2467    -143.015E-12    -257.801E-12    -55.1784E-03
            2468    -169.852E-12    -235.236E-12    -261.984E-03
            2469    -119.806E-12    -537.387E-12     769.636E-03
            2470    -256.382E-12    -544.286E-12     17.8453E-03
            2471    -197.805E-12    -201.857E-12    -530.209E-03
            2472    -271.449E-12    -412.360E-12    -617.878E-03
            2473    -52.1182E-12    -340.673E-12     469.255E-03
            2474    -288.489E-12    -481.634E-12    -396.890E-03
            2475    -161.247E-12    -587.226E-12     576.995E-03
            2476    -249.042E-12    -376.322E-12    -699.276E-03
            2477    -102.710E-12    -504.273E-12     819.329E-03
            2478    -205.790E-12    -252.015E-12    -682.625E-03
            2479    -257.413E-12    -383.770E-12    -694.219E-03
            2480    -283.630E-12    -497.384E-12    -330.426E-03
            2481    -21.1027E-12    -372.873E-12     624.722E-03
            2482    -285.206E-12    -488.475E-12    -368.502E-03
            2483    -192.438E-12    -587.536E-12     432.107E-03
            2484    -42.4127E-12    -346.020E-12     499.570E-03
            2485    -161.099E-12    -251.414E-12    -192.167E-03
            2486    -292.362E-12    -459.941E-12    -466.160E-03
            2487    -234.760E-12    -336.891E-12    -767.386E-03
            2488    -133.321E-12    -277.473E-12     23.3516E-03
            2489    -181.449E-12    -220.446E-12    -359.024E-03
            2490    -291.538E-12    -473.347E-12    -425.301E-03
            2491    -271.319E-12    -506.565E-12    -243.886E-03
            2492    -29.9724E-12    -409.349E-12     792.996E-03
            2493    -92.2541E-12    -321.212E-12     307.641E-03
            2494    -221.265E-12    -302.371E-12    -771.486E-03
            2495    -242.888E-12    -550.218E-12     117.191E-03
            2496    -214.042E-12    -280.379E-12    -748.919E-03
            2497    -57.2090E-12    -427.308E-12     802.085E-03
            2498    -111.178E-12    -300.052E-12     179.298E-03
            2499    -261.604E-12    -530.387E-12    -72.7104E-03
            2500    -87.8697E-12    -475.593E-12     831.924E-03
            2501    -71.8708E-12    -330.501E-12     397.240E-03
            2502    -219.895E-12    -568.437E-12     283.092E-03
            2503    -199.960E-12    -213.071E-12    -582.941E-03
            2504    -122.453E-12    -295.869E-12     113.465E-03
            2505    -66.1672E-12    -452.661E-12     857.643E-03
            2506    -227.880E-12    -320.111E-12    -775.319E-03
            2507    -26.8396E-12    -384.539E-12     680.113E-03
            2508    -24.0341E-12    -357.356E-12     551.564E-03
            2509    -153.822E-12    -570.032E-12     620.983E-03
            2510    -206.737E-12    -578.464E-12     359.965E-03
            2511    -278.314E-12    -479.090E-12    -391.316E-03
            2512    -278.559E-12    -445.001E-12    -516.291E-03
            2513    -153.009E-12    -270.057E-12    -121.043E-03
            2514    -273.166E-12    -496.740E-12    -298.455E-03
            2515    -32.1259E-12    -369.356E-12     606.197E-03
            2516    -243.557E-12    -538.894E-12     75.5201E-03
            2517    -102.718E-12    -317.167E-12     255.292E-03
            2518    -282.801E-12    -458.069E-12    -474.620E-03
            2519    -40.0014E-12    -361.028E-12     563.902E-03
            2520    -66.8725E-12    -345.851E-12     460.823E-03
            2521    -275.425E-12    -487.483E-12    -348.394E-03
            2522    -190.809E-12    -226.433E-12    -474.656E-03
            2523    -143.852E-12    -274.739E-12    -49.7111E-03
            2524    -235.850E-12    -351.640E-12    -725.989E-03
            2525    -115.899E-12    -517.900E-12     777.214E-03
            2526    -216.161E-12    -303.717E-12    -719.197E-03
            2527    -177.465E-12    -232.910E-12    -333.114E-03
            2528    -48.4139E-12    -416.782E-12     786.656E-03
            2529    -85.7267E-12    -337.002E-12     376.161E-03
            2530    -134.058E-12    -294.086E-12     41.1842E-03
            2531    -203.009E-12    -241.077E-12    -648.046E-03
            2532    -229.630E-12    -335.522E-12    -740.424E-03
            2533    -36.5281E-12    -382.027E-12     660.052E-03
            2534    -194.473E-12    -573.107E-12     422.907E-03
            2535    -265.042E-12    -398.861E-12    -656.073E-03
            2536    -33.1518E-12    -395.515E-12     725.435E-03
            2537    -205.533E-12    -278.072E-12    -650.509E-03
            2538    -99.5005E-12    -487.596E-12     806.642E-03
            2539    -169.145E-12    -249.773E-12    -262.244E-03
            2540    -249.006E-12    -390.521E-12    -649.529E-03
            2541    -208.175E-12    -564.399E-12     343.754E-03
            2542    -260.867E-12    -503.338E-12    -201.892E-03
            2543    -48.5769E-12    -355.461E-12     531.359E-03
            2544    -272.893E-12    -433.418E-12    -551.294E-03
            2545    -231.770E-12    -558.643E-12     202.113E-03
            2546    -66.6367E-12    -437.976E-12     808.100E-03
            2547    -181.372E-12    -566.676E-12     489.301E-03
            2548    -123.627E-12    -311.003E-12     135.602E-03
            2549    -86.7313E-12    -460.064E-12     796.361E-03
            2550    -223.028E-12    -320.622E-12    -736.175E-03
            2551    -252.660E-12    -530.245E-12    -17.3909E-03
            2552    -276.172E-12    -460.933E-12    -457.244E-03
            2553    -41.1994E-12    -372.473E-12     612.062E-03
            2554    -201.623E-12    -264.182E-12    -617.877E-03
            2555    -130.197E-12    -532.790E-12     724.636E-03
            2556    -42.9634E-12    -391.944E-12     694.045E-03
            2557    -231.480E-12    -347.713E-12    -712.488E-03
            2558    -195.923E-12    -559.575E-12     406.955E-03
            2559    -261.572E-12    -404.924E-12    -632.648E-03
            2560    -95.4067E-12    -333.085E-12     328.007E-03
            2561    -242.200E-12    -384.686E-12    -641.048E-03
            2562    -111.594E-12    -499.922E-12     773.597E-03
            2563    -80.4389E-12    -352.088E-12     442.783E-03
            2564    -255.663E-12    -397.480E-12    -645.639E-03
            2565    -183.709E-12    -236.217E-12    -401.338E-03
            2566    -147.016E-12    -550.791E-12     654.693E-03
            2567    -133.816E-12    -310.014E-12     70.7067E-03
            2568    -256.984E-12    -490.387E-12    -243.214E-03
            2569    -225.239E-12    -337.934E-12    -699.846E-03
            2570    -40.3469E-12    -406.182E-12     761.051E-03
            2571    -218.309E-12    -322.933E-12    -686.266E-03
            2572    -155.109E-12    -284.504E-12    -124.298E-03
            2573    -231.962E-12    -545.952E-12     170.862E-03
            2574    -113.199E-12    -313.676E-12     197.785E-03
            2575    -161.308E-12    -266.035E-12    -190.702E-03
            2576    -67.5263E-12    -422.762E-12     749.631E-03
            2577    -208.862E-12    -292.835E-12    -663.025E-03
            2578    -189.057E-12    -238.996E-12    -464.258E-03
            2579    -166.368E-12    -559.487E-12     563.611E-03
            2580    -249.201E-12    -517.996E-12    -51.0421E-03
            2581    -209.179E-12    -551.157E-12     319.943E-03
            2582    -97.4729E-12    -471.579E-12     779.075E-03
            2583    -145.993E-12    -293.512E-12    -42.2434E-03
            2584    -198.221E-12    -242.375E-12    -580.255E-03
            2585    -46.4336E-12    -368.422E-12     587.707E-03
            2586    -76.5057E-12    -448.861E-12     805.935E-03
            2587    -242.544E-12    -527.189E-12     36.3887E-03
            2588    -176.187E-12    -248.936E-12    -329.193E-03
            2589    -62.8380E-12    -360.340E-12     523.353E-03
            2590    -267.589E-12    -475.611E-12    -371.384E-03
            2591    -168.967E-12    -263.781E-12    -259.068E-03
            2592    -124.419E-12    -325.410E-12     162.908E-03
            2593    -105.139E-12    -329.735E-12     276.199E-03
            2594    -220.573E-12    -340.359E-12    -651.075E-03
            2595    -249.209E-12    -403.624E-12    -600.685E-03
            2596    -235.601E-12    -364.894E-12    -678.181E-03
            2597    -270.020E-12    -445.527E-12    -503.753E-03
            2598    -271.449E-12    -467.579E-12    -419.997E-03
            2599    -44.5590E-12    -379.556E-12     637.632E-03
            2600    -242.526E-12    -398.659E-12    -587.243E-03
            2601    -124.257E-12    -512.583E-12     732.602E-03
            2602    -240.627E-12    -515.629E-12    -1.82025E-03
            2603    -152.496E-12    -537.908E-12     620.792E-03
            2604    -162.360E-12    -278.953E-12    -190.628E-03
            2605    -193.956E-12    -245.093E-12    -526.103E-03
            2606    -143.329E-12    -311.180E-12     7.65620E-03
            2607    -58.5541E-12    -412.439E-12     740.230E-03
            2608    -51.0239E-12    -376.817E-12     614.388E-03
            2609    -211.229E-12    -309.750E-12    -650.520E-03
            2610    -54.2210E-12    -364.469E-12     558.062E-03
            2611    -182.760E-12    -554.075E-12     474.484E-03
            2612    -231.884E-12    -533.689E-12     132.492E-03
            2613    -260.795E-12    -431.685E-12    -533.097E-03
            2614    -71.5949E-12    -356.205E-12     484.904E-03
            2615    -201.516E-12    -289.443E-12    -582.295E-03
            2616    -108.630E-12    -483.259E-12     754.262E-03
            2617    -89.3084E-12    -348.177E-12     397.660E-03
            2618    -50.3736E-12    -402.172E-12     721.470E-03
            2619    -154.196E-12    -303.793E-12    -89.2090E-03
            2620    -228.748E-12    -356.427E-12    -662.546E-03
            2621    -252.243E-12    -505.223E-12    -135.631E-03
            2622    -220.901E-12    -542.190E-12     229.023E-03
            2623    -77.2191E-12    -433.409E-12     750.752E-03
            2624    -96.9187E-12    -455.737E-12     736.172E-03
            2625    -182.254E-12    -249.455E-12    -391.490E-03
            2626    -263.209E-12    -483.744E-12    -312.846E-03
            2627    -242.942E-12    -411.745E-12    -534.490E-03
            2628    -168.041E-12    -547.099E-12     547.701E-03
            2629    -67.6883E-12    -370.285E-12     547.870E-03
            2630    -235.693E-12    -379.169E-12    -624.412E-03
            2631    -219.206E-12    -527.438E-12     195.737E-03
            2632    -92.8496E-12    -358.942E-12     417.941E-03
            2633    -114.839E-12    -327.141E-12     221.149E-03
            2634    -251.666E-12    -418.416E-12    -551.848E-03
            2635    -120.152E-12    -494.938E-12     722.236E-03
            2636    -213.444E-12    -327.194E-12    -624.274E-03
            2637    -232.116E-12    -522.497E-12     88.2785E-03
            2638    -175.821E-12    -263.417E-12    -324.193E-03
            2639    -159.324E-12    -296.033E-12    -144.142E-03
            2640    -186.891E-12    -249.013E-12    -443.348E-03
            2641    -164.761E-12    -290.059E-12    -199.447E-03
            2642    -198.114E-12    -277.891E-12    -559.078E-03
            2643    -257.538E-12    -442.106E-12    -477.328E-03
            2644    -252.753E-12    -493.668E-12    -198.537E-03
            2645    -229.508E-12    -374.176E-12    -600.309E-03
            2646    -197.084E-12    -546.365E-12     383.229E-03
            2647    -238.593E-12    -505.075E-12    -37.4010E-03
            2648    -204.135E-12    -302.514E-12    -587.113E-03
            2649    -222.825E-12    -356.482E-12    -613.607E-03
            2650    -256.395E-12    -467.532E-12    -354.081E-03
            2651    -77.4425E-12    -417.137E-12     690.734E-03
            2652    -133.702E-12    -325.054E-12     103.912E-03
            2653    -264.787E-12    -454.612E-12    -452.435E-03
            2654    -107.373E-12    -342.106E-12     299.524E-03
            2655    -137.836E-12    -525.633E-12     682.391E-03
            2656    -107.045E-12    -467.259E-12     720.177E-03
            2657    -59.8605E-12    -397.445E-12     676.595E-03
            2658    -59.0721E-12    -373.978E-12     585.166E-03
            2659    -87.1216E-12    -444.425E-12     745.667E-03
            2660    -242.590E-12    -423.796E-12    -478.205E-03
            2661    -189.129E-12    -259.870E-12    -466.151E-03
            2662    -125.220E-12    -339.000E-12     192.460E-03
            2663    -254.430E-12    -450.304E-12    -425.228E-03
            2664    -215.591E-12    -343.675E-12    -591.987E-03
            2665    -190.985E-12    -279.552E-12    -472.831E-03
            2666    -132.036E-12    -506.460E-12     683.326E-03
            2667    -223.949E-12    -371.467E-12    -565.607E-03
            2668    -197.394E-12    -298.504E-12    -517.568E-03
            2669    -229.632E-12    -388.503E-12    -542.056E-03
            2670    -235.873E-12    -393.296E-12    -568.063E-03
            2671    -151.709E-12    -315.312E-12    -47.2141E-03
            2672    -231.129E-12    -500.395E-12    -3.17383E-03
            2673    -63.0184E-12    -383.397E-12     611.660E-03
            2674    -159.376E-12    -309.790E-12    -120.855E-03
            2675    -157.274E-12    -527.631E-12     582.648E-03
            2676    -175.362E-12    -277.274E-12    -310.954E-03
            2677    -184.232E-12    -541.948E-12     451.234E-03
            2678    -251.022E-12    -468.932E-12    -313.966E-03
            2679    -206.399E-12    -316.920E-12    -577.281E-03
            2680    -68.1492E-12    -407.217E-12     688.266E-03
            2681    -80.8734E-12    -377.592E-12     530.585E-03
            2682    -84.6600E-12    -362.904E-12     464.301E-03
            2683    -260.729E-12    -462.412E-12    -401.089E-03
            2684    -142.447E-12    -326.095E-12     46.0331E-03
            2685    -101.112E-12    -355.651E-12     370.452E-03
            2686    -221.948E-12    -516.358E-12     135.853E-03
            2687    -182.125E-12    -263.186E-12    -388.738E-03
            2688    -117.563E-12    -478.602E-12     696.725E-03
            2689    -210.829E-12    -529.581E-12     258.723E-03
            2690    -246.289E-12    -497.155E-12    -134.751E-03
            2691    -116.262E-12    -340.197E-12     247.591E-03
            2692    -87.7210E-12    -427.815E-12     685.374E-03
            2693    -107.356E-12    -451.282E-12     669.039E-03
            2694    -236.020E-12    -406.323E-12    -512.417E-03
            2695    -109.383E-12    -354.394E-12     325.548E-03
            2696    -182.192E-12    -279.544E-12    -378.127E-03
            2697    -170.678E-12    -535.875E-12     519.898E-03
            2698    -159.173E-12    -318.771E-12    -100.689E-03
            2699    -163.778E-12    -305.605E-12    -166.698E-03
            2700    -208.012E-12    -515.251E-12     230.650E-03
            2701    -197.727E-12    -532.274E-12     350.654E-03
            2702    -250.947E-12    -455.522E-12    -380.232E-03
            2703    -128.424E-12    -489.587E-12     666.083E-03
            2704    -248.561E-12    -480.237E-12    -238.946E-03
            2705    -97.1372E-12    -369.122E-12     432.770E-03
            2706    -208.521E-12    -332.532E-12    -555.447E-03
            2707    -223.650E-12    -384.366E-12    -509.389E-03
            2708    -68.7685E-12    -392.704E-12     630.210E-03
            2709    -77.0200E-12    -400.838E-12     631.389E-03
            2710    -250.004E-12    -431.231E-12    -488.568E-03
            2711    -126.101E-12    -351.521E-12     221.936E-03
            2712    -199.264E-12    -310.474E-12    -512.933E-03
            2713    -223.320E-12    -506.464E-12     83.9887E-03
            2714    -217.693E-12    -358.363E-12    -559.109E-03
            2715    -150.731E-12    -328.261E-12    -10.8530E-03
            2716    -187.585E-12    -272.727E-12    -441.852E-03
            2717    -133.927E-12    -338.912E-12     136.777E-03
            2718    -86.5446E-12    -410.276E-12     627.049E-03
            2719    -168.924E-12    -285.256E-12    -242.481E-03
            2720    -126.188E-12    -473.874E-12     635.866E-03
            2721    -95.2251E-12    -384.644E-12     495.121E-03
            2722    -150.575E-12    -509.666E-12     587.318E-03
            2723    -190.938E-12    -297.213E-12    -446.463E-03
            2724    -116.561E-12    -462.966E-12     656.716E-03
            2725    -98.2861E-12    -439.298E-12     675.382E-03
            2726    -126.158E-12    -459.101E-12     589.648E-03
            2727    -167.102E-12    -318.028E-12    -171.115E-03
            2728    -142.274E-12    -339.790E-12     81.2609E-03
            2729    -248.217E-12    -440.547E-12    -435.487E-03
            2730    -187.171E-12    -288.581E-12    -419.925E-03
            2731    -219.639E-12    -369.379E-12    -534.736E-03
            2732    -210.690E-12    -348.261E-12    -526.172E-03
            2733    -161.679E-12    -518.547E-12     541.332E-03
            2734    -84.8875E-12    -391.000E-12     563.344E-03
            2735    -179.155E-12    -298.045E-12    -322.708E-03
            2736    -229.534E-12    -401.273E-12    -485.127E-03
            2737    -168.842E-12    -298.973E-12    -223.079E-03
            2738    -245.163E-12    -468.753E-12    -273.899E-03
            2739    -158.622E-12    -330.544E-12    -69.0966E-03
            2740    -173.067E-12    -525.852E-12     488.431E-03
            2741    -246.959E-12    -446.906E-12    -396.827E-03
            2742    -202.834E-12    -522.111E-12     289.571E-03
            2743    -201.301E-12    -323.437E-12    -503.001E-03
            2744    -117.640E-12    -352.740E-12     275.732E-03
            2745    -193.692E-12    -303.888E-12    -465.065E-03
            2746    -238.416E-12    -487.883E-12    -122.850E-03
            2747    -211.969E-12    -507.715E-12     173.941E-03
            2748    -94.7755E-12    -402.208E-12     560.103E-03
            2749    -136.326E-12    -484.098E-12     606.605E-03
            2750    -110.687E-12    -368.281E-12     362.438E-03
            2751    -156.839E-12    -502.178E-12     532.216E-03
            2752    -235.927E-12    -418.619E-12    -455.382E-03
            2753    -97.3460E-12    -420.919E-12     615.204E-03
            2754    -118.148E-12    -447.527E-12     597.196E-03
            2755    -166.207E-12    -510.624E-12     495.934E-03
            2756    -187.657E-12    -306.743E-12    -393.857E-03
            2757    -246.449E-12    -457.223E-12    -342.353E-03
            2758    -238.785E-12    -466.423E-12    -237.786E-03
            2759    -197.837E-12    -504.953E-12     266.509E-03
            2760    -165.942E-12    -344.904E-12    -93.4669E-03
            2761    -195.985E-12    -328.893E-12    -430.401E-03
            2762    -229.273E-12    -412.831E-12    -429.519E-03
            2763    -134.619E-12    -363.352E-12     202.167E-03
            2764    -150.347E-12    -341.349E-12     25.0118E-03
            2765    -203.424E-12    -337.886E-12    -483.730E-03
            2766    -213.085E-12    -363.574E-12    -494.392E-03
            2767    -231.204E-12    -489.068E-12    -59.8517E-03
            2768    -242.248E-12    -434.715E-12    -424.281E-03
            2769    -146.605E-12    -493.294E-12     570.734E-03
            2770    -110.794E-12    -433.065E-12     588.202E-03
            2771    -184.083E-12    -520.674E-12     408.337E-03
            2772    -103.074E-12    -394.537E-12     491.901E-03
            2773    -214.947E-12    -500.062E-12     119.683E-03
            2774    -129.745E-12    -445.775E-12     522.404E-03
            2775    -134.406E-12    -469.381E-12     573.797E-03
            2776    -105.013E-12    -412.383E-12     545.695E-03
            2777    -134.349E-12    -351.674E-12     169.105E-03
            2778    -119.430E-12    -364.382E-12     301.036E-03
            2779    -173.267E-12    -308.500E-12    -246.964E-03
            2780    -110.720E-12    -386.786E-12     424.460E-03
            2781    -153.485E-12    -486.247E-12     507.653E-03
            2782    -143.335E-12    -478.656E-12     548.089E-03
            2783    -235.737E-12    -431.665E-12    -391.233E-03
            2784    -241.441E-12    -445.003E-12    -368.226E-03
            2785    -205.523E-12    -352.959E-12    -455.834E-03
            2786    -223.453E-12    -396.760E-12    -453.305E-03
            2787    -212.825E-12    -485.513E-12     71.3181E-03
            2788    -172.582E-12    -323.965E-12    -207.567E-03
            2789    -158.296E-12    -343.178E-12    -33.4578E-03
            2790    -125.929E-12    -435.509E-12     509.370E-03
            2791    -112.159E-12    -403.752E-12     476.190E-03
            2792    -224.906E-12    -464.346E-12    -133.883E-03
            2793    -192.492E-12    -512.420E-12     329.027E-03
            2794    -202.625E-12    -497.929E-12     204.322E-03
            2795    -177.035E-12    -510.911E-12     427.560E-03
            2796    -115.994E-12    -420.907E-12     515.892E-03
            2797    -192.859E-12    -316.106E-12    -428.837E-03
            2798    -117.318E-12    -379.448E-12     362.253E-03
            2799    -182.717E-12    -313.726E-12    -328.963E-03
            2800    -127.873E-12    -370.087E-12     267.558E-03
            2801    -216.873E-12    -379.154E-12    -468.691E-03
            2802    -236.402E-12    -452.099E-12    -293.354E-03
            2803    -142.347E-12    -352.795E-12     116.601E-03
            2804    -145.892E-12    -453.248E-12     445.280E-03
            2805    -198.140E-12    -342.480E-12    -412.949E-03
            2806    -121.484E-12    -411.574E-12     450.089E-03
            2807    -187.822E-12    -494.412E-12     300.149E-03
            2808    -165.979E-12    -357.641E-12    -55.9202E-03
            2809    -222.446E-12    -407.954E-12    -392.963E-03
            2810    -172.834E-12    -333.813E-12    -185.343E-03
            2811    -191.829E-12    -334.350E-12    -370.810E-03
            2812    -228.813E-12    -422.632E-12    -378.927E-03
            2813    -184.849E-12    -530.733E-12     427.128E-03
            2814    -220.316E-12    -483.083E-12    -1.39494E-03
            2815    -177.138E-12    -319.339E-12    -261.494E-03
            2816    -163.677E-12    -495.132E-12     469.113E-03
            2817    -127.590E-12    -426.161E-12     465.226E-03
            2818    -142.350E-12    -365.582E-12     155.055E-03
            2819    -218.513E-12    -392.619E-12    -426.303E-03
            2820    -228.645E-12    -452.133E-12    -228.733E-03
            2821    -135.191E-12    -436.609E-12     455.029E-03
            2822    -119.083E-12    -395.597E-12     407.459E-03
            2823    -207.316E-12    -491.199E-12     140.523E-03
            2824    -148.201E-12    -473.642E-12     501.312E-03
            2825    -159.129E-12    -476.770E-12     439.424E-03
            2826    -150.222E-12    -354.210E-12     62.0955E-03
            2827    -199.980E-12    -356.682E-12    -384.787E-03
            2828    -172.251E-12    -504.367E-12     440.621E-03
            2829    -129.353E-12    -380.835E-12     293.323E-03
            2830    -231.218E-12    -438.440E-12    -320.697E-03
            2831    -170.722E-12    -488.885E-12     401.625E-03
            2832    -227.126E-12    -428.681E-12    -334.499E-03
            2833    -210.662E-12    -384.555E-12    -385.453E-03
            2834    -192.629E-12    -345.480E-12    -345.690E-03
            2835    -222.439E-12    -475.273E-12    -57.3733E-03
            2836    -158.124E-12    -368.188E-12     43.1093E-03
            2837    -173.515E-12    -359.025E-12    -118.285E-03
            2838    -127.764E-12    -403.346E-12     381.973E-03
            2839    -205.688E-12    -474.545E-12     78.8214E-03
            2840    -131.159E-12    -417.596E-12     411.642E-03
            2841    -179.468E-12    -332.159E-12    -252.456E-03
            2842    -207.844E-12    -368.445E-12    -422.408E-03
            2843    -181.751E-12    -501.506E-12     367.614E-03
            2844    -150.125E-12    -366.807E-12     101.284E-03
            2845    -186.720E-12    -328.423E-12    -334.056E-03
            2846    -154.945E-12    -450.164E-12     371.355E-03
            2847    -133.444E-12    -373.429E-12     241.945E-03
            2848    -193.690E-12    -487.647E-12     230.761E-03
            2849    -161.187E-12    -460.643E-12     366.499E-03
            2850    -221.211E-12    -451.583E-12    -167.035E-03
            2851    -214.564E-12    -402.197E-12    -346.130E-03
            2852    -165.975E-12    -370.150E-12    -15.5511E-03
            2853    -223.118E-12    -428.866E-12    -298.506E-03
            2854    -213.141E-12    -451.773E-12    -94.7398E-03
            2855    -135.416E-12    -395.979E-12     305.567E-03
            2856    -211.653E-12    -468.951E-12     1.96857E-03
            2857    -201.928E-12    -371.677E-12    -349.455E-03
            2858    -180.211E-12    -345.832E-12    -221.501E-03
            2859    -150.487E-12    -379.051E-12     138.888E-03
            2860    -135.470E-12    -385.542E-12     268.902E-03
            2861    -149.300E-12    -438.402E-12     366.665E-03
            2862    -168.745E-12    -471.865E-12     354.700E-03
            2863    -199.504E-12    -481.038E-12     157.905E-03
            2864    -164.098E-12    -448.056E-12     296.643E-03
            2865    -141.300E-12    -421.371E-12     357.852E-03
            2866    -204.018E-12    -387.459E-12    -307.220E-03
            2867    -158.120E-12    -379.206E-12     79.8835E-03
            2868    -193.940E-12    -358.964E-12    -314.784E-03
            2869    -177.856E-12    -483.104E-12     330.747E-03
            2870    -216.867E-12    -421.714E-12    -276.310E-03
            2871    -203.905E-12    -453.958E-12    -3.15228E-03
            2872    -209.690E-12    -436.604E-12    -138.191E-03
            2873    -180.732E-12    -359.658E-12    -183.019E-03
            2874    -173.742E-12    -372.196E-12    -76.3807E-03
            2875    -144.955E-12    -392.405E-12     226.391E-03
            2876    -160.817E-12    -439.150E-12     286.259E-03
            2877    -195.423E-12    -373.207E-12    -277.954E-03
            2878    -206.071E-12    -403.967E-12    -255.783E-03
            2879    -186.685E-12    -345.287E-12    -286.307E-03
            2880    -184.867E-12    -477.018E-12     255.062E-03
            2881    -152.840E-12    -390.536E-12     160.691E-03
            2882    -156.655E-12    -416.507E-12     228.365E-03
            2883    -165.548E-12    -381.943E-12     28.6076E-03
            2884    -143.409E-12    -409.439E-12     298.983E-03
            2885    -176.577E-12    -466.490E-12     276.140E-03
            2886    -168.834E-12    -456.543E-12     294.655E-03
            2887    -207.414E-12    -420.459E-12    -193.487E-03
            2888    -191.426E-12    -470.692E-12     177.564E-03
            2889    -181.295E-12    -373.405E-12    -140.961E-03
            2890    -169.700E-12    -437.532E-12     211.132E-03
            2891    -174.395E-12    -448.997E-12     221.677E-03
            2892    -164.315E-12    -427.421E-12     212.298E-03
            2893    -173.616E-12    -385.429E-12    -27.8946E-03
            2894    -158.190E-12    -402.495E-12     162.887E-03
            2895    -197.852E-12    -463.789E-12     94.4752E-03
            2896    -196.871E-12    -387.867E-12    -234.358E-03
            2897    -148.636E-12    -401.728E-12     233.223E-03
            2898    -163.676E-12    -392.814E-12     83.2140E-03
            2899    -187.501E-12    -359.588E-12    -248.373E-03
            2900    -200.305E-12    -436.673E-12    -52.9005E-03
            2901    -177.957E-12    -433.327E-12     127.191E-03
            2902    -195.018E-12    -448.851E-12     50.1348E-03
            2903    -195.501E-12    -418.901E-12    -89.2300E-03
            2904    -181.958E-12    -387.605E-12    -94.7478E-03
            2905    -197.338E-12    -402.997E-12    -176.186E-03
            2906    -168.787E-12    -407.836E-12     98.3046E-03
            2907    -172.342E-12    -397.856E-12     29.8018E-03
            2908    -183.181E-12    -460.341E-12     199.192E-03
            2909    -189.434E-12    -386.998E-12    -166.174E-03
            2910    -178.413E-12    -415.861E-12     49.8104E-03
            2911    -183.403E-12    -443.730E-12     126.436E-03
            2912    -188.462E-12    -373.477E-12    -208.628E-03
            2913    -183.908E-12    -404.460E-12    -45.4608E-03
            2914    -191.676E-12    -438.759E-12     34.1380E-03
            2915    -186.334E-12    -426.846E-12     28.3372E-03
            2916    -1.34573E-09    -708.042E-12         6.32255
            2917    -296.956E-12    -18.8238E-12         3.60884
            2918    -62.0212E-12    -1.96043E-09        -9.22872
            2919     504.329E-12    -1.74646E-09        -16.2541
            2920     59.3968E-12    -1.85056E-09        -10.2400
            2921    -244.991E-12     77.1996E-12         5.89019
            2922    -1.29087E-09    -1.91538E-09     445.674E-03
            2923     196.296E-12    -177.892E-12        -5.43626
            2924     138.870E-12    -196.792E-12        -5.53507
            2925     183.110E-12    -186.134E-12        -6.68563
            2926     561.656E-12    -411.548E-12        -10.2948
            2927     302.411E-12    -1.81790E-09        -13.7129
            2928    -203.679E-12    -72.3231E-12         2.02874
            2929    -10.4340E-12    -135.492E-12        -1.14413
            2930     230.804E-12    -183.942E-12        -6.22648
            2931    -925.662E-12    -2.07814E-09        -1.37067
            2932     97.6635E-12    -221.260E-12        -4.26032
            2933    -364.205E-12    -1.98640E-09        -3.59790
            2934    -959.206E-12    -313.517E-12         7.46996
            2935    -222.771E-12     201.440E-12         12.0130
            2936    -326.842E-12     12.2993E-12         6.48704
            2937    -359.679E-12    -2.14487E-12         5.50036
            2938     744.125E-12    -1.49267E-09        -17.9892
            2939    -1.37071E-09    -618.345E-12         8.01503
            2940     633.110E-12    -1.01165E-09        -12.3588
            2941    -710.780E-12     154.509E-12         20.7848
            2942    -1.58670E-09    -919.347E-12         6.73113
            2943    -876.625E-12    -133.753E-12         12.8981
            2944    -820.838E-12    -21.8633E-12         17.5499
            2945    -544.577E-12     150.944E-12         16.5542
            2946     575.084E-12    -1.22734E-09        -12.5814
            2947    -1.18801E-09    -2.13564E-09    -497.355E-03
            2948    -1.45685E-09    -1.88215E-09         1.25086
            2949    -115.492E-12    -1.96671E-09        -7.85453
            2950    -269.573E-12     201.789E-12         12.5124
            2951    -273.052E-12     40.0831E-12         7.48256
            2952     112.363E-12    -210.236E-12        -4.45463
            2953    -1.11651E-09    -377.170E-12         9.02993
            2954    -1.05182E-09    -281.938E-12         10.8373
            2955    -348.345E-12    -9.98124E-12         4.57792
            2956     310.862E-12    -2.01067E-09        -16.4523
            2957     345.212E-12    -204.791E-12        -8.89866
            2958     285.539E-12    -193.150E-12        -8.19533
            2959     464.081E-12    -1.18335E-09        -10.0322
            2960    -341.471E-12     232.290E-12         15.0256
            2961     8.71858E-12    -1.97318E-09        -11.0366
            2962     670.973E-12    -757.225E-12        -12.3959
            2963    -132.332E-12    -131.368E-12     802.897E-03
            2964     272.438E-12    -190.254E-12        -6.87969
            2965    -211.346E-12    -2.02665E-09        -5.30124
            2966    -1.53035E-09    -1.39437E-09         3.00485
            2967    -1.41490E-09    -1.17861E-09         3.14402
            2968    -660.656E-12    -1.86173E-09        -1.70996
            2969     508.960E-12    -288.165E-12        -10.5843
            2970     400.904E-12    -255.956E-12        -8.02299
            2971     94.6248E-12    -173.152E-12        -4.51832
            2972    -710.786E-12     468.670E-12         28.3089
            2973    -2.08951E-09    -2.14552E-09         4.08427
            2974     1.01203E-09    -2.12407E-09        -28.3450
            2975    -1.94444E-09    -1.63942E-09         5.09348
            2976    -1.83409E-09    -1.40357E-09         5.48986
            2977    -505.314E-12    -2.22948E-09        -3.90509
            2978    -1.05117E-09    -2.32028E-09        -1.60020
            2979     1.07407E-09    -1.13640E-09        -20.9429
            2980     655.183E-12    -411.868E-12        -12.6981
            2981     111.241E-12    -231.887E-12        -6.33759
            2982     1.18353E-09    -1.48037E-09        -24.7153
            2983    -383.936E-12     375.563E-12         20.6838
            2984     121.926E-12    -220.495E-12        -6.59178
            2985     812.714E-12    -584.045E-12        -15.0939
            2986     418.171E-12    -230.697E-12        -9.68071
            2987    -60.7610E-12    -76.8707E-12     173.149E-03
            2988     955.128E-12    -831.776E-12        -17.8552
            2989     99.2261E-12    -201.007E-12        -5.42312
            2990    -217.240E-12    -32.7614E-12         2.55969
            2991    -901.862E-12     102.067E-12         23.9883
            2992    -533.777E-12     435.170E-12         24.5710
            2993    -6.94695E-12    -107.655E-12        -1.21715
            2994     107.396E-12    -232.075E-12        -5.96783
            2995    -914.718E-12    -18.8651E-12         20.9443
            2996    -188.596E-12     215.572E-12         13.3069
            2997    -262.500E-12     280.896E-12         16.1509
            2998    -174.520E-12     144.750E-12         10.8420
            2999     518.686E-12    -2.03668E-09        -19.9275
            3000    -132.487E-12    -53.2094E-12         1.41546
            3001    -326.870E-12    -2.14319E-09        -4.71376
            3002    -731.613E-12    -2.29844E-09        -2.92368
            3003    -2.03879E-09    -1.87990E-09         4.62405
            3004    -1.66183E-09    -1.13333E-09         5.74660
            3005    -154.217E-12    -1.99316E-09        -6.63204
            3006     758.460E-12    -2.07840E-09        -24.0711
            3007    -860.152E-12     278.238E-12         26.8839
            3008    -1.61571E-09    -2.41906E-09     738.226E-03
            3009    -1.34300E-09    -2.39033E-09    -493.264E-03
            3010     234.218E-12    -185.182E-12        -7.51289
            3011     18.1556E-12    -176.204E-12        -1.90776
            3012    -1.42552E-09    -945.762E-12         4.87365
            3013    -192.554E-12     113.753E-12         7.10101
            3014     67.9966E-12    -210.842E-12        -3.40133
            3015     145.391E-12    -197.329E-12        -6.73503
            3016     120.017E-12    -214.050E-12        -5.50689
            3017    -310.909E-12     259.527E-12         15.5824
            3018    -208.652E-12     87.6774E-12         8.40408
            3019    -1.64882E-09    -1.89303E-09         2.16861
            3020     683.663E-12    -930.745E-12        -13.1582
            3021     696.672E-12    -582.143E-12        -12.8503
            3022    -1.54091E-09    -1.18238E-09         4.23598
            3023    -1.59921E-09    -1.63161E-09         2.63791
            3024     47.2877E-12    -196.352E-12        -2.76377
            3025    -400.423E-12     247.572E-12         16.6976
            3026    -1.48362E-09    -756.975E-12         7.41535
            3027    -606.371E-12     221.597E-12         20.2125
            3028    -925.206E-12    -91.0403E-12         17.9416
            3029     125.747E-12    -1.97155E-09        -12.9886
            3030    -254.888E-12    -67.9896E-12         2.42151
            3031    -506.001E-12    -2.04444E-09        -3.03095
            3032     32.5542E-12    -164.169E-12        -2.34285
            3033     99.0935E-12    -201.205E-12        -3.48179
            3034     107.782E-12    -230.489E-12        -5.28499
            3035     705.628E-12    -1.21809E-09        -15.0817
            3036    -1.40025E-09    -2.11778E-09     434.427E-03
            3037    -910.495E-12     480.830E-12         32.1088
            3038    -2.12436E-09    -2.42464E-09         3.48805
            3039     50.5845E-12    -143.033E-12        -2.73369
            3040     1.29428E-09    -2.15303E-09        -32.5224
            3041    -1.68154E-09    -1.40992E-09         4.15894
            3042    -1.78196E-09    -1.63973E-09         3.81693
            3043    -397.257E-12     305.523E-12         18.7467
            3044    -946.172E-12    -144.795E-12         15.1501
            3045     948.445E-12    -1.47938E-09        -21.2956
            3046    -492.605E-12     248.313E-12         18.6364
            3047    -1.87404E-09    -2.15594E-09         2.75140
            3048    -1.84157E-09    -1.89235E-09         3.34077
            3049     993.948E-12    -1.81432E-09        -24.8556
            3050    -705.764E-12    -2.08359E-09        -2.28988
            3051    -674.378E-12     330.657E-12         24.4003
            3052    -1.63896E-09    -2.15410E-09         1.50538
            3053     851.490E-12    -1.11488E-09        -17.2590
            3054    -517.738E-12     335.526E-12         21.6880
            3055     66.1747E-12    -186.825E-12        -3.46606
            3056    -797.524E-12    -152.488E-12         9.24091
            3057     1.25584E-09    -1.82462E-09        -28.6488
            3058    -1.86738E-09    -2.42765E-09         2.08486
            3059     748.047E-12    -1.79384E-09        -20.8837
            3060     6.61144E-12    -212.869E-12     52.4258E-03
            3061    -144.726E-12    -257.256E-12    -80.8635E-03
            3062    -990.484E-12    -207.357E-12         12.7147
            3063    -20.1891E-12    -298.933E-12     48.4864E-03
            3064    -45.2560E-12    -413.169E-12    -111.842E-03
            3065     12.3488E-12    -252.656E-12    -50.3733E-03
            3066     65.4430E-12    -278.472E-12     304.571E-03
            3067     20.3222E-12    -280.166E-12     10.5485E-03
            3068    -130.202E-12    -31.6743E-12     198.518E-03
            3069     132.756E-12    -777.172E-12        -2.18142
            3070    -120.725E-12    -46.0896E-12    -273.245E-03
            3071    -35.8794E-12    -71.3306E-12     48.2114E-03
            3072     14.7554E-12    -114.409E-12    -540.673E-03
            3073    -40.0202E-12    -69.4397E-12     168.483E-03
            3074     31.8620E-12    -107.390E-12    -132.517E-03
            3075     85.9651E-12    -212.140E-12        -4.29788
            3076     96.1069E-12    -225.604E-12        -4.89201
            3077     53.7621E-12    -252.630E-12     264.391E-03
            3078    -225.613E-12    -423.084E-12     15.1609E-03
            3079     35.1165E-12    -313.030E-12     168.258E-03
            3080    -241.646E-12    -389.152E-12     165.032E-03
            3081    -303.016E-12    -409.854E-12     279.728E-03
            3082    -63.7198E-12    -108.116E-12     11.2218E-03
            3083    -212.315E-12    -530.803E-12    -237.712E-03
            3084     2.64456E-12    -316.435E-12     202.193E-03
            3085     261.492E-12    -472.342E-12        -2.71169
            3086     293.361E-12    -484.891E-12        -3.52075
            3087    -144.892E-12    -73.8941E-12    -353.788E-03
            3088    -157.452E-12    -70.7477E-12    -429.268E-03
            3089    -148.369E-12    -36.4222E-12    -322.593E-03
            3090    -155.323E-12    -24.1618E-12     439.059E-03
            3091    -151.039E-12    -8.15393E-12     954.475E-03
            3092     32.5059E-12    -293.926E-12    -144.522E-03
            3093     36.2308E-12    -314.498E-12    -70.4799E-03
            3094     805.573E-12    -807.007E-12        -15.1141
            3095    -268.645E-12     39.0395E-12         3.40593
            3096    -339.293E-12     35.8367E-12         4.71105
            3097     76.6222E-12    -881.878E-12        -2.31912
            3098    -44.6519E-12    -80.1423E-12     71.7874E-03
            3099    -44.7192E-12    -96.1321E-12     71.3641E-03
            3100    -53.0145E-12    -70.5439E-12     198.527E-03
            3101    -6.76091E-12    -110.086E-12    -6.12261E-03
            3102     40.3906E-12    -135.554E-12    -209.930E-03
            3103     55.9006E-12    -110.794E-12    -626.929E-03
            3104    -277.207E-12    -46.6243E-12         2.97480
            3105    -8.29149E-12    -1.84927E-09        -9.01371
            3106    -282.828E-12     53.0461E-12         5.81647
            3107     140.180E-12    -181.036E-12        -4.24151
            3108    -1.25858E-09    -595.999E-12         6.76846
            3109    -1.36783E-09    -995.132E-12         3.91751
            3110     54.7333E-12    -285.089E-12    -455.928E-03
            3111    -266.769E-12    -371.296E-12    -62.8428E-03
            3112    -284.966E-12    -413.984E-12    -75.1721E-03
            3113    -288.803E-12    -429.413E-12    -57.4130E-03
            3114    -761.180E-12    -166.881E-12         7.67588
            3115    -222.495E-12    -418.377E-12     105.579E-03
            3116     50.4454E-12    -305.878E-12     366.084E-03
            3117     56.6019E-12    -253.840E-12    -521.714E-03
            3118    -64.9695E-12    -73.6661E-12     215.023E-03
            3119    -286.851E-12    -449.940E-12    -108.818E-03
            3120    -224.816E-12    -620.313E-12    -311.520E-03
            3121     304.772E-12    -576.077E-12        -3.61167
            3122     255.312E-12    -772.689E-12        -3.40953
            3123     38.8028E-12    -334.050E-12     156.547E-03
            3124    -167.755E-12    -37.3427E-12    -205.034E-03
            3125     34.3116E-12    -148.903E-12    -182.222E-03
            3126    -51.4163E-12    -79.0804E-12     94.7847E-03
            3127    -52.9480E-12    -115.685E-12     92.9830E-03
            3128    -172.200E-12    -14.1056E-12     686.608E-03
            3129     50.1515E-12    -318.815E-12    -259.769E-03
            3130     52.3918E-12    -333.858E-12    -171.854E-03
            3131     181.163E-12    -340.944E-12        -2.18312
            3132     47.6707E-12    -158.076E-12    -281.323E-03
            3133     63.3868E-12    -126.419E-12    -460.404E-03
            3134    -385.153E-12     193.085E-12         14.3177
            3135    -1.17115E-09    -965.696E-12         2.30240
            3136     125.337E-12    -177.245E-12        -3.44138
            3137     132.769E-12    -172.854E-12        -3.24739
            3138    -183.683E-12     148.448E-12         8.28118
            3139    -1.23831E-09    -747.707E-12         4.78119
            3140    -1.06362E-09    -499.652E-12         5.62257
            3141    -220.427E-12     51.3497E-12         3.51810
            3142    -400.924E-12     51.3852E-12         7.35808
            3143     82.1884E-12    -299.966E-12    -795.572E-03
            3144    -56.8303E-12    -72.4205E-12     132.570E-03
            3145    -64.5225E-12    -708.842E-12    -597.074E-03
            3146    -261.590E-12    -469.540E-12     119.673E-03
            3147    -74.1846E-12    -80.2354E-12     213.122E-03
            3148    -297.405E-12    -167.568E-12     290.948E-03
            3149    -186.099E-12     41.8392E-12         2.83410
            3150    -60.9782E-12    -81.5593E-12     129.156E-03
            3151    -69.4902E-12    -87.7250E-12     155.024E-03
            3152     54.9878E-12    -366.555E-12     520.573E-03
            3153     127.634E-12    -1.17274E-09        -4.67596
            3154    -169.123E-12    -54.2485E-12    -448.807E-03
            3155    -710.382E-12    -172.102E-12         6.30596
            3156    -310.382E-12     31.0609E-12         4.33640
            3157    -60.6611E-12    -131.237E-12    -141.928E-03
            3158    -31.1159E-12    -123.344E-12     50.4368E-03
            3159     324.410E-12    -833.843E-12        -4.89258
            3160     352.287E-12    -729.840E-12        -4.93174
            3161     44.6974E-12    -355.602E-12     291.929E-03
            3162     47.3294E-12    -365.608E-12     374.518E-03
            3163    -298.868E-12    -489.528E-12    -116.866E-03
            3164    -233.562E-12    -149.852E-12    -136.340E-03
            3165    -79.2362E-12    -785.114E-12    -675.820E-03
            3166    -65.7589E-12    -843.080E-12        -1.09476
            3167     299.744E-12    -1.09948E-09        -6.36990
            3168    -312.361E-12    -539.855E-12     6.78522E-03
            3169    -164.241E-12     4.70061E-12         1.32729
            3170     15.4573E-12    -153.272E-12    -87.1714E-03
            3171     40.5431E-12    -170.207E-12    -232.435E-03
            3172     64.3603E-12    -153.215E-12    -450.984E-03
            3173    -88.0631E-12    -85.7978E-12     260.748E-03
            3174     112.645E-12    -171.445E-12        -2.78687
            3175     118.264E-12    -162.627E-12        -1.91303
            3176     269.059E-12    -380.349E-12        -3.67277
            3177     192.562E-12    -328.967E-12        -2.44538
            3178    -368.846E-12     149.642E-12         12.0140
            3179    -233.227E-12    -685.724E-12    -380.718E-03
            3180    -255.656E-12    -619.835E-12    -282.871E-03
            3181    -268.429E-12    -611.458E-12    -245.133E-03
            3182    -321.128E-12     11.0950E-12         4.01817
            3183    -540.001E-12    -158.630E-12         3.26963
            3184    -174.939E-12    -49.9538E-12    -411.813E-03
            3185    -181.464E-12    -37.9435E-12    -116.554E-03
            3186    -19.6953E-12    -138.601E-12     29.0092E-03
            3187     70.7684E-12    -311.025E-12    -598.394E-03
            3188    -710.579E-12    -1.50679E-09    -602.748E-03
            3189    -181.242E-12    -6.09978E-12     873.441E-03
            3190    -1.08717E-09    -679.959E-12         3.96220
            3191    -896.079E-12    -450.369E-12         4.23792
            3192    -306.243E-12     3.50800E-12         3.32580
            3193    -1.20478E-09    -1.43680E-09         1.09871
            3194    -203.067E-12     64.1584E-12         4.03432
            3195    -376.450E-12     78.2459E-12         8.36519
            3196    -293.013E-12    -495.625E-12     163.644E-03
            3197    -298.182E-12    -480.628E-12     204.032E-03
            3198    -1.12686E-09    -1.21266E-09         1.21105
            3199     52.4782E-12    -381.908E-12     600.289E-03
            3200    -863.852E-12    -1.44936E-09    -72.3394E-03
            3201     64.3734E-12    -1.34176E-09        -5.31312
            3202    -39.1032E-12    -136.858E-12     71.9330E-03
            3203     569.366E-12    -694.133E-12        -9.97444
            3204     481.593E-12    -520.887E-12        -7.96862
            3205    -171.158E-12    -110.998E-12         1.24241
            3206    -419.298E-12     114.300E-12         11.5537
            3207     45.8425E-12    -359.601E-12     295.903E-03
            3208     46.7586E-12    -364.875E-12     338.359E-03
            3209     47.3780E-12    -368.739E-12     367.463E-03
            3210    -306.585E-12    -524.281E-12    -121.842E-03
            3211    -314.393E-12    -522.917E-12    -103.097E-03
            3212    -321.170E-12    -528.660E-12    -87.6890E-03
            3213    -175.429E-12     18.3505E-12         1.74374
            3214    -185.976E-12     113.010E-15         1.02503
            3215    -102.140E-12    -88.6280E-12     310.596E-03
            3216    -190.716E-12    -41.8402E-12    -170.031E-03
            3217    -192.403E-12    -35.1510E-12     3.26598E-03
            3218    -266.213E-12     92.0449E-12         6.52826
            3219    -150.282E-12    -81.9928E-12     856.399E-03
            3220    -179.240E-12    -99.6463E-12         1.28892
            3221     20.1829E-12    -171.395E-12    -109.860E-03
            3222     260.278E-12    -345.733E-12        -3.66418
            3223    -43.6346E-12    -883.960E-12        -1.47308
            3224    -10.5715E-12    -153.932E-12     8.55530E-03
            3225    -57.1147E-12    -924.517E-12        -1.54568
            3226    -242.743E-12    -701.840E-12    -388.750E-03
            3227    -261.255E-12    -655.165E-12    -288.121E-03
            3228    -269.955E-12    -646.656E-12    -244.063E-03
            3229    -329.993E-12    -514.267E-12     233.640E-03
            3230     191.607E-12    -249.992E-12        -2.71113
            3231    -728.511E-12    -607.744E-12         1.59142
            3232    -693.004E-12    -588.927E-12         1.55093
            3233    -113.334E-12    -1.43405E-09        -3.63448
            3234     55.8220E-12    -196.988E-12    -356.689E-03
            3235     40.8170E-12    -202.973E-12    -225.741E-03
            3236     71.6138E-12    -195.520E-12    -527.465E-03
            3237     47.2845E-12    -366.805E-12     322.433E-03
            3238     48.3537E-12    -360.021E-12     199.764E-03
            3239    -86.2224E-12    -120.008E-12     159.458E-03
            3240    -44.3506E-12    -148.938E-12     87.5238E-03
            3241    -103.368E-12    -141.201E-12     417.193E-03
            3242    -125.934E-12    -1.33261E-09        -2.85097
            3243    -237.119E-12    -856.721E-12    -602.731E-03
            3244    -294.727E-12    -546.638E-12    -155.737E-03
            3245    -82.6399E-12    -126.624E-12     148.135E-03
            3246    -244.867E-12    -159.706E-12    -162.124E-03
            3247    -263.615E-12    -170.156E-12    -97.2562E-03
            3248    -81.1412E-12    -142.137E-12     139.262E-03
            3249    -323.227E-12    -539.589E-12    -62.8211E-03
            3250    -324.366E-12    -553.349E-12     22.1445E-03
            3251    -86.2447E-12    -1.02645E-09        -1.72002
            3252    -261.398E-12    -55.7047E-12         2.31991
            3253    -195.993E-12    -100.240E-12         1.57227
            3254    -75.3330E-12    -158.739E-12     133.010E-03
            3255    -56.3182E-12    -167.102E-12     116.253E-03
            3256    -4.63538E-12    -168.662E-12    -5.04762E-03
            3257     21.2215E-12    -185.314E-12    -110.770E-03
            3258     22.3359E-12    -194.708E-12    -111.438E-03
            3259    -822.560E-12    -534.456E-12         2.85822
            3260    -751.571E-12    -470.897E-12         2.64862
            3261    -585.799E-12    -400.915E-12         1.49640
            3262    -262.840E-12    -181.594E-12    -258.187E-03
            3263     85.6458E-12    -184.371E-12    -732.240E-03
            3264    -321.401E-12    -547.343E-12    -91.9567E-03
            3265    -168.680E-12    -72.9805E-12     975.290E-03
            3266    -84.6603E-12    -698.079E-12     25.5738E-03
            3267    -240.707E-12    -749.646E-12    -442.735E-03
            3268    -248.827E-12    -706.196E-12    -370.970E-03
            3269    -260.974E-12    -685.198E-12    -282.524E-03
            3270    -735.712E-12    -588.001E-12         1.86094
            3271     168.538E-12    -235.132E-12        -2.30254
            3272    -276.702E-12    -640.335E-12    -201.287E-03
            3273    -306.276E-12    -554.894E-12    -129.078E-03
            3274    -559.358E-12    -555.544E-12         1.03381
            3275    -132.263E-12    -1.23384E-09        -2.21981
            3276    -261.963E-12    -174.558E-12    -174.311E-03
            3277    -38.8826E-12    -155.514E-12     80.2277E-03
            3278     12.5519E-12    -181.424E-12    -69.1900E-03
            3279    -203.970E-12    -90.8587E-12         1.58580
            3280    -15.0581E-12    -170.456E-12     29.7982E-03
            3281    -241.340E-12    -768.990E-12    -453.947E-03
            3282    -223.091E-12    -1.01784E-09    -937.885E-03
            3283    -320.880E-12    -562.589E-12    -91.0302E-03
            3284    -290.758E-12    -611.982E-12    -144.538E-03
            3285    -283.457E-12    -192.691E-12    -162.775E-03
            3286     104.262E-12    -327.040E-12    -720.194E-03
            3287    -169.597E-12    -1.06609E-09        -1.06833
            3288     57.1217E-12    -373.752E-12     207.432E-03
            3289    -689.349E-12    -477.062E-12         2.09145
            3290    -72.5748E-12    -637.411E-12     300.008E-03
            3291    -102.840E-12    -749.647E-12    -10.2320E-03
            3292     17.2972E-12    -438.007E-12     909.269E-03
            3293     13.5962E-12    -449.276E-12     907.936E-03
            3294    -67.9998E-12    -174.646E-12     132.009E-03
            3295    -50.1163E-12    -181.826E-12     116.953E-03
            3296    -203.071E-12    -92.1585E-12    -677.347E-03
            3297    -238.577E-12    -196.679E-12    -761.032E-03
            3298     46.6388E-12    -391.171E-12     496.320E-03
            3299    -675.710E-12    -564.708E-12         1.63623
            3300    -241.001E-12    -780.411E-12    -443.603E-03
            3301    -215.146E-12    -997.100E-12    -894.728E-03
            3302    -142.629E-12    -1.18724E-09        -1.83109
            3303    -28.6247E-12    -518.914E-12     708.087E-03
            3304     66.0156E-12    -363.503E-12     49.5059E-03
            3305     56.8015E-12    -374.981E-12     256.559E-03
            3306    -207.957E-12    -98.7378E-12    -695.081E-03
            3307    -206.112E-12    -50.9778E-12         1.24939
            3308    -183.982E-12    -62.9629E-12     999.360E-03
            3309    -633.338E-12    -478.463E-12         1.64815
            3310    -39.6446E-12    -178.045E-12     96.1312E-03
            3311    -18.5906E-12    -180.011E-12     46.8721E-03
            3312    -61.9044E-12    -598.950E-12     462.788E-03
            3313    -248.729E-12    -222.411E-12    -792.174E-03
            3314    -300.421E-12    -598.901E-12    -106.215E-03
            3315    -318.454E-12    -572.907E-12    -85.8141E-03
            3316     13.8936E-12    -436.652E-12     914.726E-03
            3317    -224.409E-12    -28.4506E-12     786.165E-03
            3318    -60.1142E-12    -189.418E-12     134.353E-03
            3319    -42.1264E-12    -193.156E-12     113.967E-03
            3320    -363.089E-12    -558.062E-12     149.173E-03
            3321    -331.300E-12    -272.042E-12    -280.748E-03
            3322    -215.072E-12    -41.5554E-12         1.01692
            3323    -210.144E-12    -47.0347E-12     877.615E-03
            3324     70.5184E-12    -357.096E-12    -38.4647E-03
            3325    -316.531E-12    -277.976E-12    -428.494E-03
            3326    -224.652E-12    -907.812E-12    -690.657E-03
            3327    -225.446E-12    -869.578E-12    -580.483E-03
            3328    -583.781E-12    -501.698E-12         1.24713
            3329     62.3549E-12    -364.800E-12     135.317E-03
            3330    -35.3144E-12    -184.912E-12     93.0683E-03
            3331    -119.429E-12    -139.630E-12     157.512E-03
            3332    -23.7536E-12    -191.811E-12     71.9724E-03
            3333    -497.662E-12    -479.296E-12     684.593E-03
            3334    -463.316E-12    -471.594E-12     454.000E-03
            3335     87.6660E-12    -302.354E-12    -476.746E-03
            3336     10.6979E-12    -434.533E-12     914.416E-03
            3337     1.84684E-12    -441.897E-12     945.331E-03
            3338    -437.910E-12    -452.225E-12     275.054E-03
            3339    -212.876E-12    -805.687E-12    -235.964E-03
            3340    -291.576E-12    -615.887E-12    -87.2308E-03
            3341    -316.411E-12    -578.438E-12    -78.9051E-03
            3342    -50.8658E-12    -201.593E-12     135.491E-03
            3343    -31.6895E-12    -201.766E-12     102.486E-03
            3344     41.2277E-12    -260.919E-12    -119.536E-03
            3345    -315.792E-12    -578.451E-12    -77.6313E-03
            3346    -317.449E-12    -575.104E-12    -86.9302E-03
            3347    -13.5246E-12    -259.929E-12     163.274E-03
            3348    -28.2505E-12    -261.443E-12     204.036E-03
            3349    -265.513E-12    -662.022E-12    -77.8659E-03
            3350    -242.527E-12    -724.181E-12    -151.111E-03
            3351    -170.009E-12    -118.272E-12     150.238E-03
            3352     71.6506E-12    -339.243E-12    -95.7840E-03
            3353     61.9434E-12    -342.734E-12     43.9482E-03
            3354    -214.207E-12    -44.3609E-12     862.374E-03
            3355    -381.343E-12    -341.942E-12    -85.4129E-03
            3356    -232.671E-12    -828.962E-12    -510.707E-03
            3357    -366.260E-12    -347.407E-12    -208.103E-03
            3358     58.6857E-12    -371.213E-12     214.805E-03
            3359    -232.850E-12    -768.171E-12    -247.567E-03
            3360    -127.139E-12    -161.110E-12     102.692E-03
            3361    -126.142E-12    -173.242E-12     83.9024E-03
            3362    -116.732E-12    -186.561E-12     92.7373E-03
            3363    -206.666E-12    -787.538E-12    -131.618E-03
            3364    -207.485E-12    -53.5968E-12     717.783E-03
            3365    -31.7711E-12    -219.711E-12     127.012E-03
            3366    -36.1116E-12    -228.718E-12     150.084E-03
            3367    -234.657E-12    -716.991E-12    -62.7288E-03
            3368     80.8987E-12    -286.089E-12    -442.456E-03
            3369     44.2495E-12    -359.824E-12     315.011E-03
            3370    -301.340E-12    -597.870E-12    -68.1563E-03
            3371    -303.459E-12    -590.108E-12    -53.5112E-03
            3372    -81.0056E-12    -588.644E-12     710.428E-03
            3373    -272.706E-15    -437.108E-12     933.058E-03
            3374     20.4301E-12    -412.759E-12     791.366E-03
            3375    -10.5709E-12    -443.981E-12     953.719E-03
            3376    -308.330E-12    -584.470E-12    -63.2326E-03
            3377    -214.234E-12    -754.674E-12    -61.0530E-03
            3378    -447.589E-12    -487.209E-12     362.214E-03
            3379    -422.131E-12    -478.691E-12     190.997E-03
            3380    -316.756E-12    -561.346E-12    -138.844E-03
            3381     25.4214E-12    -270.088E-12     18.3154E-03
            3382    -69.8736E-12    -211.660E-12     156.769E-03
            3383     48.2968E-12    -266.307E-12    -160.354E-03
            3384    -276.483E-12    -633.459E-12    -39.6398E-03
            3385    -246.084E-12    -241.919E-12    -872.001E-03
            3386    -245.526E-12    -679.689E-12    -2.74317E-03
            3387    -50.2496E-12    -246.481E-12     199.721E-03
            3388    -310.382E-12    -559.424E-12    -140.977E-03
            3389    -39.1919E-12    -216.872E-12     137.164E-03
            3390    -332.131E-12    -331.827E-12    -431.704E-03
            3391    -212.182E-12    -49.5841E-12     715.388E-03
            3392    -416.457E-12    -458.021E-12     134.951E-03
            3393     28.4818E-12    -402.780E-12     700.624E-03
            3394     35.0796E-12    -280.111E-12    -10.8377E-03
            3395    -295.192E-12    -602.817E-12    -45.7710E-03
            3396    -219.466E-12    -731.735E-12    -15.8884E-03
            3397    -226.822E-12    -701.285E-12     39.3365E-03
            3398    -134.683E-12    -172.373E-12     59.5709E-03
            3399    -409.285E-12    -490.684E-12     125.717E-03
            3400    -292.979E-12    -592.721E-12    -23.7811E-03
            3401    -303.514E-12    -561.994E-12    -117.925E-03
            3402    -308.750E-12    -552.936E-12    -163.231E-03
            3403    -325.261E-12    -553.336E-12    -153.409E-03
            3404    -53.4972E-12    -255.205E-12     218.458E-03
            3405    -15.8359E-12    -454.094E-12     974.137E-03
            3406    -217.860E-12    -182.270E-12    -896.407E-03
            3407    -388.755E-12    -483.732E-12    -6.30459E-03
            3408    -254.272E-12    -650.782E-12     37.0232E-03
            3409    -226.189E-12    -679.029E-12     110.546E-03
            3410    -100.120E-12    -215.391E-12     125.688E-03
            3411    -176.726E-12    -146.006E-12    -63.6216E-03
            3412    -182.703E-12    -147.435E-12    -124.192E-03
            3413    -260.439E-12    -283.867E-12    -837.889E-03
            3414     17.4912E-12    -406.710E-12     762.420E-03
            3415     9.23712E-12    -412.891E-12     815.373E-03
            3416    -172.393E-12    -742.892E-12     160.156E-03
            3417    -160.619E-12    -726.472E-12     246.297E-03
            3418    -399.699E-12    -502.151E-12     90.1959E-03
            3419    -378.089E-12    -499.833E-12    -40.4426E-03
            3420    -291.105E-12    -588.719E-12    -19.1220E-03
            3421    -303.897E-12    -551.309E-12    -161.481E-03
            3422    -142.764E-12    -171.487E-12     31.2854E-03
            3423    -131.963E-12    -196.736E-12     31.8395E-03
            3424    -383.188E-12    -511.353E-12     11.7640E-03
            3425    -286.589E-12    -604.375E-12    -11.8336E-03
            3426    -203.821E-12    -716.989E-12     114.450E-03
            3427     32.6048E-12    -391.121E-12     601.762E-03
            3428    -251.227E-12    -639.688E-12     82.0749E-03
            3429    -345.108E-12    -521.647E-12    -161.129E-03
            3430    -348.684E-12    -510.861E-12    -168.968E-03
            3431    -311.959E-12    -547.383E-12    -184.450E-03
            3432    -94.9367E-12    -580.707E-12     761.067E-03
            3433    -110.982E-12    -619.338E-12     641.089E-03
            3434    -120.731E-12    -643.066E-12     563.666E-03
            3435     15.0464E-12    -400.453E-12     731.047E-03
            3436    -295.567E-12    -557.537E-12    -113.388E-03
            3437     45.0698E-12    -319.814E-12     84.8084E-03
            3438     36.3485E-12    -340.547E-12     259.892E-03
            3439    -65.3865E-12    -264.116E-12     234.174E-03
            3440    -91.6597E-12    -229.455E-12     150.868E-03
            3441    -243.081E-12    -264.855E-12    -907.372E-03
            3442    -147.920E-12    -681.112E-12     414.736E-03
            3443    -183.823E-12    -164.199E-12    -220.774E-03
            3444    -94.3224E-12    -564.718E-12     803.248E-03
            3445    -301.080E-12    -359.166E-12    -630.377E-03
            3446    -288.002E-12    -341.896E-12    -702.972E-03
            3447    -209.057E-12    -119.001E-12    -329.310E-03
            3448    -139.503E-12    -197.532E-12    -3.56337E-03
            3449    -3.37661E-12    -293.663E-12     237.480E-03
            3450     6.42387E-12    -300.289E-12     225.884E-03
            3451    -93.3921E-12    -240.431E-12     156.783E-03
            3452     14.0082E-12    -393.090E-12     688.039E-03
            3453    -340.740E-12    -433.039E-12    -350.434E-03
            3454    -275.459E-12    -593.673E-12     36.5298E-03
            3455    -112.214E-12    -599.511E-12     699.247E-03
            3456    -127.254E-12    -637.320E-12     576.022E-03
            3457    -196.366E-12    -700.258E-12     198.199E-03
            3458     20.3495E-12    -353.647E-12     426.144E-03
            3459    -237.494E-12    -269.863E-12    -914.917E-03
            3460    -286.533E-12    -380.508E-12    -666.669E-03
            3461    -86.7356E-12    -256.556E-12     190.956E-03
            3462    -288.916E-12    -562.311E-12    -71.6750E-03
            3463    -338.777E-12    -506.932E-12    -222.868E-03
            3464    -326.593E-12    -529.503E-12    -212.859E-03
            3465    -1.38140E-12    -323.864E-12     355.523E-03
            3466    -88.7814E-12    -309.362E-12     289.205E-03
            3467    -37.2586E-12    -311.321E-12     367.862E-03
            3468    -140.636E-12    -642.650E-12     538.347E-03
            3469    -20.3373E-12    -315.960E-12     367.012E-03
            3470    -321.683E-12    -534.509E-12    -212.042E-03
            3471    -206.596E-12    -133.132E-12    -380.640E-03
            3472    -204.239E-12    -132.963E-12    -327.757E-03
            3473    -249.562E-12    -627.432E-12     116.165E-03
            3474    -129.291E-12    -618.085E-12     626.205E-03
            3475    -151.217E-12    -214.562E-12    -93.8466E-03
            3476    -313.972E-12    -540.856E-12    -204.583E-03
            3477    -304.716E-12    -538.476E-12    -210.559E-03
            3478    -187.478E-12    -186.806E-12    -349.417E-03
            3479    -250.558E-12    -614.228E-12     130.968E-03
            3480    -253.468E-12    -575.849E-12     116.784E-03
            3481    -173.278E-12    -630.368E-12     463.738E-03
            3482    -182.777E-12    -618.971E-12     444.985E-03
            3483    -279.633E-12    -551.843E-12    -74.3735E-03
            3484    -188.856E-12    -603.373E-12     437.688E-03
            3485    -29.1116E-12    -324.062E-12     410.363E-03
            3486    -316.630E-12    -470.287E-12    -386.534E-03
            3487    -200.235E-12    -150.534E-12    -368.700E-03
            3488    -263.493E-12    -370.730E-12    -732.930E-03
            3489    -255.651E-12    -365.676E-12    -744.541E-03
            3490    -204.419E-12    -154.019E-12    -468.112E-03
            3491    -249.564E-12    -300.826E-12    -872.218E-03
            3492    -4.91583E-12    -363.883E-12     562.855E-03
            3493    -242.486E-12    -574.333E-12     169.357E-03
            3494    -142.441E-12    -572.207E-12     666.806E-03
            3495    -263.458E-12    -517.738E-12    -145.340E-03
            3496    -198.417E-12    -169.110E-12    -432.839E-03
            3497    -189.453E-12    -194.978E-12    -396.618E-03
            3498    -178.593E-12    -207.230E-12    -306.227E-03
            3499    -177.334E-12    -592.702E-12     500.977E-03
            3500    -242.431E-12    -561.791E-12     149.139E-03
            3501    -180.042E-12    -579.829E-12     495.663E-03
            3502    -26.1123E-12    -341.157E-12     479.479E-03
            3503    -76.2004E-12    -341.360E-12     420.610E-03
            3504    -57.5746E-12    -350.558E-12     497.791E-03
            3505    -207.431E-12    -184.289E-12    -655.120E-03
            3506    -303.146E-12    -439.321E-12    -498.663E-03
            3507    -314.752E-12    -484.739E-12    -357.571E-03
            3508    -256.723E-12    -518.384E-12    -99.6187E-03
            3509    -202.602E-12    -220.452E-12    -633.407E-03
            3510    -310.042E-12    -536.078E-12    -220.960E-03
            3511    -305.540E-12    -533.111E-12    -229.571E-03
            3512    -271.825E-12    -551.760E-12    -37.3323E-03
            3513    -190.419E-12    -202.294E-12    -429.375E-03
            3514    -185.882E-12    -223.982E-12    -413.933E-03
            3515    -258.808E-12    -508.494E-12    -162.531E-03
            3516    -263.163E-12    -496.345E-12    -250.401E-03
            3517    -287.827E-12    -440.897E-12    -526.125E-03
            3518    -168.346E-12    -584.005E-12     548.484E-03
            3519    -167.147E-12    -572.861E-12     559.619E-03
            3520    -98.3364E-12    -344.716E-12     349.474E-03
            3521    -238.866E-12    -324.280E-12    -820.972E-03
            3522    -199.976E-12    -232.234E-12    -602.406E-03
            3523    -196.148E-12    -226.124E-12    -544.109E-03
            3524    -200.960E-12    -196.790E-12    -566.754E-03
            3525    -144.354E-12    -517.569E-12     637.304E-03
            3526    -242.110E-12    -370.601E-12    -692.320E-03
            3527    -245.723E-12    -506.863E-12    -81.0556E-03
            3528    -254.936E-12    -480.898E-12    -278.358E-03
            3529    -192.006E-12    -213.611E-12    -473.282E-03
            3530    -220.641E-12    -555.178E-12     259.720E-03
            3531    -76.2476E-12    -366.704E-12     507.878E-03
            3532    -264.268E-12    -419.261E-12    -588.357E-03
            3533    -285.459E-12    -467.965E-12    -442.201E-03
            3534    -200.068E-12    -250.974E-12    -605.466E-03
            3535    -139.393E-12    -499.968E-12     629.632E-03
            3536    -281.909E-12    -472.509E-12    -423.077E-03
            3537    -169.008E-12    -276.060E-12    -252.129E-03
            3538    -231.866E-12    -511.504E-12     43.0233E-03
            3539    -195.305E-12    -213.690E-12    -517.192E-03
            3540    -52.3248E-12    -386.521E-12     651.777E-03
            3541    -210.012E-12    -539.071E-12     289.481E-03
            3542    -245.208E-12    -489.504E-12    -166.114E-03
            3543    -242.112E-12    -478.533E-12    -200.025E-03
            3544    -102.895E-12    -364.589E-12     390.445E-03
            3545    -89.3698E-12    -373.870E-12     483.277E-03
            3546    -71.9630E-12    -379.825E-12     570.459E-03
            3547    -194.453E-12    -288.184E-12    -501.424E-03
            3548    -255.248E-12    -409.719E-12    -600.109E-03
            3549    -194.095E-12    -268.741E-12    -519.965E-03
            3550    -197.192E-12    -258.389E-12    -564.529E-03
            3551    -173.189E-12    -289.840E-12    -276.857E-03
            3552    -237.551E-12    -497.527E-12    -67.1482E-03
            3553    -75.0558E-12    -387.941E-12     590.253E-03
            3554    -242.832E-12    -459.416E-12    -305.300E-03
            3555    -103.407E-12    -377.664E-12     431.455E-03
            3556    -223.120E-12    -495.919E-12     37.3632E-03
            3557    -175.085E-12    -517.257E-12     456.930E-03
            3558    -191.207E-12    -521.785E-12     365.234E-03
            3559    -241.961E-12    -497.375E-12    -101.557E-03
            3560    -235.249E-12    -477.148E-12    -153.495E-03
            3561    -231.870E-12    -464.917E-12    -189.872E-03
            3562    -123.299E-12    -373.928E-12     308.465E-03
            3563    -217.122E-12    -494.002E-12     75.8249E-03
            3564    -184.741E-12    -297.555E-12    -379.943E-03
            3565    -158.147E-12    -355.805E-12     4.07501E-03
            3566    -183.702E-12    -511.687E-12     386.300E-03
            3567    -166.049E-12    -332.126E-12    -128.618E-03
            3568    -127.042E-12    -362.279E-12     248.290E-03
            3569    -136.221E-12    -455.911E-12     517.691E-03
            3570    -143.117E-12    -465.622E-12     507.175E-03
            3571    -228.482E-12    -476.615E-12    -101.417E-03
            3572    -125.042E-12    -388.199E-12     345.733E-03
            3573    -225.113E-12    -439.538E-12    -262.425E-03
            3574    -218.129E-12    -437.816E-12    -208.826E-03
            3575    -217.848E-12    -465.133E-12    -69.2971E-03
            3576    -223.041E-12    -418.837E-12    -346.274E-03
            3577    -133.902E-12    -410.269E-12     367.211E-03
            3578    -173.194E-12    -345.912E-12    -155.331E-03
            3579    -140.136E-12    -443.912E-12     449.695E-03
            3580    -152.481E-12    -463.730E-12     438.618E-03
            3581    -141.628E-12    -379.520E-12     205.465E-03
            3582    -224.223E-12    -425.030E-12    -327.283E-03
            3583    -189.940E-12    -454.408E-12     118.281E-03
            3584    -138.342E-12    -430.401E-12     411.580E-03
            3585    -158.122E-12    -387.613E-12     109.118E-03
            3586    -190.519E-12    -398.312E-12    -130.431E-03
            3587    -151.571E-12    -426.856E-12     306.473E-03
            3588    -171.777E-12    -423.470E-12     136.803E-03
            3589    -166.246E-12    -415.720E-12     150.417E-03
            3590    -159.025E-12    -431.305E-12     268.348E-03


Field Output reported at nodes for part: ASSEMBLY

      Node Label            U.U1            U.U2            U.U3
                          @Loc 1          @Loc 1          @Loc 1
-----------------------------------------------------------------
               1              0.              0.              0.
               2              0.              0.              0.
               3              0.              0.              0.
               4              0.              0.              0.


Source 1
---------

   ODB: C:/temp/vibration.odb
   Step: analyse_modale
   Frame: Mode         4: Value =  8.79253E+06 Freq =   471.93     (cycles/time)

Loc 1 : Nodal values from source 1

Output sorted by column "Node Label".

Field Output reported at nodes for part: PLAQUE-1

      Node Label            U.U1            U.U2            U.U3
                          @Loc 1          @Loc 1          @Loc 1
-----------------------------------------------------------------
               1              0.              0.              0.
               2              0.              0.              0.
               3              0.              0.              0.
               4              0.              0.              0.
               5              0.              0.              0.
               6              0.              0.              0.
               7              0.              0.              0.
               8              0.              0.              0.
               9              0.              0.              0.
              10              0.              0.              0.
              11              0.              0.              0.
              12              0.              0.              0.
              13              0.              0.              0.
              14              0.              0.              0.
              15              0.              0.              0.
              16              0.              0.              0.
              17              0.              0.              0.
              18              0.              0.              0.
              19              0.              0.              0.
              20              0.              0.              0.
              21              0.              0.              0.
              22              0.              0.              0.
              23              0.              0.              0.
              24              0.              0.              0.
              25              0.              0.              0.
              26              0.              0.              0.
              27              0.              0.              0.
              28              0.              0.              0.
              29              0.              0.              0.
              30              0.              0.              0.
              31              0.              0.              0.
              32              0.              0.              0.
              33     216.825E-12     185.501E-12        -32.2768
              34     1.35447E-09    -2.27992E-09         33.1609
              35    -1.51980E-09     1.11105E-09         32.0032
              36    -2.54025E-09    -2.72545E-09        -32.5385
              37     223.901E-12     130.999E-12        -28.6594
              38     221.636E-12     39.6828E-12        -24.9455
              39     199.404E-12    -33.7792E-12        -21.1686
              40     173.573E-12    -83.4833E-12        -17.4190
              41     159.315E-12    -99.5964E-12        -13.8242
              42     164.320E-12    -110.471E-12        -10.4937
              43     189.521E-12    -119.638E-12        -7.45409
              44     219.590E-12    -133.196E-12        -4.69700
              45     266.070E-12    -144.011E-12        -2.16697
              46     326.771E-12    -170.651E-12     255.634E-03
              47     406.523E-12    -213.917E-12         2.67989
              48     518.844E-12    -300.216E-12         5.23722
              49     650.884E-12    -424.882E-12         8.01071
              50     802.977E-12    -595.352E-12         11.0701
              51     972.182E-12    -818.338E-12         14.4482
              52     1.11841E-09    -1.09724E-09         18.0940
              53     1.23227E-09    -1.38993E-09         21.8941
              54     1.30813E-09    -1.70039E-09         25.7252
              55     1.34233E-09    -1.98995E-09         29.4899
              56    -1.27600E-09     1.09262E-09         28.4428
              57    -1.03557E-09     1.04377E-09         24.7869
              58    -798.891E-12     960.747E-12         21.0558
              59    -606.712E-12     856.299E-12         17.3547
              60    -451.934E-12     745.420E-12         13.8034
              61    -336.547E-12     625.449E-12         10.5003
              62    -268.521E-12     517.465E-12         7.50025
              63    -245.562E-12     415.504E-12         4.76870
              64    -260.077E-12     334.335E-12         2.25788
              65    -303.034E-12     289.974E-12    -132.620E-03
              66    -334.137E-12     275.926E-12        -2.53176
              67    -333.206E-12     280.218E-12        -5.04008
              68    -291.714E-12     284.943E-12        -7.75785
              69    -224.314E-12     279.290E-12        -10.7548
              70    -145.817E-12     261.389E-12        -14.0506
              71    -76.3141E-12     238.260E-12        -17.6023
              72    -8.39853E-12     223.284E-12        -21.3092
              73     67.5133E-12     216.312E-12        -25.0391
              74     156.535E-12     206.563E-12        -28.7052
              75    -2.52336E-09    -2.42281E-09        -28.9244
              76    -2.47444E-09    -2.10673E-09        -25.2178
              77    -2.38236E-09    -1.82006E-09        -21.4426
              78    -2.28189E-09    -1.56259E-09        -17.6995
              79    -2.16870E-09    -1.32907E-09        -14.1189
              80    -2.05484E-09    -1.11503E-09        -10.7861
              81    -1.92603E-09    -912.267E-12        -7.74418
              82    -1.80399E-09    -741.328E-12        -5.00749
              83    -1.68831E-09    -589.140E-12        -2.48418
              84    -1.58884E-09    -455.743E-12    -80.8885E-03
              85    -1.50365E-09    -331.790E-12         2.33625
              86    -1.42394E-09    -214.876E-12         4.85430
              87    -1.36642E-09    -116.448E-12         7.56806
              88    -1.33537E-09    -14.8152E-12         10.5615
              89    -1.33405E-09     86.7031E-12         13.8514
              90    -1.37592E-09     218.605E-12         17.3959
              91    -1.43240E-09     405.878E-12         21.0889
              92    -1.47879E-09     638.962E-12         24.8083
              93    -1.50613E-09     871.539E-12         28.4510
              94     1.07860E-09    -2.25407E-09         29.4605
              95     835.992E-12    -2.20799E-09         25.6674
              96     610.496E-12    -2.14903E-09         21.8123
              97     413.195E-12    -2.07959E-09         17.9913
              98     247.661E-12    -2.01332E-09         14.3301
              99     111.217E-12    -1.95257E-09         10.9298
             100     4.99628E-12    -1.90315E-09         7.84757
             101    -72.3561E-12    -1.88114E-09         5.06228
             102    -135.604E-12    -1.88674E-09         2.49959
             103    -187.289E-12    -1.92225E-09     60.3994E-03
             104    -247.038E-12    -2.01534E-09        -2.38497
             105    -349.001E-12    -2.13677E-09        -4.92685
             106    -526.399E-12    -2.28864E-09        -7.67579
             107    -781.238E-12    -2.42800E-09        -10.7194
             108    -1.07308E-09    -2.53778E-09        -14.0655
             109    -1.37559E-09    -2.60742E-09        -17.6633
             110    -1.66174E-09    -2.65197E-09        -21.4183
             111    -1.94462E-09    -2.68643E-09        -25.2030
             112    -2.23711E-09    -2.71830E-09        -28.9178
             113    -15.5924E-12    -16.4509E-12    -299.969E-03
             114     5.64295E-12    -34.7834E-12     25.1733E-03
             115    -125.241E-12    -184.668E-12    -1.81206E-03
             116    -9.63671E-12    -30.2040E-12     61.6752E-03
             117    -16.7698E-12    -7.33672E-12    -167.827E-03
             118    -308.888E-12    -190.528E-12    -190.554E-03
             119    -365.646E-12    -285.243E-12    -286.989E-03
             120    -201.476E-12    -227.167E-12     78.7968E-03
             121     89.9475E-12    -216.235E-12     422.771E-03
             122     87.8126E-12    -365.188E-12     422.789E-03
             123    -96.8741E-15    -389.168E-12     258.565E-03
             124    -2.32718E-12    -117.088E-12    -44.8306E-03
             125     45.3031E-12    -177.065E-12    -88.0547E-03
             126    -19.0894E-12    -171.885E-12    -729.413E-06
             127     18.8676E-12    -145.086E-12     176.776E-03
             128    -92.4356E-12     13.4105E-12    -70.8098E-03
             129    -139.579E-12    -50.6611E-12     11.9062E-03
             130    -198.380E-12    -37.8527E-12     128.205E-03
             131    -107.909E-12     20.3163E-12    -66.6253E-03
             132    -202.917E-12     57.1796E-12     304.258E-03
             133    -145.946E-12     83.1959E-12     312.873E-03
             134    -93.3824E-12     22.1157E-12     149.671E-03
             135    -102.214E-12    -3.33525E-12     15.1862E-03
             136    -5.43415E-12    -19.5310E-12    -326.377E-03
             137     7.31218E-12    -22.9048E-12    -219.973E-03
             138    -124.740E-12    -387.539E-12    -183.873E-03
             139    -20.5166E-12    -18.0374E-12     60.9868E-03
             140    -103.518E-12    -164.059E-12    -10.9855E-03
             141    -239.443E-12    -441.925E-12    -291.530E-03
             142    -150.943E-12    -252.472E-12     68.6013E-03
             143    -23.0131E-12    -465.730E-15    -54.6022E-03
             144    -20.1784E-12    -32.2237E-12     97.5979E-03
             145    -121.169E-12     14.6207E-12    -106.358E-03
             146    -44.8469E-12    -195.140E-12     197.212E-06
             147     34.5595E-12    -139.325E-12    -74.8628E-03
             148    -195.507E-12    -285.012E-12     108.067E-03
             149    -82.6524E-12    -215.311E-12     36.1513E-03
             150    -192.437E-12    -178.543E-12     64.6022E-03
             151     2.71946E-12    -55.6777E-12     69.8808E-03
             152    -72.0606E-12    -16.9784E-12    -41.5417E-03
             153    -79.6222E-12     53.4656E-12     200.842E-03
             154    -25.1503E-12    -11.6515E-12    -445.178E-03
             155    -427.022E-12    -315.382E-12    -446.155E-03
             156    -198.835E-12     6.75469E-12     184.327E-03
             157    -103.759E-12     2.74279E-12    -36.5254E-03
             158     55.5510E-12    -458.497E-12     616.356E-03
             159     12.0623E-12    -204.796E-12    -71.2467E-03
             160     64.9988E-12    -222.883E-12     502.330E-03
             161    -12.4679E-12    -18.1287E-12    -283.162E-03
             162    -25.8893E-12    -129.233E-12     57.2641E-03
             163    -166.164E-12    -160.362E-12    -81.8296E-03
             164     118.567E-12    -257.284E-12     389.489E-03
             165    -51.0149E-12    -292.620E-12     121.851E-03
             166    -63.8620E-12    -225.138E-12    -63.9331E-03
             167     13.0255E-12    -23.2855E-12    -54.8119E-03
             168    -307.269E-12    -348.804E-12    -252.932E-03
             169    -39.9680E-12    -2.45410E-12    -252.161E-03
             170    -225.261E-12     89.8911E-12     605.095E-03
             171    -115.242E-12     23.8389E-12     145.581E-03
             172    -232.711E-12    -54.9784E-12     139.578E-03
             173    -22.4171E-12    -5.53368E-12     30.8811E-03
             174     3.32982E-12    -28.6765E-12    -559.385E-03
             175    -259.778E-12    -541.447E-12    -468.264E-03
             176     10.7444E-12    -207.037E-12    -119.797E-03
             177    -138.961E-12    -12.7952E-12    -121.114E-03
             178     31.7858E-12    -249.549E-12    -151.836E-03
             179    -34.6904E-12    -23.6284E-12     104.989E-03
             180    -252.413E-12    -296.668E-12     136.271E-03
             181    -184.330E-12    -331.832E-12     104.048E-03
             182    -190.567E-12    -57.9281E-12    -11.5444E-03
             183    -15.2191E-12    -204.843E-12     73.6353E-03
             184    -142.850E-12    -346.366E-12    -83.4459E-03
             185    -9.34177E-12    -51.3891E-12     109.883E-03
             186    -155.917E-12     13.1746E-12    -108.478E-03
             187    -42.7017E-12    -2.93026E-12    -39.2291E-03
             188    -195.305E-12    -282.438E-12    -29.4492E-03
             189    -56.2082E-12    -297.079E-12     86.9211E-03
             190    -182.460E-12    -490.602E-12    -315.807E-03
             191    -369.736E-12    -289.699E-12    -321.271E-03
             192    -291.172E-12    -19.2889E-12     333.207E-03
             193    -20.7377E-12    -19.5640E-12    -636.740E-03
             194    -32.0244E-12    -3.69456E-12    -300.434E-03
             195    -149.338E-12     11.0047E-12     3.73735E-03
             196    -8.85480E-12    -26.3887E-12    -644.883E-03
             197     131.217E-12    -450.508E-12     919.218E-03
             198    -307.041E-12     40.7745E-12     587.178E-03
             199    -21.1700E-12    -493.845E-12     446.114E-03
             200    -180.980E-12     97.9134E-12     584.722E-03
             201    -138.362E-12     73.7315E-12     418.635E-03
             202     13.9076E-12    -193.375E-12     243.494E-03
             203     18.6240E-12    -52.4545E-12    -59.7314E-03
             204     139.440E-12    -403.297E-12     925.898E-03
             205    -487.667E-12    -495.493E-12    -633.206E-03
             206    -388.964E-12    -560.227E-12    -584.180E-03
             207     18.2551E-12    -39.9208E-12    -427.089E-03
             208    -167.808E-12     15.9031E-12    -148.802E-03
             209    -22.1543E-12    -50.2492E-12     142.636E-03
             210     36.5737E-12    -181.435E-12    -117.133E-03
             211    -138.640E-15    -71.2577E-12     118.153E-03
             212    -154.514E-12     9.15306E-12    -65.0092E-03
             213    -237.966E-12    -369.677E-12     143.881E-03
             214    -185.204E-12    -314.902E-12     57.2961E-03
             215    -14.9531E-12    -236.828E-12    -82.4002E-03
             216    -342.554E-12    -302.997E-12    -205.644E-03
             217    -45.6601E-12    -430.409E-12     226.095E-03
             218    -162.792E-12    -426.540E-12    -175.888E-03
             219    -582.425E-12    -500.297E-12    -804.949E-03
             220    -36.9642E-12    -6.70899E-12    -547.432E-03
             221    -276.983E-12    -75.3736E-12     118.708E-03
             222    -158.207E-12     64.8810E-12     398.449E-03
             223    -303.098E-12     11.4641E-12     440.693E-03
             224     3.70755E-12    -207.417E-12     162.222E-03
             225     27.6379E-12    -618.847E-12     869.103E-03
             226    -15.0066E-12    -24.1378E-12    -690.231E-03
             227    -167.875E-12     89.7775E-12     513.035E-03
             228    -157.369E-12    -35.5188E-12    -78.4123E-03
             229    -240.986E-12    -315.337E-12     85.4927E-03
             230     4.85370E-12    -270.058E-12    -84.3797E-03
             231     18.8428E-12    -44.2960E-12    -188.663E-03
             232    -41.7854E-12    -12.8836E-12     65.1490E-03
             233     142.306E-12    -354.790E-12         1.01855
             234     156.295E-12    -537.732E-12         1.38004
             235    -343.234E-12     87.3027E-12     958.829E-03
             236     18.2766E-12    -45.4943E-12    -984.335E-03
             237    -443.054E-12    -527.534E-12    -592.211E-03
             238    -291.045E-12    -683.135E-12    -668.103E-03
             239    -193.822E-12    -32.9012E-12    -166.495E-03
             240    -45.4207E-12    -31.3662E-12     146.973E-03
             241     36.9118E-12    -283.499E-12    -197.992E-03
             242    -293.661E-12    -369.961E-12     186.315E-03
             243     1.52945E-12    -279.921E-12    -159.057E-03
             244    -242.651E-12    -394.371E-12     137.136E-03
             245    -297.047E-12    -87.9577E-12     66.0136E-03
             246    -188.233E-12    -408.646E-12    -80.7440E-03
             247    -2.36290E-12    -257.517E-12     113.665E-03
             248    -59.0179E-12    -3.92933E-12    -26.5868E-03
             249    -22.0403E-12    -64.8471E-12     183.172E-03
             250    -188.872E-12     13.6091E-12    -142.457E-03
             251    -295.452E-12    -751.787E-12    -791.214E-03
             252    -367.610E-12    -42.6992E-12     470.957E-03
             253    -558.281E-12    -401.603E-12    -679.867E-03
             254    -182.617E-12     34.4143E-12     99.5553E-03
             255     26.8816E-12    -65.9439E-12    -197.554E-03
             256    -31.4079E-12    -17.0608E-12        -1.01457
             257    -228.975E-12    -355.984E-12     45.0046E-03
             258     44.5522E-12    -244.789E-12     465.803E-03
             259    -400.661E-12     60.0109E-12         1.11627
             260    -38.9887E-12    -599.755E-12     563.942E-03
             261    -41.9742E-12    -353.646E-12    -73.7096E-03
             262    -188.405E-12     105.579E-12     717.555E-03
             263     174.537E-12    -509.097E-12         1.56516
             264    -3.75318E-12    -33.0887E-12    -969.385E-03
             265    -628.007E-12    -621.594E-12        -1.11378
             266     113.853E-12    -582.532E-12         1.14833
             267    -267.036E-12     135.043E-12         1.08810
             268     26.2818E-12    -52.9890E-12    -539.465E-03
             269    -461.063E-12    -730.276E-12    -964.437E-03
             270    -259.925E-12    -307.144E-12     131.334E-03
             271     24.8133E-12    -264.539E-12    -140.452E-03
             272     33.8043E-12    -261.483E-12    -195.984E-03
             273    -271.350E-12    -397.501E-12     187.807E-03
             274    -179.662E-12     4.57485E-12    -192.465E-03
             275    -32.4189E-12    -51.0373E-12     176.604E-03
             276    -200.378E-12    -51.0074E-12    -117.719E-03
             277    -51.2328E-12    -23.5436E-12     127.429E-03
             278    -232.107E-12    -380.806E-12     102.419E-03
             279    -21.4640E-12    -340.526E-12    -159.387E-03
             280    -3.81346E-12    -84.3068E-12     163.171E-03
             281    -227.427E-12    -392.249E-12     26.4928E-03
             282     4.11776E-12    -298.411E-12    -62.0039E-03
             283    -183.485E-12     14.3461E-12    -93.0774E-03
             284    -207.784E-12    -559.569E-12    -337.656E-03
             285    -369.001E-12    -79.7732E-12     345.506E-03
             286     1.96542E-12    -243.825E-12     155.745E-03
             287    -66.7565E-12     8.61546E-12    -396.602E-03
             288    -492.447E-12    -391.727E-12    -505.106E-03
             289    -170.044E-12     59.1774E-12     339.854E-03
             290    -45.4301E-12    -4.78191E-12    -946.792E-03
             291    -17.1794E-12    -27.8246E-12        -1.30788
             292    -47.1043E-12    -657.871E-12     645.202E-03
             293    -675.816E-12    -543.484E-12        -1.14748
             294    -392.747E-12     16.3560E-12     801.820E-03
             295     131.218E-12    -343.989E-12         1.17554
             296    -206.972E-12     124.042E-12     913.072E-03
             297     28.5960E-12    -59.1647E-12    -375.973E-03
             298     158.718E-12    -615.112E-12         1.71125
             299    -395.085E-12     132.817E-12         1.74673
             300    -423.018E-12    -835.635E-12        -1.20599
             301     30.2836E-12    -58.2697E-12        -1.67623
             302    -561.910E-12    -657.997E-12        -1.00833
             303    -294.229E-12    -374.632E-12     179.423E-03
             304     28.8756E-12    -299.934E-12    -204.765E-03
             305    -276.402E-12    -385.514E-12     139.077E-03
             306     16.1773E-12    -308.879E-12    -168.738E-03
             307    -240.335E-12    -71.0286E-12    -44.2299E-03
             308    -57.9328E-12    -12.2641E-12     63.9723E-03
             309    -266.329E-12    -353.047E-12     156.838E-03
             310    -228.516E-12    -556.470E-12    -186.715E-03
             311     9.65564E-12    -290.422E-12     178.352E-03
             312    -217.291E-12    -36.7237E-12    -233.578E-03
             313    -53.4267E-12    -54.3004E-12     237.969E-03
             314     33.6794E-12    -299.084E-12    -234.076E-03
             315     15.8034E-12    -271.670E-12    -188.359E-03
             316    -288.459E-12    -442.636E-12     206.215E-03
             317     10.2057E-12    -77.9235E-12     71.3388E-03
             318    -184.051E-12     20.0330E-12    -17.3425E-03
             319    -23.2198E-12    -77.5659E-12     218.703E-03
             320    -211.058E-12     9.25386E-12    -208.931E-03
             321    -62.6175E-12    -433.907E-12     20.7167E-03
             322    -375.093E-12    -100.397E-12     222.634E-03
             323     31.0595E-12    -83.9681E-12    -162.663E-03
             324    -77.8170E-12     8.28185E-12    -198.106E-03
             325    -204.492E-12     61.6730E-12     211.644E-03
             326    -492.600E-12    -42.3840E-12     970.141E-03
             327    -53.6188E-12     3.08135E-12    -618.273E-03
             328     81.0539E-12    -295.165E-12     863.658E-03
             329    -42.8525E-12    -11.4601E-12        -1.98368
             330    -701.906E-12    -519.014E-12        -1.15410
             331    -199.364E-12     121.514E-12     891.346E-03
             332    -469.112E-12     75.4447E-12         1.67011
             333    -2.44610E-12    -698.810E-12         1.00726
             334     183.367E-12    -481.663E-12         1.72900
             335    -7.17072E-12    -36.3895E-12        -2.00335
             336     156.163E-12    -726.465E-12         2.14856
             337    -306.036E-12     173.567E-12         1.81729
             338    -740.424E-12    -712.001E-12        -1.57583
             339     40.2182E-12    -72.2402E-12    -668.430E-03
             340    -621.617E-12    -890.142E-12        -1.73034
             341    -268.388E-12    -83.0029E-12    -79.4979E-03
             342     5.88808E-12    -90.0431E-12     125.917E-03
             343    -71.9703E-12    -20.4221E-12     132.552E-03
             344    -203.520E-12     26.8507E-12    -45.6543E-03
             345    -297.849E-12    -435.521E-12     177.767E-03
             346     24.7856E-12    -318.718E-12    -220.456E-03
             347    -52.7600E-12    -43.4975E-12     203.050E-03
             348    -317.497E-12    -98.6799E-12     8.44528E-03
             349    -70.5486E-12    -11.3477E-12     66.6182E-03
             350    -269.485E-12    -416.231E-12     105.262E-03
             351     15.3286E-12    -322.695E-12    -179.480E-03
             352     31.8199E-12    -317.244E-12    -249.431E-03
             353    -271.318E-12    -428.361E-12     164.780E-03
             354    -285.364E-12    -378.028E-12     191.728E-03
             355    -473.696E-12    -84.9417E-12     648.081E-03
             356    -86.4452E-12     20.5469E-12    -631.131E-03
             357     24.2236E-12    -74.6643E-12    -75.1947E-03
             358    -204.571E-12     41.5646E-12     64.0218E-03
             359     32.5628E-12    -302.787E-12    -243.640E-03
             360    -314.063E-12    -463.533E-12     253.115E-03
             361    -268.318E-12    -476.137E-12     75.5385E-03
             362     8.07690E-12    -319.286E-12    -40.4584E-03
             363    -42.4423E-12    -64.8141E-12     240.390E-03
             364    -215.182E-12    -10.1119E-12    -263.195E-03
             365    -13.3462E-12    -80.1348E-12     192.972E-03
             366    -207.513E-12     13.6618E-12    -173.114E-03
             367    -248.259E-12    -668.635E-12    -458.336E-03
             368    -39.0785E-12    -391.408E-12    -147.987E-03
             369     54.8396E-12    -294.657E-12     632.500E-03
             370    -63.1133E-12    -504.214E-12     268.805E-03
             371    -647.128E-12    -476.025E-12    -870.753E-03
             372    -196.576E-12     88.7015E-12     498.356E-03
             373    -38.2022E-12    -774.185E-12         1.02464
             374    -68.6812E-12     9.36581E-12        -1.75174
             375    -516.445E-12     17.7104E-12         1.51562
             376    -23.1035E-12    -26.4624E-12        -2.14938
             377     159.271E-12    -388.387E-12         1.77406
             378     50.9459E-12    -88.3104E-12    -701.355E-03
             379    -802.312E-12    -628.992E-12        -1.64529
             380    -244.837E-12     158.025E-12         1.37553
             381    -513.496E-12     139.488E-12         2.79972
             382     203.167E-12    -647.569E-12         2.40542
             383     126.230E-12    -879.598E-12         2.64411
             384    -407.558E-12    -929.460E-12        -1.39601
             385     45.9796E-12    -70.9212E-12        -1.64774
             386     25.7766E-12    -57.4701E-12        -2.60942
             387    -692.983E-12    -815.144E-12        -1.68776
             388    -568.906E-12    -990.189E-12        -1.92121
             389     8.12875E-12    -316.528E-12    -226.187E-03
             390    -315.288E-12    -473.559E-12     226.003E-03
             391    -232.123E-12    -55.9757E-12    -214.846E-03
             392    -62.0536E-12    -40.3831E-12     210.658E-03
             393    -16.0207E-12    -91.5581E-12     227.857E-03
             394    -225.076E-12     12.4986E-12    -209.448E-03
             395    -378.737E-12    -424.742E-12    -78.1721E-03
             396    -77.7560E-12    -548.262E-12     200.257E-03
             397    -293.432E-12    -481.517E-12     154.274E-03
             398     11.3958E-12    -330.271E-12    -139.825E-03
             399    -242.582E-12    -67.5911E-12    -150.206E-03
             400    -56.8385E-12    -32.4017E-12     171.191E-03
             401    -7.28590E-12    -95.5487E-12     203.159E-03
             402    -220.337E-12     20.7945E-12    -151.027E-03
             403     27.8813E-12    -93.4931E-12    -63.2936E-03
             404    -217.831E-12     46.1929E-12     22.3133E-03
             405    -312.881E-12    -430.589E-12     234.780E-03
             406    -329.755E-12    -488.407E-12     265.302E-03
             407    -326.875E-12    -108.147E-12    -46.6504E-03
             408    -84.7877E-12    -3.22640E-12     5.99405E-03
             409     25.4636E-12    -332.390E-12    -261.380E-03
             410    -249.999E-12    -638.952E-12    -250.547E-03
             411     21.0147E-12    -308.956E-12     238.537E-03
             412     29.0049E-12    -333.084E-12    -289.344E-03
             413    -7.37463E-12    -324.756E-12    -196.719E-03
             414    -63.9450E-12    -467.908E-12    -54.9433E-03
             415    -306.426E-12    -412.417E-12     36.3562E-03
             416    -269.921E-12    -415.694E-12     120.496E-03
             417    -324.339E-12    -428.733E-12     249.848E-03
             418     20.6833E-12    -306.336E-12    -243.140E-03
             419    -32.7456E-12    -64.4312E-12     211.928E-03
             420    -203.351E-12     4.00821E-12    -223.087E-03
             421    -229.363E-12    -39.0705E-12    -278.891E-03
             422    -61.4608E-12    -67.8535E-12     290.132E-03
             423    -476.137E-12    -417.242E-12    -361.020E-03
             424    -69.0530E-12    -623.783E-12     438.503E-03
             425     49.5413E-12    -76.1390E-12        -1.14138
             426    -450.672E-12    -112.541E-12     411.550E-03
             427    -95.6052E-12     19.9969E-12    -372.017E-03
             428     42.4989E-12    -89.9043E-12    -392.937E-03
             429    -742.833E-12    -1.01522E-09        -2.50054
             430     50.0967E-12    -72.7265E-12        -2.75797
             431    -526.477E-12    -1.07929E-09        -2.16241
             432    -599.626E-12    -58.3127E-12         1.43499
             433    -77.9372E-12     17.1489E-12        -1.03275
             434    -302.638E-12    -829.652E-12    -893.544E-03
             435     118.936E-12    -345.216E-12         1.31090
             436    -48.3472E-12    -6.18151E-12        -3.25213
             437    -830.118E-12    -600.407E-12        -1.64033
             438    -234.736E-12     175.335E-12         1.49356
             439    -569.690E-12     80.2649E-12         2.52710
             440     5.26210E-12    -889.509E-12         1.72518
             441     224.760E-12    -588.566E-12         2.61722
             442     2.24103E-12    -43.6279E-12        -3.12695
             443    -399.374E-12     225.259E-12         3.26736
             444     171.504E-12    -835.476E-12         2.93029
             445    -898.537E-12    -838.406E-12        -2.47354
             446    -41.7965E-12    -76.1050E-12     266.863E-03
             447    -226.572E-12    -8.48006E-12    -281.700E-03
             448    -333.235E-12    -447.469E-12     272.247E-03
             449    -18.1162E-12    -368.727E-12    -224.560E-03
             450    -307.431E-12    -458.962E-12     177.752E-03
             451    -342.434E-12    -491.850E-12     226.776E-03
             452    -32.8742E-12    -86.8580E-12     269.125E-03
             453    -227.521E-12     1.79189E-12    -259.461E-03
             454    -268.768E-12    -82.2974E-12    -217.455E-03
             455    -70.7715E-12    -38.3313E-12     216.150E-03
             456    -11.3261E-12    -105.583E-12     238.258E-03
             457    -233.146E-12     14.4878E-12    -217.517E-03
             458    -337.463E-12    -483.983E-12     293.717E-03
             459    -273.309E-12    -85.1010E-12    -164.777E-03
             460     18.8028E-12    -336.386E-12    -232.621E-03
             461    -84.9898E-12    -18.1285E-12     132.293E-03
             462    -317.562E-12    -471.231E-12     232.632E-03
             463     22.8504E-12    -333.578E-12    -290.371E-03
             464    -385.221E-12    -456.343E-12    -1.39594E-03
             465    -81.0161E-12    -552.001E-12     62.9051E-03
             466     27.8054E-12    -335.179E-12    -288.183E-03
             467    -457.430E-12    -447.728E-12    -224.257E-03
             468    -338.431E-12    -476.704E-12     173.792E-03
             469    -1.05681E-12    -351.956E-12    -265.788E-03
             470    -48.0515E-12    -444.360E-12    -192.863E-03
             471    -50.7663E-12    -77.4545E-12     291.470E-03
             472    -231.914E-12    -27.5638E-12    -301.118E-03
             473    -91.3319E-12    -721.748E-12     435.343E-03
             474    -250.188E-12    -63.5865E-12    -272.910E-03
             475    -65.7063E-12    -54.0477E-12     260.489E-03
             476    -590.126E-12    -468.557E-12    -632.338E-03
             477     9.42833E-12    -107.306E-12     138.168E-03
             478    -270.478E-12    -539.582E-12     40.9553E-03
             479    -72.7363E-12    -724.181E-12     640.287E-03
             480     10.9015E-12    -330.734E-12    -89.6313E-03
             481    -230.849E-12     22.5787E-12    -172.839E-03
             482    -92.7326E-12     6.77215E-12    -97.6623E-03
             483    -563.579E-12    -96.9277E-12     963.816E-03
             484    -108.423E-12     35.7661E-12    -837.067E-03
             485     66.0531E-12    -86.5401E-12        -1.89275
             486    -697.374E-12    -1.10773E-09        -2.74569
             487     36.8903E-12    -91.1024E-12    -230.751E-03
             488    -264.413E-12    -748.140E-12    -519.607E-03
             489    -218.794E-12     66.0504E-12     154.694E-03
             490     57.3397E-12    -314.976E-12     653.750E-03
             491    -781.068E-12    -556.718E-12        -1.33725
             492    -47.1041E-12    -870.317E-12         1.24137
             493    -386.273E-12    -997.960E-12        -1.51520
             494     57.4882E-12    -103.638E-12    -641.295E-03
             495     35.0385E-12    -64.5322E-12        -4.24052
             496     82.8881E-12    -931.912E-12         2.54728
             497    -214.568E-12     115.922E-12     631.112E-03
             498    -104.131E-12     38.0293E-12        -1.98725
             499    -820.971E-12    -940.464E-12        -2.50068
             500    -632.817E-12    -12.5757E-12         2.06694
             501    -265.931E-12     240.139E-12         2.44239
             502     188.626E-12    -409.699E-12         2.27671
             503    -77.9774E-12     18.0952E-12        -3.04132
             504    -22.2453E-12    -26.4460E-12        -3.41090
             505    -674.480E-12     32.5518E-12         2.92910
             506    -900.169E-12    -688.306E-12        -2.10997
             507    -343.193E-12     254.596E-12         3.34554
             508     233.992E-12    -471.178E-12         2.97263
             509    -589.279E-12     148.273E-12         3.76072
             510    -484.319E-12     234.070E-12         4.21893
             511     159.914E-12    -994.037E-12         3.75075
             512     210.292E-12    -804.265E-12         3.25356
             513     12.7074E-12    -338.457E-12    -167.998E-03
             514    -48.5131E-12    -87.0403E-12     307.177E-03
             515    -236.027E-12    -22.3107E-12    -314.960E-03
             516    -233.228E-12    -7.04430E-12    -292.051E-03
             517    -33.8683E-12    -96.5800E-12     292.392E-03
             518    -341.139E-12    -499.041E-12     298.412E-03
             519    -26.5263E-12    -98.7024E-12     276.234E-03
             520    -232.469E-12     4.36201E-12    -259.410E-03
             521    -68.1242E-12    -69.4533E-12     304.676E-03
             522    -251.990E-12    -57.9822E-12    -323.173E-03
             523     14.1266E-12    -340.819E-12    -284.038E-03
             524    -434.857E-12    -129.288E-12     227.747E-03
             525     20.7603E-12    -349.190E-12    -282.686E-03
             526    -105.161E-12     17.9751E-12    -208.109E-03
             527    -333.980E-12    -465.341E-12     286.301E-03
             528    -29.4270E-12    -407.750E-12    -256.560E-03
             529    -337.671E-12    -465.620E-12     286.904E-03
             530    -366.073E-12    -499.680E-12     211.699E-03
             531     20.3051E-12    -355.485E-12    -330.614E-03
             532    -93.6651E-12    -640.633E-12     192.082E-03
             533    -450.677E-12    -473.685E-12    -92.6517E-03
             534    -369.730E-12    -489.120E-12     155.974E-03
             535    -67.6071E-12    -497.046E-12    -116.242E-03
             536    -310.941E-12    -497.199E-12     214.039E-03
             537    -272.767E-12    -86.9818E-12    -262.881E-03
             538    -77.7892E-12    -44.9838E-12     249.381E-03
             539    -556.785E-12    -477.711E-12    -415.066E-03
             540    -298.316E-12    -103.313E-12    -204.814E-03
             541    -4.01626E-12    -110.677E-12     216.665E-03
             542    -368.578E-12    -122.820E-12     12.5713E-03
             543    -82.3424E-12    -30.9564E-12     199.375E-03
             544    -101.461E-12     2.97191E-12    -15.8229E-03
             545    -236.705E-12     19.8495E-12    -202.779E-03
             546     81.2682E-12    -319.505E-12     950.662E-03
             547     33.5153E-12    -110.783E-12    -77.3099E-03
             548    -259.423E-12    -696.169E-12    -274.981E-03
             549     22.6990E-12    -320.320E-12     183.718E-03
             550    -716.008E-12    -520.984E-12    -968.718E-03
             551     46.0773E-12    -102.289E-12    -345.316E-03
             552     59.7605E-12    -88.4033E-12        -1.20089
             553     70.7349E-12    -85.6176E-12        -2.85475
             554    -20.7320E-12    -967.177E-12         1.83109
             555    -488.171E-12    -1.16853E-09        -2.35318
             556    -529.334E-12    -126.112E-12     609.568E-03
             557    -114.315E-12     34.0112E-12    -523.883E-03
             558    -218.122E-12     87.9434E-12     318.223E-03
             559     55.8908E-12    -75.8583E-12        -4.14656
             560    -232.317E-12     190.489E-12         1.49999
             561     147.992E-12    -365.585E-12         1.75106
             562    -653.861E-12    -1.21444E-09        -3.05902
             563    -51.7742E-12     3.79227E-12        -4.81115
             564    -837.194E-12    -1.10780E-09        -3.23323
             565    -655.995E-12     116.248E-12         3.95681
             566     270.301E-12    -585.882E-12         3.56306
             567    -404.497E-12     266.861E-12         4.09178
             568     198.742E-12    -938.489E-12         3.88061
             569     121.887E-12    -1.05632E-09         3.64805
             570    -105.350E-12     36.7313E-12        -1.30719
             571    -110.022E-12     46.0956E-12        -2.94458
             572    -301.142E-12    -887.371E-12    -931.216E-03
             573    -762.964E-12    -2.54218E-12         3.31034
             574    -323.252E-12     296.081E-12         3.85224
             575     251.714E-12    -466.374E-12         3.30515
             576     303.087E-12    -886.302E-12         5.28544
             577     12.1592E-12    -48.6922E-12        -4.66757
             578    -1.02713E-09    -841.898E-12        -3.05412
             579    -1.03408E-09    -1.05901E-09        -3.85811
             580    -343.972E-12    -475.684E-12     309.736E-03
             581    -40.7178E-12    -94.6569E-12     305.180E-03
             582    -240.912E-12    -18.6863E-12    -322.109E-03
             583    -60.7263E-12    -81.5786E-12     319.163E-03
             584    -246.147E-12    -45.9119E-12    -334.953E-03
             585    -289.323E-12    -529.810E-12     127.877E-03
             586    -72.9425E-12    -62.9832E-12     295.593E-03
             587    -262.755E-12    -76.0144E-12    -312.561E-03
             588    -348.986E-12    -500.825E-12     327.562E-03
             589    -384.636E-12    -503.979E-12     195.413E-03
             590    -56.9081E-12    -476.270E-12    -226.777E-03
             591     15.3567E-12    -361.455E-12    -331.576E-03
             592    -28.7193E-12    -107.536E-12     298.181E-03
             593    -238.711E-12    -4.87465E-12    -294.175E-03
             594     23.1285E-12    -350.853E-12    -310.193E-03
             595    -301.052E-12    -101.158E-12    -161.392E-03
             596    -21.8368E-12    -109.784E-12     281.655E-03
             597     15.1392E-12    -351.188E-12    -249.783E-03
             598    -97.1999E-12    -20.7128E-12     161.425E-03
             599    -326.453E-12    -491.302E-12     265.982E-03
             600    -238.439E-12     6.59670E-12    -258.279E-03
             601     76.4379E-12    -320.637E-12     834.091E-03
             602    -84.8644E-12    -567.198E-12    -21.7142E-03
             603    -434.241E-12    -493.018E-12     38.9857E-03
             604     9.70923E-12    -123.735E-12     164.081E-03
             605    -236.766E-12     31.2985E-12    -152.635E-03
             606     35.5760E-12    -310.748E-12     408.887E-03
             607    -524.285E-12    -489.460E-12    -227.529E-03
             608    -301.774E-12    -109.603E-12    -244.418E-03
             609    -110.627E-12    -734.423E-12     243.391E-03
             610    -90.1793E-12    -45.1016E-12     260.887E-03
             611    -351.193E-12    -505.604E-12     273.198E-03
             612    -496.429E-12    -146.109E-12     353.283E-03
             613    -121.312E-12     30.6573E-12    -318.009E-03
             614    -651.815E-12    -506.909E-12    -645.291E-03
             615    -11.0969E-12    -389.195E-12    -308.747E-03
             616     13.1275E-12    -339.878E-12    -113.411E-03
             617    -101.736E-12    -816.114E-12     577.760E-03
             618    -648.459E-12    -115.543E-12         1.23752
             619    -131.141E-12     53.4318E-12    -978.441E-03
             620     45.1132E-12    -114.652E-12    -239.766E-03
             621    -416.628E-12    -140.956E-12     83.1332E-03
             622    -227.036E-12     68.6396E-12     98.3913E-03
             623    -112.647E-12     12.6301E-12    -85.7163E-03
             624     73.7970E-12    -85.2712E-12        -4.02849
             625    -605.951E-12    -1.32280E-09        -3.39272
             626     224.579E-12    -422.884E-12         2.85095
             627    -266.619E-12    -696.347E-12    -154.992E-03
             628    -42.5263E-12    -1.02424E-09         1.83036
             629    -834.486E-12    -1.21480E-09        -3.70387
             630     43.2801E-12    -999.530E-12         2.53729
             631    -84.9830E-12     31.2798E-12        -4.43579
             632    -731.067E-12     74.6804E-12         4.14241
             633    -246.569E-12     238.322E-12         2.15845
             634    -269.050E-12    -787.640E-12    -505.136E-03
             635     289.823E-12    -555.496E-12         4.00190
             636    -473.740E-12     280.565E-12         5.10129
             637     233.869E-12    -888.965E-12         4.11125
             638    -952.586E-12    -690.882E-12        -2.27507
             639    -939.619E-12    -639.425E-12        -2.01063
             640    -136.709E-12     65.2192E-12        -2.04118
             641    -360.472E-12    -1.05429E-09        -1.52962
             642    -733.684E-12    -37.7690E-12         2.56495
             643    -597.206E-12     188.284E-12         4.58513
             644     316.609E-12    -778.798E-12         5.00994
             645    -360.390E-12     297.971E-12         4.26871
             646    -221.841E-12     151.761E-12     885.080E-03
             647    -1.13833E-09    -1.02365E-09        -4.26527
             648     45.1277E-12    -68.3686E-12        -5.90825
             649    -17.1365E-12    -22.9166E-12        -5.40561
             650    -931.085E-12    -1.10720E-09        -3.59394
             651    -305.396E-12    -531.334E-12     194.894E-03
             652    -69.9800E-12    -77.9454E-12     325.489E-03
             653    -263.463E-12    -74.9964E-12    -351.400E-03
             654    -54.9086E-12    -89.2439E-12     324.084E-03
             655    -272.578E-12    -600.386E-12     4.83206E-03
             656    -246.641E-12    -37.7160E-12    -343.736E-03
             657    -9.78700E-12    -119.973E-12     254.539E-03
             658    -242.390E-12     11.0810E-12    -249.222E-03
             659    -36.1398E-12    -105.499E-12     313.550E-03
             660    -243.616E-12    -15.3627E-12    -323.165E-03
             661    -79.9369E-12    -57.0891E-12     288.225E-03
             662    -282.410E-12    -96.5699E-12    -299.012E-03
             663     13.4024E-12    -348.892E-12    -205.991E-03
             664    -350.358E-12    -493.195E-12     328.966E-03
             665    -332.471E-12    -130.622E-12    -211.005E-03
             666    -93.7631E-12    -32.6337E-12     216.507E-03
             667     13.8863E-12    -372.972E-12    -361.306E-03
             668    -73.0403E-12    -522.873E-12    -163.334E-03
             669    -400.077E-12    -498.926E-12     144.622E-03
             670    -357.326E-12    -128.182E-12    -79.1416E-03
             671     14.5509E-12    -333.477E-12    -27.0231E-03
             672    -103.090E-12    -9.88677E-12     101.162E-03
             673     16.7376E-12    -363.926E-12    -322.242E-03
             674    -370.826E-12    -510.277E-12     250.712E-03
             675    -353.633E-12    -510.811E-12     327.894E-03
             676    -21.1106E-12    -120.884E-12     294.699E-03
             677    -41.2362E-12    -444.741E-12    -279.227E-03
             678    -241.929E-12    -2.15205E-12    -292.180E-03
             679     4.09244E-12    -369.247E-12    -323.159E-03
             680     41.3225E-12    -318.781E-12     402.816E-03
             681    -503.303E-12    -500.415E-12    -79.1368E-03
             682    -99.1669E-12    -646.219E-12     93.5686E-03
             683    -318.139E-12    -537.839E-12     249.425E-03
             684    -264.264E-12    -726.815E-12    -272.026E-03
             685    -598.681E-12    -142.793E-12     786.591E-03
             686    -132.881E-12     49.1367E-12    -647.885E-03
             687    -608.953E-12    -506.942E-12    -389.818E-03
             688    -118.788E-12    -850.948E-12     490.585E-03
             689    -470.106E-12    -159.707E-12     164.417E-03
             690    -127.034E-12     24.5634E-12    -158.949E-03
             691     27.4347E-12    -125.322E-12     31.2328E-03
             692    -64.3997E-12    -935.404E-12         1.30053
             693    -235.015E-12     46.3889E-12    -77.1668E-03
             694     15.7100E-12    -1.07787E-09         2.65790
             695     299.320E-12    -510.695E-12         4.14756
             696     72.7352E-12    -1.19733E-09         3.94997
             697    -825.606E-12    -565.519E-12        -1.33814
             698     70.8314E-12    -102.493E-12        -1.14417
             699     59.9137E-12    -119.454E-12    -481.080E-03
             700    -142.503E-12     73.9392E-12        -2.80169
             701    -229.946E-12     195.279E-12         1.35261
             702    -786.727E-12    -1.32066E-09        -4.07114
             703    -813.384E-12     38.7763E-12         4.46626
             704    -290.213E-12     298.242E-12         3.49906
             705    -619.668E-12     296.596E-12         7.32043
             706    -440.587E-12    -1.22753E-09        -2.35646
             707    -725.402E-12     167.491E-12         5.85981
             708     364.673E-12    -958.407E-12         6.85781
             709    -449.805E-12     339.331E-12         6.08964
             710     280.388E-12    -1.02053E-09         5.73118
             711     143.403E-12    -341.101E-12         1.65390
             712     202.534E-12    -1.10389E-09         5.06242
             713     335.713E-12    -709.869E-12         5.13589
             714    -225.421E-12     137.769E-12     600.959E-03
             715    -132.878E-12     58.9211E-12        -1.43895
             716    -120.822E-12     61.5451E-12        -4.18074
             717     66.5878E-12    -81.2184E-12        -5.99614
             718    -1.13194E-09    -844.115E-12        -3.53605
             719    -59.3272E-12     23.0048E-12        -6.36350
             720    -1.00694E-09    -1.30359E-09        -4.95902
             721    -290.150E-12    -920.797E-12    -860.824E-03
             722    -1.08593E-09    -746.418E-12        -2.94900
             723    -1.32014E-09    -1.22810E-09        -6.39141
             724    -355.302E-12    -507.443E-12     354.630E-03
             725     16.5732E-12    -340.467E-12    -68.0129E-03
             726    -64.8250E-12    -93.8216E-12     346.835E-03
             727    -258.202E-12    -63.0642E-12    -360.417E-03
             728    -47.3556E-12    -108.480E-12     341.186E-03
             729    -247.590E-12    -32.2306E-12    -347.982E-03
             730    -77.5926E-12    -71.8214E-12     321.238E-03
             731    -274.532E-12    -89.9148E-12    -340.492E-03
             732    -282.126E-12    -621.318E-12     67.9999E-03
             733    -391.133E-12    -511.006E-12     219.195E-03
             734    -65.1051E-12    -501.260E-12    -252.309E-03
             735    -305.257E-12    -118.188E-12    -279.038E-03
             736    -100.239E-12    -47.5165E-12     273.141E-03
             737    -106.470E-12    -21.5004E-12     174.887E-03
             738    -30.1036E-12    -116.000E-12     313.774E-03
             739    -245.750E-12    -12.3883E-12    -319.545E-03
             740     22.4737E-12    -328.280E-12     105.454E-03
             741     5.71041E-12    -380.841E-12    -363.735E-03
             742     17.9641E-12    -365.594E-12    -344.020E-03
             743    -358.477E-12    -514.746E-12     352.738E-03
             744    -398.457E-12    -147.992E-12    -35.8346E-03
             745     14.5568E-12    -360.855E-12    -288.346E-03
             746    -116.620E-12     4.27654E-12     19.3626E-03
             747    -447.020E-12    -507.841E-12     100.562E-03
             748    -89.4076E-12    -580.144E-12    -86.0322E-03
             749    -309.868E-12    -568.093E-12     226.138E-03
             750    -16.4971E-12    -128.203E-12     287.972E-03
             751    -245.058E-12    -1.63317E-12    -292.129E-03
             752     14.1617E-12    -133.450E-12     149.585E-03
             753     48.2751E-12    -321.169E-12     409.012E-03
             754    -241.110E-12     25.1017E-12    -194.739E-03
             755    -358.559E-12    -517.262E-12     322.457E-03
             756    -559.848E-12    -164.194E-12     475.119E-03
             757    -139.573E-12     46.6131E-12    -431.397E-03
             758    -563.982E-12    -506.051E-12    -187.947E-03
             759    -117.700E-12    -727.735E-12     126.128E-03
             760    -374.005E-12    -151.255E-12    -143.396E-03
             761    -95.2672E-12    -902.887E-12     898.697E-03
             762    -750.166E-12    -535.610E-12    -895.598E-03
             763    -717.907E-12    -138.013E-12         1.39625
             764     69.6878E-12    -318.466E-12     656.510E-03
             765    -158.817E-12     81.4781E-12        -1.44461
             766    -264.909E-12    -768.722E-12    -237.590E-03
             767     432.387E-12    -977.829E-12         8.24006
             768    -311.042E-12     357.126E-12         4.75417
             769    -866.963E-12     4.32379E-12         4.47391
             770    -64.0874E-12    -1.04815E-09         1.69066
             771    -151.937E-12     87.5735E-12        -3.73200
             772     41.4021E-12    -126.416E-12    -119.775E-03
             773    -531.896E-12    -1.45271E-09        -3.62270
             774     81.7470E-12    -87.8392E-12        -5.19218
             775    -233.965E-12     66.4992E-12     25.3692E-03
             776    -274.137E-12    -907.688E-12    -669.326E-03
             777    -234.522E-12     233.109E-12         1.82121
             778    -700.411E-12    -1.58362E-09        -5.09737
             779    -954.917E-12    -1.55724E-09        -6.25904
             780    -782.289E-12     110.267E-12         5.44699
             781    -89.6959E-12     46.4811E-12        -5.84957
             782     261.583E-12    -1.17980E-09         6.57318
             783     77.3655E-12    -117.659E-12    -956.267E-03
             784    -698.822E-12     240.923E-12         7.16010
             785    -167.417E-12     92.7788E-12        -1.99064
             786     156.557E-12    -1.19783E-09         5.07517
             787    -367.188E-12     347.137E-12         5.26707
             788     358.707E-12    -857.273E-12         6.18619
             789    -845.259E-12    -46.0242E-12         3.40921
             790    -1.26108E-09    -1.04101E-09        -5.05845
             791    -225.812E-12     166.001E-12     860.210E-03
             792    -325.752E-12    -1.10049E-09        -1.44308
             793    -1.03972E-09    -673.442E-12        -2.39291
             794    -1.13771E-09    -1.23748E-09        -5.30077
             795    -25.2014E-12    -132.855E-12     317.401E-03
             796    -246.507E-12    -9.83408E-12    -314.456E-03
             797    -73.7291E-12    -88.1516E-12     347.452E-03
             798    -272.423E-12    -90.4812E-12    -369.246E-03
             799    -55.2861E-12    -99.6355E-12     342.053E-03
             800    -255.030E-12    -54.2408E-12    -366.486E-03
             801    -39.0705E-12    -115.632E-12     334.117E-03
             802    -248.942E-12    -27.5599E-12    -346.920E-03
             803    -288.919E-12    -108.227E-12    -326.528E-03
             804    -95.8241E-12    -60.4019E-12     305.952E-03
             805     23.3175E-12    -333.667E-12     40.2013E-03
             806    -10.2706E-12    -137.797E-12     273.739E-03
             807    -359.233E-12    -517.463E-12     367.010E-03
             808    -246.133E-12     4.63753E-12    -271.423E-03
             809    -346.791E-12    -515.771E-12     340.286E-03
             810    -79.5132E-12    -539.885E-12    -200.617E-03
             811    -414.220E-12    -509.092E-12     168.629E-03
             812    -327.189E-12    -544.443E-12     292.400E-03
             813     12.8155E-12    -357.126E-12    -244.564E-03
             814    -380.147E-12    -519.610E-12     280.716E-03
             815    -334.442E-12    -140.216E-12    -248.740E-03
             816     11.2273E-12    -374.252E-12    -349.846E-03
             817    -106.631E-12    -32.9160E-12     225.073E-03
             818    -53.0592E-12    -473.350E-12    -294.211E-03
             819    -443.277E-12    -169.578E-12     19.5044E-03
             820    -130.392E-12     14.2879E-12    -26.7094E-03
             821     34.5136E-12    -323.780E-12     251.538E-03
             822    -360.953E-12    -520.812E-12     351.835E-03
             823    -488.379E-12    -507.033E-12     22.8448E-03
             824    -104.442E-12    -649.487E-12     9.23002E-03
             825    -7.02591E-12    -396.854E-12    -354.459E-03
             826    -618.995E-12    -509.308E-12    -274.172E-03
             827    -129.602E-12    -814.225E-12     260.790E-03
             828    -262.307E-12    -881.505E-12    -466.006E-03
             829    -29.6159E-12    -427.051E-12    -322.761E-03
             830    -419.201E-12    -176.683E-12    -90.8301E-03
             831    -524.697E-12    -180.323E-12     251.993E-03
             832    -282.364E-12    -657.933E-12     85.5018E-03
             833    -144.385E-12     39.7612E-12    -242.283E-03
             834    -129.545E-12    -943.007E-12     607.542E-03
             835    -694.366E-12    -520.908E-12    -568.155E-03
             836     13.5923E-12    -346.043E-12    -147.629E-03
             837    -660.795E-12    -161.523E-12     914.035E-03
             838    -148.109E-12     62.7292E-12    -751.553E-03
             839    -115.941E-12    -9.83933E-12     120.139E-03
             840    -81.5593E-12    -985.837E-12         1.29756
             841     27.5778E-12    -151.078E-12     74.1236E-03
             842    -239.828E-12     41.3162E-12    -127.566E-03
             843    -1.39990E-09    -1.08507E-09        -6.13555
             844    -226.450E-12     98.0119E-12     288.250E-03
             845    -517.342E-12    -1.70324E-09        -4.61714
             846    -928.004E-12    -602.461E-12        -1.66680
             847    -716.781E-12     287.065E-12         8.52976
             848     285.547E-12    -440.559E-12         3.79316
             849    -474.133E-12     408.724E-12         7.88422
             850    -194.991E-12     119.899E-12        -1.82755
             851    -807.306E-12    -108.685E-12         2.24471
             852    -387.512E-12    -1.23228E-09        -2.12847
             853     25.1109E-12    -52.6802E-12        -6.36238
             854     63.4521E-12    -135.687E-12    -397.642E-03
             855     91.6191E-12    -96.9176E-12        -3.04829
             856    -845.978E-12    -1.65856E-09        -6.31656
             857     63.0938E-12    -315.523E-12     518.388E-03
             858     220.281E-12    -371.927E-12         2.68434
             859     97.9237E-12    -116.325E-12        -1.63023
             860    -281.929E-12    -1.04039E-09        -1.00406
             861    -78.0082E-12     50.5726E-12        -7.38200
             862    -1.14368E-09    -1.49156E-09        -6.91431
             863    -1.17326E-09    -774.073E-12        -3.39582
             864     93.2093E-12    -1.35713E-09         5.26467
             865    -44.0513E-12    -455.828E-12    -328.216E-03
             866    -68.5133E-12    -104.507E-12     364.582E-03
             867    -357.670E-12    -520.653E-12     371.982E-03
             868    -265.934E-12    -80.0358E-12    -377.237E-03
             869    -35.8935E-12    -126.006E-12     337.775E-03
             870    -252.487E-12    -34.0677E-12    -356.472E-03
             871    -90.4043E-12    -71.8995E-12     329.001E-03
             872    -281.114E-12    -104.020E-12    -358.926E-03
             873    -52.2302E-12    -115.883E-12     357.547E-03
             874    -254.167E-12    -47.1334E-12    -368.289E-03
             875    -232.060E-12     90.2788E-12     154.647E-03
             876    -398.037E-12    -518.247E-12     246.217E-03
             877    -366.631E-12    -161.580E-12    -208.207E-03
             878    -73.2067E-12    -518.375E-12    -271.926E-03
             879    -317.447E-12    -569.702E-12     268.368E-03
             880    -340.085E-12    -540.401E-12     340.430E-03
             881    -445.307E-12    -513.183E-12     151.608E-03
             882    -94.0579E-12    -588.836E-12    -139.846E-03
             883    -309.142E-12    -128.133E-12    -307.815E-03
             884     9.15034E-12    -381.201E-12    -374.157E-03
             885    -108.989E-12    -51.2237E-12     283.014E-03
             886    -3.74993E-12    -398.519E-12    -388.684E-03
             887    -361.963E-12    -523.814E-12     371.994E-03
             888     16.3474E-12    -345.100E-12    -115.039E-03
             889    -24.9411E-12    -423.755E-12    -355.188E-03
             890     11.3296E-12    -368.590E-12    -315.448E-03
             891     34.3819E-12    -326.480E-12     177.258E-03
             892    -131.302E-12     1.09905E-12     77.5706E-03
             893    -492.295E-12    -192.024E-12     84.8387E-03
             894    -22.6317E-12    -142.235E-12     315.194E-03
             895    -146.433E-12     28.0943E-12    -84.3150E-03
             896     48.4451E-12    -319.836E-12     345.014E-03
             897    -247.717E-12    -6.84463E-12    -304.455E-03
             898    -119.341E-12    -22.2793E-12     187.537E-03
             899     2.62767E-12    -149.943E-12     225.925E-03
             900    -619.261E-12    -183.448E-12     585.092E-03
             901    -160.520E-12     68.9531E-12    -600.021E-03
             902    -366.973E-12    -525.228E-12     344.653E-03
             903    -536.728E-12    -507.351E-12    -53.3095E-03
             904    -123.207E-12    -712.521E-12     18.5890E-03
             905    -244.381E-12     18.0229E-12    -226.313E-03
             906    -460.219E-12    -200.630E-12    -39.8742E-03
             907    -140.571E-12    -899.900E-12     371.034E-03
             908    -717.872E-12    -518.398E-12    -493.990E-03
             909    -237.569E-12     59.8110E-12    -43.9528E-03
             910    -117.544E-12    -1.01265E-09     949.354E-03
             911    -263.154E-12    -780.545E-12    -159.016E-03
             912    -65.4976E-12    -1.13020E-09         1.98645
             913    -20.3375E-12    -1.15968E-09         2.64597
             914    -918.871E-12    -580.236E-12        -1.40592
             915     94.1703E-12    -311.315E-12     892.095E-03
             916    -227.688E-12     128.338E-12     453.723E-03
             917    -759.523E-12    -164.131E-12         1.35187
             918    -179.705E-12     101.072E-12        -1.33571
             919     78.2905E-12    -133.158E-12    -680.069E-03
             920    -261.622E-12    -988.506E-12    -690.372E-03
             921     359.220E-12    -655.439E-12         5.45444
             922     36.8319E-12    -152.473E-12     620.821E-06
             923    -555.647E-12     339.764E-12         7.45339
             924     57.0238E-12    -71.9935E-12        -7.38201
             925     366.039E-12    -587.960E-12         5.44233
             926    -175.245E-12     103.064E-12        -2.64797
             927     396.116E-12    -831.795E-12         6.77072
             928    -1.07654E-09    -1.74916E-09        -8.29060
             929    -925.629E-12    -113.675E-12         2.97231
             930    -397.390E-12     418.281E-12         7.07917
             931    -1.41149E-09    -934.833E-12        -5.33139
             932     236.706E-12    -346.825E-12         2.76604
             933     109.665E-12    -108.585E-12        -2.76009
             934    -28.9527E-12     3.83667E-12        -7.59143
             935     27.8454E-12    -1.34946E-09         4.26428
             936    -227.590E-12     211.831E-12         1.33456
             937    -328.548E-12    -1.26077E-09        -1.84369
             938    -1.12725E-09    -691.143E-12        -2.69343
             939     165.872E-12    -1.34670E-09         6.31563
             940    -87.4939E-12    -91.5522E-12     358.494E-03
             941    -278.105E-12    -106.244E-12    -379.107E-03
             942    -63.3862E-12    -120.019E-12     373.671E-03
             943    -262.141E-12    -70.9476E-12    -381.835E-03
             944     13.4223E-12    -351.628E-12    -186.859E-03
             945    -15.2930E-12    -412.981E-12    -384.493E-03
             946    -419.594E-12    -515.735E-12     201.185E-03
             947    -294.441E-12    -120.070E-12    -346.117E-03
             948    -104.402E-12    -64.7217E-12     314.407E-03
             949    -62.8969E-12    -493.997E-12    -305.782E-03
             950    -146.270E-12     12.8970E-12     34.8602E-03
             951    -347.005E-12    -532.340E-12     358.463E-03
             952    -32.7878E-12    -143.990E-12     339.992E-03
             953     11.2727E-12    -362.717E-12    -272.646E-03
             954    -249.006E-12    -16.4219E-12    -327.625E-03
             955    -360.536E-12    -525.881E-12     381.291E-03
             956    -230.925E-12     118.356E-12     301.944E-03
             957    -10.3319E-12    -151.658E-12     279.000E-03
             958    -400.081E-12    -184.445E-12    -167.335E-03
             959    -132.050E-12    -12.9978E-12     153.649E-03
             960    -41.0619E-12    -450.573E-12    -352.963E-03
             961    -247.837E-12    -4.40416E-12    -288.229E-03
             962    -48.9849E-12    -127.780E-12     362.063E-03
             963    -253.270E-12    -40.7932E-12    -365.176E-03
             964    -331.345E-12    -553.341E-12     320.552E-03
             965     4.50189E-12    -387.801E-12    -386.400E-03
             966     22.5113E-12    -336.908E-12    -21.7523E-03
             967    -332.201E-12    -149.047E-12    -283.034E-03
             968    -388.020E-12    -525.686E-12     303.462E-03
             969    -583.404E-12    -202.744E-12     339.697E-03
             970    -112.208E-12    -40.0303E-12     251.323E-03
             971    -477.843E-12    -511.312E-12     97.7475E-03
             972    -163.619E-12     59.4785E-12    -332.550E-03
             973    -112.853E-12    -638.273E-12    -131.825E-03
             974     4.97418E-12    -381.082E-12    -363.825E-03
             975    -242.088E-12     33.1308E-12    -169.336E-03
             976    -366.252E-12    -528.222E-12     370.356E-03
             977    -498.707E-12    -224.662E-12     3.30427E-03
             978    -374.772E-12    -526.485E-12     328.815E-03
             979    -136.068E-12    -782.858E-12     108.012E-03
             980    -583.553E-12    -505.695E-12    -124.584E-03
             981    -235.778E-12     81.8201E-12     55.9755E-03
             982    -85.1356E-12    -550.823E-12    -230.148E-03
             983    -136.224E-12    -1.01318E-09     696.927E-03
             984    -712.557E-12    -179.143E-12     997.774E-03
             985    -181.890E-12     97.4134E-12    -902.316E-03
             986    -788.361E-12    -528.124E-12    -718.843E-03
             987    -282.155E-12    -674.324E-12     124.037E-03
             988     73.2114E-12    -309.206E-12     581.776E-03
             989    -256.398E-12    -860.203E-12    -311.830E-03
             990    -96.3531E-12    -1.05996E-09         1.35689
             991     17.7789E-12    -161.424E-12     149.013E-03
             992     164.556E-12    -315.681E-12         1.73468
             993    -24.5684E-12    -1.30514E-09         3.24715
             994     51.4412E-12    -138.635E-12    -198.075E-03
             995    -227.494E-12     162.673E-12     685.166E-03
             996    -1.00694E-09    -622.782E-12        -1.90301
             997    -645.748E-12     394.223E-12         9.91590
             998    -212.732E-12     138.896E-12        -1.44352
             999     74.5369E-12    -148.983E-12    -437.754E-03
            1000     433.356E-12    -590.231E-12         6.55239
            1001    -838.918E-12    -156.215E-12         1.85255
            1002    -669.601E-12     320.300E-12         8.61599
            1003     5.60275E-12    -34.1371E-12        -6.82019
            1004     78.7884E-12    -79.0892E-12        -9.11449
            1005     314.002E-12    -395.636E-12         4.01384
            1006    -228.997E-12     264.910E-12         1.84138
            1007    -400.346E-12    -1.36803E-09        -2.64239
            1008    -282.905E-12    -1.16864E-09        -1.28045
            1009     104.492E-12    -1.51122E-09         6.58661
            1010    -49.5042E-12     50.0869E-12        -9.68379
            1011     223.739E-12    -1.28975E-09         6.79723
            1012     97.6967E-12    -93.6220E-12        -6.27457
            1013    -1.26857E-09    -796.619E-12        -3.84106
            1014     31.4639E-12    -1.48450E-09         5.11786
            1015    -379.272E-12    -530.449E-12     345.378E-03
            1016    -80.8198E-12    -109.975E-12     375.271E-03
            1017    -42.0626E-12    -136.092E-12     355.292E-03
            1018    -272.349E-12    -97.0847E-12    -386.317E-03
            1019    -254.910E-12    -46.8790E-12    -367.012E-03
            1020    -120.965E-12    -35.1582E-12     235.121E-03
            1021    -356.762E-12    -529.907E-12     382.625E-03
            1022    -98.9834E-12    -81.4091E-12     343.562E-03
            1023    -286.194E-12    -116.725E-12    -369.691E-03
            1024    -22.2848E-12    -153.186E-12     315.657E-03
            1025    -249.661E-12    -15.8374E-12    -318.251E-03
            1026    -358.150E-12    -170.372E-12    -253.103E-03
            1027     48.9162E-12    -152.361E-12    -115.576E-03
            1028    -404.965E-12    -522.950E-12     267.914E-03
            1029    -28.0279E-12    -431.022E-12    -377.488E-03
            1030    -57.7362E-12    -133.525E-12     374.732E-03
            1031    -259.140E-12    -63.0262E-12    -382.102E-03
            1032     19.7526E-12    -340.631E-12    -89.7861E-03
            1033    -278.891E-12    -685.578E-12     76.4934E-03
            1034    -14.4031E-12    -411.545E-12    -403.287E-03
            1035    -161.119E-12     25.2916E-12    -1.01209E-03
            1036    -339.525E-12    -550.029E-12     354.516E-03
            1037     12.2498E-12    -356.149E-12    -220.159E-03
            1038    -433.277E-12    -207.368E-12    -127.676E-03
            1039    -310.125E-12    -138.424E-12    -329.875E-03
            1040    -1.19172E-12    -391.807E-12    -391.286E-03
            1041    -540.919E-12    -216.237E-12     146.718E-03
            1042    -80.5220E-12    -530.714E-12    -284.731E-03
            1043     7.04962E-12    -373.478E-12    -330.627E-03
            1044    -113.817E-12    -66.1736E-12     311.012E-03
            1045    -54.9929E-12    -476.356E-12    -328.674E-03
            1046    -363.961E-12    -530.579E-12     385.275E-03
            1047    -245.625E-12     8.45894E-12    -249.112E-03
            1048     34.8067E-12    -324.896E-12     110.468E-03
            1049    -312.167E-12    -593.844E-12     272.534E-03
            1050    -370.888E-12    -530.424E-12     361.861E-03
            1051    -240.088E-12     50.8196E-12    -100.839E-03
            1052    -164.199E-12     44.6569E-12    -139.527E-03
            1053    -131.046E-12    -673.449E-12    -128.985E-03
            1054    -512.632E-12    -507.793E-12     41.9317E-03
            1055    -147.698E-12    -854.324E-12     186.559E-03
            1056    -641.502E-12    -500.787E-12    -209.985E-03
            1057    -681.243E-12    -201.371E-12     702.561E-03
            1058    -145.246E-12    -3.49232E-12     120.363E-03
            1059     52.7224E-12    -314.057E-12     326.386E-03
            1060     2.00247E-12    -163.491E-12     230.201E-03
            1061    -149.216E-12    -999.123E-12     490.747E-03
            1062    -116.508E-12    -626.977E-12    -180.665E-03
            1063    -721.372E-12    -506.513E-12    -409.799E-03
            1064    -440.606E-12    -516.319E-12     191.688E-03
            1065     31.3460E-12    -166.008E-12     62.7180E-03
            1066    -126.418E-12    -1.11139E-09         1.07284
            1067     85.6063E-12    -149.923E-12    -555.924E-03
            1068    -233.518E-12     107.018E-12     170.921E-03
            1069    -920.638E-12    -566.731E-12        -1.26748
            1070    -262.145E-12    -777.380E-12    -85.8663E-03
            1071    -767.325E-12    -188.444E-12         1.15586
            1072    -195.202E-12     114.648E-12        -1.11706
            1073    -229.340E-12     150.898E-12     479.813E-03
            1074    -226.665E-12     202.086E-12     986.885E-03
            1075     118.824E-12    -298.977E-12         1.06354
            1076    -256.520E-12    -1.08841E-09    -862.078E-03
            1077    -67.9470E-12    -1.25088E-09         2.37848
            1078    -239.655E-12     282.764E-12         2.44013
            1079     401.859E-12    -470.503E-12         5.55934
            1080     39.6158E-12    -54.2039E-12        -8.26481
            1081    -789.592E-12     303.048E-12         10.0305
            1082     117.943E-12    -103.733E-12        -3.99566
            1083     247.699E-12    -307.130E-12         2.65663
            1084     341.456E-12    -1.27364E-09         8.72136
            1085     9.78408E-12    -20.6664E-12        -8.99080
            1086    -112.196E-12     114.427E-12        -9.41729
            1087    -315.112E-12    -1.39461E-09        -2.09894
            1088    -502.286E-12     477.965E-12         9.66963
            1089    -90.5575E-12    -103.834E-12     369.789E-03
            1090    -38.6695E-12    -446.777E-12    -368.908E-03
            1091    -283.969E-12    -123.414E-12    -381.732E-03
            1092    -270.322E-12    -724.168E-12     60.3953E-03
            1093     12.8771E-12    -351.705E-12    -194.068E-03
            1094    -74.3342E-12    -126.697E-12     382.221E-03
            1095    -267.131E-12    -88.4748E-12    -389.939E-03
            1096    -25.1101E-12    -426.048E-12    -398.422E-03
            1097    -384.498E-12    -191.592E-12    -220.967E-03
            1098    -248.347E-12    -15.5165E-12    -299.102E-03
            1099    -346.210E-12    -543.702E-12     369.715E-03
            1100    -70.5279E-12    -504.840E-12    -317.595E-03
            1101    -391.330E-12    -528.044E-12     318.991E-03
            1102    -367.409E-12    -532.943E-12     382.719E-03
            1103    -297.485E-12    -627.127E-12     208.730E-03
            1104    -11.7125E-12    -164.657E-12     281.719E-03
            1105    -309.864E-12    -148.469E-12    -345.342E-03
            1106    -111.498E-12    -79.7825E-12     332.273E-03
            1107    -32.9666E-12    -153.602E-12     340.220E-03
            1108    -360.091E-12    -533.339E-12     390.313E-03
            1109    -252.849E-12    -37.5210E-12    -350.579E-03
            1110    -119.726E-12    -51.4288E-12     278.251E-03
            1111     25.9212E-12    -331.061E-12    -23.7500E-03
            1112    -329.215E-12    -158.022E-12    -309.155E-03
            1113    -462.563E-12    -230.416E-12    -93.3647E-03
            1114    -5.85522E-12    -400.507E-12    -401.942E-03
            1115    -50.3129E-12    -143.885E-12     368.257E-03
            1116    -174.782E-12     35.6956E-12    -19.1743E-03
            1117    -257.016E-12    -55.2470E-12    -377.298E-03
            1118    -379.813E-12    -531.887E-12     355.924E-03
            1119    -323.679E-12    -574.302E-12     316.291E-03
            1120    -132.185E-12    -28.0427E-12     209.664E-03
            1121     8.44504E-12    -366.472E-12    -290.937E-03
            1122    -463.580E-12    -512.807E-12     155.627E-03
            1123    -100.704E-12    -580.155E-12    -234.550E-03
            1124    -530.548E-12    -249.565E-12     30.7993E-03
            1125    -1.07876E-12    -383.728E-12    -363.634E-03
            1126    -184.005E-12     83.0477E-12    -411.451E-03
            1127    -649.476E-12    -228.050E-12     432.864E-03
            1128    -243.471E-12     22.9935E-12    -200.642E-03
            1129     12.2260E-12    -177.992E-12     178.342E-03
            1130    -140.741E-12    -750.877E-12    -3.21442E-03
            1131    -551.265E-12    -502.462E-12    -13.4187E-03
            1132    -158.116E-12     5.56782E-12     90.9016E-03
            1133    -158.405E-12    -923.603E-12     239.341E-03
            1134    -667.724E-12    -488.389E-12    -201.046E-03
            1135    -429.776E-12    -518.751E-12     229.672E-03
            1136     85.8826E-12    -296.850E-12     631.138E-03
            1137    -244.198E-12    -1.01402E-09    -556.005E-03
            1138    -133.301E-12    -653.522E-12    -169.630E-03
            1139    -237.543E-12     70.6877E-12    -21.8540E-03
            1140     44.0565E-12    -166.950E-12    -33.9202E-03
            1141    -143.584E-12    -1.10882E-09     791.838E-03
            1142     72.2825E-12    -164.671E-12    -292.001E-03
            1143    -749.320E-12    -212.608E-12     876.132E-03
            1144    -221.302E-12     146.205E-12        -1.03992
            1145    -874.727E-12    -531.831E-12    -885.606E-03
            1146    -231.787E-12     135.815E-12     298.245E-03
            1147     61.7063E-12    -150.770E-12    -264.497E-03
            1148    -1.05533E-09    -619.000E-12        -1.93944
            1149    -228.301E-12     186.162E-12     677.886E-03
            1150    -226.090E-12     245.197E-12         1.31652
            1151    -1.55825E-12     17.0801E-12        -11.2029
            1152    -101.023E-12    -1.18277E-09         1.65869
            1153     93.9450E-12    -133.534E-12    -947.664E-03
            1154     129.323E-12    -116.009E-12        -2.65298
            1155    -829.906E-12     239.727E-12         9.14848
            1156     184.490E-12    -288.441E-12         1.73181
            1157     137.707E-12    -110.811E-12        -3.99757
            1158    -71.8988E-12    -1.37898E-09         2.75020
            1159     61.8392E-12    -56.9738E-12        -10.3947
            1160    -725.897E-12     358.445E-12         10.3092
            1161     488.830E-12    -585.914E-12         7.36525
            1162     329.450E-12    -349.269E-12         3.93622
            1163    -236.255E-12     167.774E-12        -1.82773
            1164    -844.284E-12    -191.500E-12         1.46911
            1165    -36.8996E-12     83.6634E-12        -12.7948
            1166    -270.218E-12    -1.28573E-09        -1.43582
            1167     446.645E-12    -793.727E-12         7.57833
            1168     30.0622E-12    -1.60808E-09         5.93270
            1169    -301.974E-12    -618.030E-12     243.636E-03
            1170    -83.3700E-12    -122.080E-12     380.835E-03
            1171    -277.212E-12    -115.878E-12    -388.201E-03
            1172    -355.215E-12    -536.437E-12     386.709E-03
            1173    -288.516E-12    -127.453E-12    -374.432E-03
            1174    -100.678E-12    -97.7165E-12     359.479E-03
            1175    -131.818E-12    -43.5450E-12     249.939E-03
            1176    -349.676E-12    -178.153E-12    -284.510E-03
            1177    -42.1439E-12    -152.821E-12     356.295E-03
            1178    -256.507E-12    -60.9605E-12    -371.194E-03
            1179    -144.073E-12    -20.3316E-12     180.556E-03
            1180    -250.656E-12    -26.9441E-12    -327.736E-03
            1181    -23.9888E-12    -165.208E-12     316.255E-03
            1182     16.3612E-12    -343.998E-12    -142.754E-03
            1183    -287.050E-12    -659.369E-12     172.139E-03
            1184    -448.514E-12    -514.352E-12     202.929E-03
            1185    -372.829E-12    -533.427E-12     373.031E-03
            1186    -25.6235E-12    -422.590E-12    -408.051E-03
            1187    -432.897E-12    -234.598E-12    -159.434E-03
            1188    -67.2207E-12    -141.669E-12     381.247E-03
            1189    -263.114E-12    -79.8479E-12    -388.955E-03
            1190    -337.361E-12    -556.277E-12     358.904E-03
            1191    -487.449E-12    -253.497E-12    -67.9024E-03
            1192    -36.8856E-12    -442.299E-12    -388.257E-03
            1193    -90.1622E-12    -544.674E-12    -285.286E-03
            1194    -362.778E-12    -535.353E-12     392.787E-03
            1195     10.2459E-12    -359.120E-12    -244.422E-03
            1196     57.1686E-12    -166.340E-12    -149.374E-03
            1197    -412.253E-12    -522.942E-12     277.095E-03
            1198    -183.488E-12     64.7242E-12    -176.162E-03
            1199    -246.034E-12    -3.00338E-12    -263.603E-03
            1200    -587.821E-12    -243.293E-12     187.253E-03
            1201    -325.145E-12    -166.979E-12    -327.068E-03
            1202    -121.514E-12    -76.8548E-12     315.730E-03
            1203    -391.127E-12    -528.321E-12     330.590E-03
            1204    -13.7716E-12    -403.795E-12    -402.104E-03
            1205     43.3030E-12    -313.339E-12     142.552E-03
            1206    -120.272E-12    -617.842E-12    -209.038E-03
            1207    -1.27233E-12    -177.474E-12     237.537E-03
            1208     2.34543E-12    -375.987E-12    -335.115E-03
            1209    -491.539E-12    -507.676E-12     112.947E-03
            1210     25.1132E-12    -180.742E-12     109.212E-03
            1211    -170.190E-12     13.0801E-12     69.1804E-03
            1212    -314.752E-12    -590.927E-12     293.875E-03
            1213    -240.817E-12     39.1206E-12    -143.768E-03
            1214    -206.891E-12     116.509E-12    -522.193E-03
            1215    -725.174E-12    -236.917E-12     623.816E-03
            1216    -152.918E-12    -807.920E-12     53.2150E-03
            1217    -587.520E-12    -493.705E-12    -61.3362E-03
            1218    -144.741E-12    -718.904E-12    -81.3475E-03
            1219    -235.418E-12     93.4967E-12     65.4324E-03
            1220    -159.645E-12    -1.05154E-09     437.819E-03
            1221    -740.019E-12    -492.929E-12    -361.147E-03
            1222     82.8125E-12    -171.760E-12    -320.789E-03
            1223     61.4670E-12    -303.708E-12     339.060E-03
            1224    -230.106E-12     166.689E-12     425.556E-03
            1225    -243.639E-12    -857.007E-12    -118.230E-03
            1226    -970.427E-12    -560.508E-12        -1.27254
            1227     96.5414E-12    -155.136E-12    -593.469E-03
            1228    -139.360E-12    -1.18958E-09         1.00460
            1229    -865.987E-12     166.412E-12         7.93664
            1230    -227.119E-12     223.066E-12     874.067E-03
            1231    -233.116E-12    -1.07999E-09    -583.628E-03
            1232    -828.409E-12    -222.710E-12         1.08839
            1233    -242.114E-12     180.167E-12        -1.16216
            1234    -941.513E-12    -156.988E-12         2.41507
            1235     135.385E-12    -278.811E-12         1.07703
            1236    -214.794E-12     143.083E-12        -2.61375
            1237    -242.398E-12     336.766E-12         3.21417
            1238    -104.579E-12    -1.30425E-09         1.91517
            1239    -228.955E-12     314.128E-12         2.37379
            1240     118.293E-12    -126.042E-12        -1.69829
            1241     117.044E-12    -97.6469E-12        -7.30677
            1242    -949.481E-12     262.840E-12         11.5922
            1243     42.7593E-12    -27.8889E-12        -11.4131
            1244     398.936E-12    -324.079E-12         4.49975
            1245    -884.586E-12     348.493E-12         12.4542
            1246    -686.770E-12     460.775E-12         11.8518
            1247    -27.0895E-12    -1.44110E-09         3.83204
            1248     252.929E-12    -268.307E-12         2.34395
            1249    -92.7568E-12    -116.987E-12     375.237E-03
            1250    -291.363E-12    -146.598E-12    -374.866E-03
            1251    -378.741E-12    -531.366E-12     360.003E-03
            1252    -48.2815E-12    -459.980E-12    -372.336E-03
            1253    -291.250E-12    -643.691E-12     211.400E-03
            1254    -405.195E-12    -522.402E-12     298.750E-03
            1255    -370.471E-12    -198.696E-12    -257.640E-03
            1256    -6.98824E-12    -392.360E-12    -383.791E-03
            1257    -80.1747E-12    -518.720E-12    -318.786E-03
            1258    -248.215E-12    -28.1042E-12    -303.376E-03
            1259    -76.1361E-12    -138.799E-12     382.924E-03
            1260    -271.094E-12    -106.874E-12    -390.943E-03
            1261    -14.5448E-12    -177.810E-12     282.035E-03
            1262    -342.936E-12    -550.013E-12     373.111E-03
            1263    -366.622E-12    -535.700E-12     388.689E-03
            1264    -355.880E-12    -539.325E-12     392.237E-03
            1265    -36.2545E-12    -436.794E-12    -402.109E-03
            1266    -296.402E-12    -141.076E-12    -367.896E-03
            1267    -451.425E-12    -255.154E-12    -134.851E-03
            1268    -275.876E-12    -693.537E-12     131.377E-03
            1269    -35.0532E-12    -164.391E-12     339.902E-03
            1270    -111.175E-12    -93.7748E-12     345.419E-03
            1271    -253.604E-12    -50.4879E-12    -353.865E-03
            1272    -131.804E-12    -57.9767E-12     275.715E-03
            1273    -142.940E-12    -36.7684E-12     221.976E-03
            1274     31.0327E-12    -322.004E-12     11.4061E-03
            1275    -155.717E-12    -13.1323E-12     152.313E-03
            1276    -341.798E-12    -185.930E-12    -305.047E-03
            1277    -550.876E-12    -273.408E-12     33.9875E-03
            1278    -432.846E-12    -515.145E-12     240.593E-03
            1279    -29.1073E-12    -419.773E-12    -405.334E-03
            1280    -58.4856E-12    -153.155E-12     373.749E-03
            1281    -259.589E-12    -70.8801E-12    -382.784E-03
            1282    -186.421E-12     40.0486E-12    -10.4292E-03
            1283    -304.834E-12    -609.595E-12     268.013E-03
            1284    -108.833E-12    -584.254E-12    -249.301E-03
            1285    -330.517E-12    -565.089E-12     343.064E-03
            1286    -200.038E-12     93.4855E-12    -270.112E-03
            1287    -690.228E-12    -256.412E-12     411.927E-03
            1288     4.73326E-12    -368.330E-12    -299.679E-03
            1289    -132.682E-12    -635.112E-12    -194.501E-03
            1290    -6.49507E-12    -383.940E-12    -355.611E-03
            1291     6.52040E-12    -191.961E-12     193.961E-03
            1292    -243.349E-12     10.5607E-12    -221.171E-03
            1293     49.4693E-12    -183.010E-12    -46.2879E-03
            1294    -520.227E-12    -499.543E-12     68.7232E-03
            1295     37.1933E-12    -183.060E-12     35.5200E-03
            1296    -238.461E-12     57.4312E-12    -80.3169E-03
            1297    -163.496E-12    -861.819E-12     92.2526E-03
            1298    -618.308E-12    -481.982E-12    -86.9108E-03
            1299    -233.149E-12     118.674E-12     155.286E-03
            1300     10.4715E-12    -352.647E-12    -213.795E-03
            1301    -231.231E-12    -988.230E-12    -332.312E-03
            1302    -168.731E-12    -985.548E-12     235.136E-03
            1303    -680.899E-12    -476.716E-12    -182.767E-03
            1304    -157.198E-12    -765.943E-12    -34.9928E-03
            1305    -470.525E-12    -506.900E-12     165.381E-03
            1306    -231.928E-12     145.061E-12     235.827E-03
            1307     70.0192E-12    -188.065E-12    -155.459E-03
            1308     107.966E-12    -162.003E-12    -553.685E-03
            1309     97.7697E-12    -280.549E-12     619.281E-03
            1310    -244.813E-12    -1.18135E-09    -945.154E-03
            1311    -161.708E-12    -1.16495E-09     529.905E-03
            1312    -806.027E-12    -504.873E-12    -557.311E-03
            1313    -797.697E-12    -251.203E-12     747.995E-03
            1314    -225.770E-12     153.409E-12    -783.920E-03
            1315    -988.952E-12    -541.960E-12        -1.14500
            1316    -1.09085E-09    -605.141E-12        -1.86548
            1317    -229.914E-12     198.036E-12     535.014E-03
            1318     61.2176E-12    -183.405E-12    -123.283E-03
            1319    -126.871E-12    -1.23277E-09         1.32977
            1320    -224.848E-12     287.392E-12         1.62370
            1321    -244.278E-12     389.357E-12         4.11071
            1322    -259.719E-12     294.836E-12         3.02061
            1323     137.251E-12    -133.268E-12        -1.52230
            1324    -918.580E-12    -234.591E-12         1.29742
            1325    -266.575E-12     217.459E-12        -1.43214
            1326     108.979E-12    -138.554E-12        -1.03598
            1327     194.759E-12    -256.577E-12         1.54400
            1328    -79.8394E-12    -1.51544E-09         3.01083
            1329     28.5585E-12     724.354E-15        -12.3394
            1330     90.9046E-12    -57.8273E-12        -12.8757
            1331     142.055E-12    -105.255E-12        -5.88727
            1332    -941.075E-12    -198.151E-12         1.83700
            1333    -1.08321E-09     307.330E-12         14.5543
            1334    -263.613E-12     201.504E-12        -2.20311
            1335     109.663E-12    -1.66490E-09         7.88543
            1336    -11.7283E-12    -391.107E-12    -372.171E-03
            1337    -85.3594E-12    -134.754E-12     380.890E-03
            1338    -281.323E-12    -135.299E-12    -383.350E-03
            1339    -153.647E-12    -30.8243E-12     193.798E-03
            1340    -347.061E-12    -546.093E-12     383.063E-03
            1341    -358.301E-12    -204.965E-12    -281.615E-03
            1342    -102.231E-12    -112.064E-12     365.351E-03
            1343    -141.969E-12    -52.5372E-12     249.760E-03
            1344    -250.823E-12    -39.5328E-12    -331.088E-03
            1345    -27.2706E-12    -177.835E-12     314.045E-03
            1346    -73.7172E-12    -499.677E-12    -345.553E-03
            1347    -387.809E-12    -526.811E-12     336.511E-03
            1348    -50.3874E-12    -152.044E-12     367.065E-03
            1349    -409.199E-12    -238.929E-12    -202.420E-03
            1350    -257.077E-12    -75.7807E-12    -368.553E-03
            1351    -294.479E-12    -629.834E-12     238.532E-03
            1352    -2.67074E-12    -376.508E-12    -331.501E-03
            1353    -463.519E-12    -273.652E-12    -118.527E-03
            1354    -280.668E-12    -669.706E-12     177.301E-03
            1355    -98.6340E-12    -554.007E-12    -286.275E-03
            1356    -37.2883E-12    -431.109E-12    -404.343E-03
            1357    -359.602E-12    -538.403E-12     393.626E-03
            1358    -505.517E-12    -277.492E-12    -52.6860E-03
            1359    -166.682E-12    -7.06441E-12     126.547E-03
            1360    -67.4819E-12    -154.022E-12     377.345E-03
            1361    -48.1558E-12    -454.081E-12    -390.257E-03
            1362    -335.860E-12    -557.008E-12     362.377E-03
            1363    -371.603E-12    -534.250E-12     377.393E-03
            1364    -265.772E-12    -97.7353E-12    -388.771E-03
            1365    -626.841E-12    -277.226E-12     181.556E-03
            1366    -245.400E-12    -16.0591E-12    -270.116E-03
            1367    -316.096E-12    -586.527E-12     307.744E-03
            1368    -320.847E-12    -176.427E-12    -337.087E-03
            1369    -121.221E-12    -90.3371E-12     327.251E-03
            1370    -5.56044E-12    -190.818E-12     240.126E-03
            1371    -420.229E-12    -514.188E-12     264.472E-03
            1372    -181.074E-12     18.2140E-12     54.9369E-03
            1373     17.8499E-12    -195.385E-12     141.210E-03
            1374    -220.666E-12    -1.14504E-09    -553.117E-03
            1375    -452.151E-12    -506.067E-12     203.005E-03
            1376    -24.6292E-12    -411.999E-12    -401.412E-03
            1377    -124.853E-12    -611.860E-12    -222.340E-03
            1378    -193.191E-12     62.7773E-12    -89.3057E-03
            1379     41.7577E-12    -199.787E-12     17.5617E-03
            1380    -232.099E-12     122.127E-12     102.961E-03
            1381    -259.459E-12    -763.710E-12     26.8768E-03
            1382    -148.177E-12    -684.066E-12    -137.021E-03
            1383     33.6764E-12    -313.938E-12     15.3629E-03
            1384    -240.807E-12     25.5075E-12    -172.690E-03
            1385    -549.407E-12    -488.882E-12     28.8055E-03
            1386    -235.808E-12     77.6729E-12    -13.3821E-03
            1387     3.92559E-12    -359.926E-12    -260.588E-03
            1388    -172.835E-12    -905.186E-12     102.466E-03
            1389    -649.998E-12    -468.497E-12    -108.508E-03
            1390    -220.452E-12     134.853E-12    -398.811E-03
            1391    -754.222E-12    -277.290E-12     466.888E-03
            1392    -168.346E-12    -810.731E-12     2.23460E-03
            1393     52.4834E-12    -198.383E-12    -39.2808E-03
            1394    -494.247E-12    -497.500E-12     125.666E-03
            1395    -171.548E-12    -1.07440E-09     288.341E-03
            1396    -808.583E-12    -492.459E-12    -476.226E-03
            1397    -227.958E-12    -1.26379E-09    -907.335E-03
            1398     59.1188E-12    -201.395E-12    -63.5302E-03
            1399    -231.349E-12     171.784E-12     294.347E-03
            1400     92.0461E-12    -179.468E-12    -295.062E-03
            1401     68.9998E-12    -289.100E-12     320.035E-03
            1402    -232.512E-12    -904.547E-12    -146.270E-03
            1403    -890.412E-12    -519.454E-12    -802.847E-03
            1404    -1.11153E-09    -577.808E-12        -1.64934
            1405    -155.905E-12    -1.26229E-09     729.488E-03
            1406    -227.759E-12     257.843E-12         1.02642
            1407    -219.690E-12    -1.04230E-09    -322.639E-03
            1408    -225.918E-12     321.895E-12         1.84143
            1409    -880.226E-12    -268.231E-12     848.692E-03
            1410    -248.783E-12     198.220E-12    -735.919E-03
            1411    -226.439E-12     357.833E-12         2.88927
            1412    -271.790E-12     352.389E-12         4.06246
            1413     146.975E-12    -255.587E-12     962.193E-03
            1414    -1.06240E-09    -161.027E-12         3.08701
            1415    -279.746E-12     214.417E-12        -3.74797
            1416    -94.6231E-12    -130.229E-12     374.804E-03
            1417    -283.849E-12    -154.367E-12    -372.968E-03
            1418    -376.017E-12    -528.439E-12     355.679E-03
            1419    -60.7467E-12    -474.431E-12    -372.025E-03
            1420    -398.114E-12    -520.565E-12     309.359E-03
            1421    -374.324E-12    -225.415E-12    -255.931E-03
            1422    -88.3767E-12    -527.954E-12    -317.521E-03
            1423    -247.302E-12    -41.7762E-12    -301.057E-03
            1424    -18.0735E-12    -190.716E-12     277.239E-03
            1425    -342.896E-12    -549.977E-12     376.179E-03
            1426    -425.276E-12    -257.800E-12    -176.700E-03
            1427    -87.0781E-12    -147.553E-12     375.773E-03
            1428    -273.934E-12    -125.610E-12    -385.523E-03
            1429     25.2155E-12    -323.087E-12    -55.9032E-03
            1430    -492.477E-12    -298.183E-12    -77.5329E-03
            1431    -435.397E-12    -504.190E-12     227.981E-03
            1432    -265.525E-12    -724.580E-12     97.2714E-03
            1433    -131.417E-12    -72.3741E-12     293.602E-03
            1434    -303.959E-12    -167.345E-12    -358.708E-03
            1435    -24.5227E-12    -408.017E-12    -394.163E-03
            1436    -39.3284E-12    -176.022E-12     337.518E-03
            1437    -253.517E-12    -64.3431E-12    -350.581E-03
            1438    -335.392E-12    -193.891E-12    -316.136E-03
            1439    -306.775E-12    -600.987E-12     284.345E-03
            1440    -111.799E-12    -107.840E-12     351.153E-03
            1441    -11.6153E-12    -383.093E-12    -343.981E-03
            1442    -283.677E-12    -651.066E-12     205.902E-03
            1443    -362.849E-12    -536.438E-12     387.681E-03
            1444    -176.968E-12    -2.55484E-12     102.851E-03
            1445    -47.9465E-12    -445.602E-12    -397.360E-03
            1446     8.45109E-12    -349.706E-12    -210.386E-03
            1447    -547.120E-12    -293.797E-12     2.33220E-03
            1448    -195.793E-12     42.7479E-12    -3.40248E-03
            1449    -39.5065E-12    -425.020E-12    -395.913E-03
            1450    -115.753E-12    -585.130E-12    -254.026E-03
            1451    -56.0010E-12    -163.142E-12     366.520E-03
            1452    -261.184E-12    -87.6763E-12    -381.136E-03
            1453     540.610E-15    -368.735E-12    -300.182E-03
            1454    -328.206E-12    -567.110E-12     343.652E-03
            1455     28.1160E-12    -202.336E-12     87.0640E-03
            1456     37.6219E-12    -215.277E-12     37.9614E-03
            1457     952.704E-15    -204.352E-12     199.499E-03
            1458    -702.151E-12    -301.871E-12     248.304E-03
            1459    -237.874E-12     41.7944E-12    -120.153E-03
            1460    -140.188E-12    -640.579E-12    -187.359E-03
            1461    -201.489E-12     82.8901E-12    -153.562E-03
            1462    -242.685E-12    -3.35124E-12    -231.746E-03
            1463    -470.533E-12    -495.576E-12     165.463E-03
            1464    -151.862E-12    -47.6603E-12     221.948E-03
            1465    -162.033E-12    -730.196E-12    -86.1724E-03
            1466    -233.793E-12     99.8148E-12     51.4018E-03
            1467    -576.355E-12    -475.361E-12    -3.80882E-03
            1468    -177.768E-12    -850.921E-12     24.3206E-03
            1469    -206.605E-12    -1.19455E-09    -420.307E-03
            1470    -221.815E-12    -954.937E-12    -161.824E-03
            1471     49.0986E-12    -209.654E-12    -10.3617E-03
            1472    -231.927E-12     145.160E-12     135.408E-03
            1473    -178.396E-12    -988.181E-12     141.054E-03
            1474    -728.285E-12    -474.639E-12    -252.666E-03
            1475     77.4018E-12    -196.420E-12    -138.747E-03
            1476    -248.439E-12    -799.399E-12    -2.55206E-03
            1477    -516.518E-12    -485.456E-12     88.3587E-03
            1478     118.167E-12    -170.628E-12    -432.844E-03
            1479     47.6588E-12    -293.174E-12     94.8313E-03
            1480    -247.255E-12    -1.38804E-09        -1.42132
            1481    -170.391E-12    -1.16855E-09     354.319E-03
            1482    -234.128E-12     167.206E-12    -557.475E-03
            1483    -829.375E-12    -297.539E-12     507.752E-03
            1484    -890.294E-12    -500.445E-12    -666.445E-03
            1485    -209.521E-12    -1.08092E-09    -260.477E-03
            1486     106.947E-12    -260.234E-12     543.068E-03
            1487    -145.549E-12    -1.37792E-09         1.07823
            1488    -230.726E-12     227.410E-12     597.204E-03
            1489    -1.10636E-09    -539.230E-12        -1.29438
            1490    -1.23559E-09    -669.493E-12        -2.71324
            1491    -228.275E-12     342.843E-12         1.87649
            1492    -293.101E-12     477.070E-12         6.91771
            1493    -229.682E-12     286.473E-12         1.08241
            1494    -972.005E-12    -290.827E-12     869.779E-03
            1495    -264.108E-12     231.974E-12    -849.543E-03
            1496    -1.05587E-09    -211.321E-12         2.18524
            1497    -1.04057E-09    -107.870E-12         3.94520
            1498    -223.533E-12     159.435E-12        -4.37937
            1499    -242.757E-12     435.304E-12         5.08565
            1500    -342.874E-12    -544.568E-12     373.447E-03
            1501    -292.828E-12    -165.019E-12    -366.453E-03
            1502    -140.995E-12    -67.9026E-12     268.391E-03
            1503    -103.771E-12    -125.770E-12     364.670E-03
            1504    -85.7677E-12    -508.410E-12    -341.501E-03
            1505    -384.411E-12    -524.377E-12     336.280E-03
            1506    -13.9963E-15    -359.549E-12    -260.423E-03
            1507    -31.1136E-12    -190.844E-12     305.897E-03
            1508    -250.385E-12    -53.1862E-12    -327.957E-03
            1509    -390.666E-12    -244.975E-12    -227.959E-03
            1510    -16.0283E-12    -389.616E-12    -358.940E-03
            1511    -435.484E-12    -275.798E-12    -156.679E-03
            1512    -255.664E-12    -748.538E-12     72.7465E-03
            1513    -285.746E-12    -634.186E-12     223.900E-03
            1514     11.5519E-12    -340.535E-12    -169.571E-03
            1515    -236.370E-12    -827.792E-12    -16.2909E-03
            1516    -107.978E-12    -560.930E-12    -283.363E-03
            1517    -163.877E-12    -25.8152E-12     165.566E-03
            1518    -32.5439E-12    -415.788E-12    -394.226E-03
            1519    -523.998E-12    -312.645E-12    -37.8025E-03
            1520    -55.9397E-12    -179.822E-12     350.814E-03
            1521    -256.653E-12    -90.0289E-12    -359.431E-03
            1522    -190.694E-12     21.0663E-12     42.7001E-03
            1523    -357.218E-12    -535.917E-12     380.720E-03
            1524    -48.4176E-12    -436.848E-12    -393.508E-03
            1525    -599.339E-12    -307.647E-12     66.7928E-03
            1526    -328.136E-12    -559.113E-12     347.503E-03
            1527    -244.343E-12    -30.0652E-12    -269.429E-03
            1528    -408.385E-12    -511.750E-12     278.017E-03
            1529    -60.5564E-12    -463.598E-12    -384.040E-03
            1530    -9.78362E-12    -203.372E-12     235.411E-03
            1531    -319.234E-12    -578.581E-12     322.147E-03
            1532    -367.659E-12    -532.201E-12     372.073E-03
            1533    -450.346E-12    -493.127E-12     191.384E-03
            1534    -78.7534E-12    -164.406E-12     368.960E-03
            1535     5.65963E-12    -216.246E-12     163.905E-03
            1536    -121.260E-12    -104.163E-12     332.846E-03
            1537    -267.571E-12    -116.195E-12    -382.125E-03
            1538    -316.963E-12    -186.945E-12    -339.266E-03
            1539    -235.269E-12     59.8101E-12    -66.8555E-03
            1540    -275.863E-12    -144.454E-12    -374.428E-03
            1541    -96.3905E-12    -143.259E-12     369.164E-03
            1542    -201.530E-12     63.6512E-12    -54.4916E-03
            1543    -131.107E-12    -610.675E-12    -222.916E-03
            1544    -8.09862E-12    -375.983E-12    -321.794E-03
            1545    -231.120E-12     98.8065E-12     19.6297E-03
            1546     36.0407E-12    -228.972E-12     37.3575E-03
            1547     25.4400E-12    -220.899E-12     82.7798E-03
            1548    -156.837E-12    -669.731E-12    -147.344E-03
            1549    -347.087E-12    -209.932E-12    -296.630E-03
            1550    -487.177E-12    -483.779E-12     131.096E-03
            1551    -239.595E-12     9.96892E-12    -188.956E-03
            1552    -609.096E-12    -459.694E-12    -35.5368E-03
            1553    -173.539E-12    -770.040E-12    -47.2310E-03
            1554    -230.133E-12     119.330E-12     40.2668E-03
            1555     32.1643E-12    -309.169E-12    -7.20050E-03
            1556    -161.405E-12    -43.6106E-12     192.819E-03
            1557    -710.395E-12    -434.970E-12    -105.909E-03
            1558    -180.641E-12    -934.506E-12     85.9631E-03
            1559    -270.559E-12    -693.785E-12     144.777E-03
            1560    -226.449E-12     141.791E-12    -256.128E-03
            1561    -773.034E-12    -324.375E-12     267.688E-03
            1562    -222.779E-12    -886.435E-12    -58.1737E-03
            1563    -536.188E-12    -468.469E-12     56.4158E-03
            1564     62.8509E-12    -209.931E-12    -53.5968E-03
            1565    -212.540E-12    -994.689E-12    -149.998E-03
            1566    -179.411E-12    -1.05900E-09     168.397E-03
            1567    -794.147E-12    -473.484E-12    -353.833E-03
            1568    -233.326E-12     196.492E-12     310.867E-03
            1569     136.680E-12    -156.288E-12    -717.217E-03
            1570     101.484E-12    -186.740E-12    -227.021E-03
            1571    -209.740E-12    -1.33033E-09    -712.090E-03
            1572    -201.145E-12    -1.08703E-09    -150.333E-03
            1573     72.6041E-12    -271.522E-12     240.900E-03
            1574    -991.470E-12    -516.318E-12    -935.947E-03
            1575    -1.19276E-09    -692.192E-12        -2.82601
            1576    -166.942E-12    -1.27877E-09     456.240E-03
            1577    -1.24043E-09    -570.513E-12        -1.78044
            1578    -113.794E-12    -1.41740E-09         1.98085
            1579    -1.02430E-09    -254.442E-12         1.43815
            1580    -292.116E-12     235.887E-12        -2.45279
            1581    -235.483E-12     251.572E-12     579.559E-03
            1582    -910.383E-12    -321.942E-12     481.513E-03
            1583    -248.074E-12     208.463E-12    -410.372E-03
            1584    -1.38478E-09    -610.573E-12        -2.41290
            1585     154.453E-12    -230.703E-12     748.599E-03
            1586    -238.559E-12     304.861E-12     985.078E-03
            1587    -1.18996E-09    -169.632E-12         3.79695
            1588    -958.576E-12    -31.8348E-12         4.75240
            1589    -308.592E-12     242.600E-12        -4.19338
            1590     198.769E-12    -1.50498E-09         8.11733
            1591    -1.26611E-09    -1.66883E-09        -9.00625
            1592    -334.986E-12     422.518E-12         6.35097
            1593    -29.9821E-12    -1.57411E-09         4.38834
            1594    -182.184E-12     146.210E-12        -6.87994
            1595    -134.747E-12     170.181E-12        -10.9889
            1596     289.522E-12    -1.42965E-09         9.08257
            1597    -283.254E-12    -1.51374E-09        -2.11926
            1598    -73.8556E-12    -485.251E-12    -364.826E-03
            1599    -374.574E-12    -522.779E-12     340.243E-03
            1600    -19.3507E-12    -388.158E-12    -347.333E-03
            1601    -150.292E-12    -63.8427E-12     240.854E-03
            1602    -245.924E-12    -56.1428E-12    -292.440E-03
            1603    -27.7965E-12    -405.782E-12    -382.133E-03
            1604    -21.3570E-12    -203.275E-12     265.847E-03
            1605    -406.945E-12    -259.638E-12    -201.046E-03
            1606     19.9654E-12    -324.636E-12    -93.9798E-03
            1607    -105.410E-12    -139.088E-12     358.645E-03
            1608    -285.247E-12    -173.193E-12    -357.435E-03
            1609    -334.706E-12    -549.728E-12     359.563E-03
            1610    -347.170E-12    -539.201E-12     373.954E-03
            1611    -420.688E-12    -501.217E-12     241.860E-03
            1612    -274.881E-12    -651.852E-12     189.776E-03
            1613    -231.098E-12    -795.454E-12     21.2184E-03
            1614    -88.8965E-12    -160.040E-12     366.104E-03
            1615    -360.505E-12    -230.666E-12    -271.696E-03
            1616    -469.667E-12    -310.986E-12    -98.2557E-03
            1617    -269.336E-12    -135.932E-12    -370.306E-03
            1618    -247.864E-12    -754.555E-12     65.5009E-03
            1619    -140.140E-12    -82.9470E-12     280.008E-03
            1620    -297.343E-12    -604.750E-12     264.882E-03
            1621    -333.032E-12    -207.813E-12    -313.428E-03
            1622    -563.522E-12    -329.662E-12     1.70260E-03
            1623    -45.9488E-12    -189.849E-12     329.017E-03
            1624    -252.810E-12    -78.7589E-12    -341.168E-03
            1625    -312.053E-12    -196.580E-12    -337.072E-03
            1626    -186.350E-12     174.337E-15     79.7879E-03
            1627    -4.03448E-12    -368.046E-12    -294.306E-03
            1628    -112.757E-12    -121.638E-12     350.643E-03
            1629    -48.8415E-12    -427.361E-12    -380.816E-03
            1630     13.6561E-12    -225.459E-12     120.359E-03
            1631    -203.802E-12     44.9244E-12    -4.57787E-03
            1632    -122.662E-12    -589.094E-12    -248.976E-03
            1633    -59.5711E-12    -451.501E-12    -385.287E-03
            1634    -236.510E-12     24.2593E-12    -143.321E-03
            1635    -359.256E-12    -530.714E-12     367.249E-03
            1636    -319.003E-12    -572.324E-12     325.639E-03
            1637    -13.4999E-12    -215.497E-12     223.696E-03
            1638    -66.1382E-12    -169.043E-12     366.234E-03
            1639    -261.639E-12    -106.485E-12    -371.398E-03
            1640     3.19291E-12    -349.671E-12    -219.199E-03
            1641    -654.967E-12    -327.936E-12     106.400E-03
            1642    -146.944E-12    -636.330E-12    -186.085E-03
            1643    -241.187E-12    -18.3921E-12    -233.946E-03
            1644    -463.240E-12    -481.550E-12     157.966E-03
            1645    -217.342E-12     116.056E-12    -198.975E-03
            1646    -226.871E-12     94.8667E-12    -8.88721E-03
            1647    -167.753E-12    -702.936E-12    -107.745E-03
            1648     21.3801E-12    -239.785E-12     70.2468E-03
            1649    -232.715E-12     79.0773E-12    -17.9265E-03
            1650    -183.524E-12    -806.862E-12    -18.8081E-03
            1651    -496.975E-12    -471.357E-12     105.480E-03
            1652    -390.656E-12    -518.838E-12     315.432E-03
            1653    -97.7678E-12    -533.866E-12    -313.419E-03
            1654    -170.453E-12    -40.7383E-12     162.725E-03
            1655    -642.659E-12    -442.127E-12    -54.9060E-03
            1656    -185.477E-12    -888.388E-12     32.4745E-03
            1657    -212.857E-12    -933.395E-12    -69.9454E-03
            1658     49.2919E-12    -220.295E-12    -2.17126E-03
            1659    -570.711E-12    -451.226E-12     13.5535E-03
            1660    -232.807E-12     166.552E-12     132.540E-03
            1661    -184.664E-12    -970.389E-12     79.1447E-03
            1662    -776.928E-12    -452.823E-12    -235.632E-03
            1663     84.5052E-12    -208.647E-12    -66.6997E-03
            1664     126.775E-12    -181.281E-12    -233.346E-03
            1665    -206.284E-12    -1.01822E-09    -120.621E-03
            1666     41.6509E-12    -289.689E-12     35.8752E-03
            1667    -192.872E-12    -1.21130E-09    -155.673E-03
            1668     148.235E-12    -169.315E-12    -365.015E-03
            1669    -845.513E-12    -347.490E-12     231.670E-03
            1670    -238.251E-12     177.898E-12    -305.166E-03
            1671    -179.754E-12    -1.15122E-09     169.149E-03
            1672    -877.977E-12    -477.567E-12    -495.681E-03
            1673    -160.653E-12    -1.41023E-09     642.962E-03
            1674     198.559E-12    -227.313E-12         1.19981
            1675    -947.144E-12     16.2462E-12         5.63012
            1676    -236.727E-12     217.196E-12     265.466E-03
            1677    -220.700E-12    -1.47642E-09        -1.18539
            1678     117.572E-12    -238.320E-12     430.640E-03
            1679    -127.939E-12    -1.51065E-09         1.71605
            1680    -1.07133E-09    -326.176E-12     717.678E-03
            1681    -277.547E-12     263.485E-12    -841.631E-03
            1682    -1.39920E-09    -759.954E-12        -3.92996
            1683    -1.08204E-09    -495.027E-12    -875.156E-03
            1684    -1.47641E-09    -1.55971E-09        -9.77472
            1685    -242.412E-12     268.004E-12     452.954E-03
            1686    -388.579E-12    -1.52382E-09        -3.05340
            1687    -1.33353E-09    -523.794E-12        -1.39047
            1688    -250.914E-12     311.088E-12     680.503E-03
            1689    -993.791E-12    -353.462E-12     332.376E-03
            1690    -1.58625E-09    -776.348E-12        -4.64500
            1691    -258.380E-12     240.603E-12    -393.258E-03
            1692    -1.17111E-09    -1.93672E-09        -10.3381
            1693     122.993E-12    -146.660E-12    -951.206E-03
            1694     451.839E-12    -1.36672E-09         11.3658
            1695    -345.897E-12    -231.369E-12    -285.442E-03
            1696    -295.880E-12    -185.585E-12    -349.965E-03
            1697    -98.1646E-12    -155.809E-12     359.262E-03
            1698    -277.145E-12    -163.433E-12    -358.354E-03
            1699    -114.043E-12    -135.225E-12     344.732E-03
            1700    -335.801E-12    -541.937E-12     354.665E-03
            1701    -249.168E-12    -67.8442E-12    -318.250E-03
            1702    -286.469E-12    -619.160E-12     232.496E-03
            1703    -444.694E-12    -320.604E-12    -111.615E-03
            1704    -2.94989E-12    -357.639E-12    -251.694E-03
            1705    -39.6470E-12    -415.395E-12    -378.616E-03
            1706    -182.558E-12    -19.8392E-12     108.542E-03
            1707    -24.8863E-12    -391.810E-12    -347.472E-03
            1708     9.87549E-12    -337.213E-12    -164.060E-03
            1709    -382.794E-12    -519.824E-12     326.034E-03
            1710    -159.206E-12    -60.4995E-12     211.595E-03
            1711    -98.8717E-12    -516.920E-12    -325.212E-03
            1712    -496.156E-12    -327.629E-12    -62.9656E-03
            1713    -605.647E-12    -350.331E-12     26.1474E-03
            1714    -198.901E-12     22.4370E-12     28.4862E-03
            1715    -6.87723E-12    -227.465E-12     180.917E-03
            1716    -242.610E-12    -44.6476E-12    -262.418E-03
            1717    -318.056E-12    -558.018E-12     321.912E-03
            1718    -58.6175E-12    -196.738E-12     328.184E-03
            1719    -24.2413E-12    -215.618E-12     248.604E-03
            1720     9.10769E-12    -240.255E-12     106.730E-03
            1721    -255.658E-12    -103.228E-12    -345.715E-03
            1722    -233.100E-12     39.5223E-12    -97.6154E-03
            1723    -432.782E-12    -489.330E-12     204.534E-03
            1724    -72.9068E-12    -469.555E-12    -370.115E-03
            1725    -58.9437E-12    -439.998E-12    -376.950E-03
            1726    -349.680E-12    -533.959E-12     367.258E-03
            1727    -307.391E-12    -580.522E-12     296.071E-03
            1728    -17.5405E-12    -383.098E-12    -332.662E-03
            1729     26.4653E-12    -249.053E-12     41.5478E-03
            1730    -366.920E-12    -524.681E-12     348.910E-03
            1731    -130.373E-12    -114.709E-12     311.515E-03
            1732    -323.716E-12    -215.634E-12    -314.729E-03
            1733    -210.626E-12     71.4820E-12    -44.8851E-03
            1734    -81.7625E-12    -176.813E-12     354.643E-03
            1735    -135.945E-12    -604.849E-12    -224.083E-03
            1736    -263.718E-12    -129.574E-12    -360.454E-03
            1737    -179.067E-12    -39.1386E-12     131.168E-03
            1738    -220.587E-12    -840.283E-12    -9.80715E-03
            1739    -162.975E-12    -653.488E-12    -149.056E-03
            1740    -237.985E-12    -6.57613E-12    -195.041E-03
            1741    -179.198E-12    -735.765E-12    -70.2928E-03
            1742    -473.264E-12    -470.181E-12     129.753E-03
            1743    -148.946E-12    -79.4993E-12     252.738E-03
            1744     48.8060E-12    -231.959E-12     7.23607E-03
            1745    -515.770E-12    -454.409E-12     68.7957E-03
            1746    -191.959E-12    -844.353E-12    -1.67270E-03
            1747    -376.652E-12    -256.179E-12    -236.464E-03
            1748    -228.110E-12     75.4671E-12    -24.6721E-03
            1749    -259.481E-12    -702.058E-12     126.030E-03
            1750    -230.641E-12     138.613E-12     31.2838E-03
            1751    -395.468E-12    -508.450E-12     284.617E-03
            1752    -121.349E-12    -572.716E-12    -264.816E-03
            1753    -572.182E-12    -405.417E-12     5.18030E-03
            1754     29.0610E-12    -305.550E-12    -29.2541E-03
            1755    -225.727E-12    -764.519E-12     27.8375E-03
            1756    -674.908E-12    -421.800E-12    -51.0217E-03
            1757    -190.957E-12    -931.810E-12     30.3045E-03
            1758    -204.221E-12    -981.246E-12    -63.6536E-03
            1759    -227.093E-12     136.481E-12    -137.650E-03
            1760    -783.762E-12    -371.636E-12     75.5829E-03
            1761     64.1490E-12    -222.238E-12    -20.9834E-03
            1762    -186.791E-12    -1.03108E-09     72.4207E-03
            1763    -894.003E-12     85.9732E-12         6.46188
            1764    -854.906E-12    -452.312E-12    -322.902E-03
            1765    -188.596E-12    -1.10984E-09     22.2957E-03
            1766     155.248E-12    -144.022E-12        -1.13674
            1767     104.623E-12    -205.508E-12    -23.4802E-03
            1768    -235.888E-12     184.641E-12     80.4456E-03
            1769     155.947E-12    -185.996E-12     47.7506E-03
            1770     55.7399E-12    -271.387E-12     88.7409E-03
            1771    -341.306E-12    -1.63371E-09        -2.99616
            1772    -179.118E-12    -1.26652E-09     136.809E-03
            1773    -192.247E-12    -1.37601E-09    -357.788E-03
            1774    -404.812E-12    -1.74022E-09        -3.94729
            1775    -1.03876E-09    -450.788E-12    -464.469E-03
            1776    -983.399E-12    -409.747E-12    -124.992E-03
            1777    -151.132E-12    -1.55909E-09     974.079E-03
            1778     88.4029E-12    -246.516E-12     216.606E-03
            1779    -245.360E-12     207.464E-12    -197.426E-03
            1780     176.167E-12    -133.095E-12        -1.75291
            1781     157.741E-12    -207.161E-12     437.788E-03
            1782    -243.315E-12     232.337E-12     142.954E-03
            1783    -1.35060E-09    -793.605E-12        -4.08012
            1784    -1.14105E-09    -288.608E-12         1.36163
            1785    -1.47599E-09    -1.30031E-09        -7.94320
            1786    -317.099E-12     270.871E-12        -2.26366
            1787    -1.17043E-09    -376.838E-12     295.590E-03
            1788    -266.404E-12     274.392E-12    -241.484E-03
            1789    -903.560E-12    -1.80889E-09        -7.61135
            1790     196.718E-12    -198.845E-12     700.786E-03
            1791    -89.3998E-12    -493.474E-12    -345.150E-03
            1792    -365.607E-12    -516.636E-12     325.945E-03
            1793    -24.9453E-12    -386.091E-12    -327.618E-03
            1794    -243.835E-12    -70.4473E-12    -277.879E-03
            1795    -35.4333E-12    -216.362E-12     267.508E-03
            1796     18.1057E-12    -319.632E-12    -93.8651E-03
            1797    -424.752E-12    -300.558E-12    -149.437E-03
            1798    -330.395E-12    -546.165E-12     346.584E-03
            1799    -285.425E-12    -191.137E-12    -337.820E-03
            1800    -407.824E-12    -496.875E-12     245.262E-03
            1801    -115.646E-12    -148.891E-12     333.863E-03
            1802    -1.27981E-12    -239.972E-12     137.121E-03
            1803    -339.419E-12    -536.652E-12     355.265E-03
            1804    -334.132E-12    -234.625E-12    -290.258E-03
            1805    -91.3100E-12    -172.321E-12     352.013E-03
            1806    -270.212E-12    -155.320E-12    -353.635E-03
            1807    -467.135E-12    -339.379E-12    -74.7937E-03
            1808    -194.999E-12     1.41020E-12     54.7768E-03
            1809    -157.295E-12    -76.5897E-12     224.052E-03
            1810    -39.5723E-12    -407.998E-12    -361.029E-03
            1811    -296.034E-12    -593.755E-12     263.954E-03
            1812    -306.613E-12    -205.439E-12    -330.558E-03
            1813    -122.312E-12    -131.400E-12     327.926E-03
            1814    -58.0504E-12    -207.701E-12     308.509E-03
            1815    -382.157E-12    -512.188E-12     305.573E-03
            1816    -251.607E-12    -93.9309E-12    -327.665E-03
            1817    -11.6004E-12    -361.321E-12    -257.177E-03
            1818    -112.411E-12    -527.526E-12    -300.868E-03
            1819    -59.0195E-12    -429.282E-12    -360.451E-03
            1820    -167.690E-12    -58.4177E-12     181.169E-03
            1821    -209.431E-12     43.7107E-12    -7.38939E-03
            1822    -234.317E-12     5.21911E-12    -153.585E-03
            1823    -187.126E-12    -38.9809E-12     97.9836E-03
            1824    -139.005E-12    -112.304E-12     286.774E-03
            1825    -130.579E-12    -572.295E-12    -252.428E-03
            1826    -16.7713E-12    -227.319E-12     206.485E-03
            1827    -311.896E-12    -569.418E-12     307.997E-03
            1828    -230.288E-12     56.3928E-12    -56.5525E-03
            1829    -70.2722E-12    -454.216E-12    -367.516E-03
            1830    -266.494E-12    -642.992E-12     169.224E-03
            1831     33.9391E-12    -250.208E-12     25.7506E-03
            1832    -222.256E-12     72.7344E-12    -25.7501E-03
            1833    -351.232E-12    -528.236E-12     354.792E-03
            1834    -649.617E-12    -378.770E-12     17.6959E-03
            1835    -185.873E-15    -345.037E-12    -201.629E-03
            1836    -152.913E-12    -626.860E-12    -183.458E-03
            1837    -173.120E-12    -679.258E-12    -114.636E-03
            1838    -239.383E-12    -33.9060E-12    -229.405E-03
            1839     67.7053E-12    -251.740E-12     93.3136E-03
            1840    -444.319E-12    -477.436E-12     169.745E-03
            1841    -71.8560E-12    -181.861E-12     352.022E-03
            1842    -250.244E-12    -706.532E-12     104.149E-03
            1843    -259.261E-12    -125.917E-12    -346.388E-03
            1844    -215.864E-12    -799.938E-12     3.81603E-03
            1845    -218.132E-12     107.739E-12    -121.339E-03
            1846    -210.620E-12    -886.029E-12    -24.4533E-03
            1847    -497.903E-12    -461.600E-12     93.7798E-03
            1848    -190.027E-12    -767.136E-12    -38.1935E-03
            1849    -355.220E-12    -251.990E-12    -258.478E-03
            1850    -524.949E-12    -419.583E-12     27.6936E-03
            1851    -220.832E-12     87.5094E-12    -33.7377E-03
            1852    -393.482E-12    -286.931E-12    -190.647E-03
            1853    -626.555E-12    -410.120E-12    -11.5756E-03
            1854    -197.986E-12    -886.880E-12     628.881E-06
            1855     59.8078E-12    -238.875E-12     18.8034E-03
            1856    -802.943E-12    -406.797E-12    -68.4994E-03
            1857    -240.001E-12     198.304E-12    -30.4644E-03
            1858    -196.747E-12    -1.04358E-09    -44.8465E-03
            1859     43.0085E-12    -273.284E-12     26.3603E-03
            1860    -525.172E-12    -345.228E-12    -30.7215E-03
            1861    -942.889E-12    -451.925E-12    -404.782E-03
            1862     128.482E-12    -196.906E-12     16.1885E-03
            1863     98.1651E-12    -224.587E-12     117.796E-03
            1864    -1.02985E-09     87.1350E-12         8.50479
            1865    -234.706E-12     167.507E-12    -119.513E-03
            1866    -176.986E-12    -1.40952E-09     112.464E-03
            1867    -232.126E-12     154.821E-12    -17.7952E-03
            1868    -1.14653E-09    -448.451E-12    -487.843E-03
            1869     150.661E-12    -124.135E-12        -2.37042
            1870    -250.842E-12     240.953E-12    -70.0875E-03
            1871     242.111E-12    -194.897E-12         1.06997
            1872     173.538E-12    -157.146E-12    -571.833E-03
            1873    -917.216E-12    -375.063E-12     111.937E-03
            1874    -196.845E-12    -1.53870E-09    -678.614E-03
            1875    -253.874E-12     276.154E-12     192.573E-03
            1876    -141.516E-12    -1.70137E-09         1.46188
            1877    -1.26744E-09    -349.931E-12     849.711E-03
            1878    -299.260E-12     302.930E-12    -687.548E-03
            1879    -342.837E-12    -249.724E-12    -268.835E-03
            1880    -302.877E-12    -216.828E-12    -317.185E-03
            1881    -120.683E-12    -548.097E-12    -280.077E-03
            1882    -123.710E-12    -144.762E-12     317.661E-03
            1883    -108.437E-12    -163.791E-12     336.229E-03
            1884    -277.488E-12    -181.748E-12    -338.375E-03
            1885    -328.622E-12    -538.496E-12     334.642E-03
            1886    -388.013E-12    -498.570E-12     264.953E-03
            1887    -46.9735E-12    -217.960E-12     279.088E-03
            1888    -247.259E-12    -84.5501E-12    -301.286E-03
            1889    -164.986E-12    -75.2447E-12     195.024E-03
            1890    -420.650E-12    -330.195E-12    -114.690E-03
            1891    -155.812E-12    -91.8169E-12     230.817E-03
            1892    -440.687E-12    -349.720E-12    -75.4471E-03
            1893    -230.310E-12    -708.354E-12     48.5289E-03
            1894    -191.039E-12    -18.8704E-12     77.6407E-03
            1895    -230.234E-12     17.1596E-12    -110.705E-03
            1896    -10.6254E-12    -239.044E-12     163.769E-03
            1897    -375.910E-12    -276.885E-12    -215.675E-03
            1898    -33.8748E-12    -390.334E-12    -320.995E-03
            1899    -205.870E-12     23.5728E-12     10.9285E-03
            1900    -8.32995E-12    -351.240E-12    -220.294E-03
            1901    -51.4170E-12    -419.381E-12    -359.222E-03
            1902    -175.784E-12    -57.6713E-12     149.002E-03
            1903     7.16313E-12    -331.535E-12    -149.514E-03
            1904    -275.730E-12    -617.050E-12     201.396E-03
            1905    -26.7395E-12    -227.770E-12     226.749E-03
            1906    -240.560E-12    -59.2186E-12    -250.205E-03
            1907    -418.564E-12    -484.734E-12     207.608E-03
            1908    -317.643E-12    -549.313E-12     315.995E-03
            1909    -83.1474E-12    -470.525E-12    -351.871E-03
            1910    -24.1707E-12    -379.444E-12    -304.785E-03
            1911    -300.100E-12    -575.222E-12     275.179E-03
            1912    -326.919E-12    -242.088E-12    -284.656E-03
            1913    -69.1360E-12    -441.286E-12    -355.408E-03
            1914    -130.424E-12    -128.051E-12     308.068E-03
            1915    -68.9133E-12    -208.580E-12     309.674E-03
            1916    -214.713E-12     64.9257E-12    -26.4186E-03
            1917    -358.615E-12    -516.416E-12     325.518E-03
            1918    -341.704E-12    -530.853E-12     348.628E-03
            1919    -250.656E-12    -110.312E-12    -312.952E-03
            1920    -107.967E-12    -511.594E-12    -311.249E-03
            1921    -141.964E-12    -598.839E-12    -218.681E-03
            1922    -184.420E-12    -704.007E-12    -78.3480E-03
            1923    -235.869E-12    -23.7445E-12    -193.601E-03
            1924    -168.178E-12    -638.988E-12    -144.981E-03
            1925    -85.3791E-12    -189.369E-12     335.597E-03
            1926     9.87374E-12    -257.790E-12     64.5851E-03
            1927    -264.324E-12    -148.772E-12    -343.854E-03
            1928    -199.495E-12    -800.545E-12    -14.6302E-03
            1929    -220.959E-12    -734.414E-12     21.3566E-03
            1930    -482.128E-12    -424.584E-12     49.2955E-03
            1931    -370.553E-12    -507.091E-12     297.365E-03
            1932    -223.612E-12     53.8842E-12    -37.9634E-03
            1933    -206.404E-12    -842.081E-12    -7.20666E-03
            1934    -522.673E-12    -390.387E-12    -137.134E-06
            1935    -217.197E-12     54.6824E-12    -22.9747E-03
            1936    -399.147E-12    -307.843E-12    -159.444E-03
            1937     45.5716E-12    -245.527E-12     17.0249E-03
            1938    -553.023E-12    -364.282E-12    -8.12507E-03
            1939    -255.683E-12    -674.819E-12     129.681E-03
            1940     77.6041E-12    -231.009E-12     43.4999E-03
            1941    -571.675E-12    -384.319E-12     1.35624E-03
            1942    -201.832E-12    -935.007E-12    -19.1457E-03
            1943    -732.048E-12    -400.431E-12    -26.8862E-03
            1944     17.5336E-12    -314.300E-12    -84.1909E-03
            1945     1.31805E-12    -255.141E-12     92.5760E-03
            1946    -226.629E-12     126.310E-12    -59.9745E-03
            1947    -489.695E-12    -357.253E-12    -42.6466E-03
            1948     52.3630E-12    -256.354E-12     36.6217E-03
            1949     33.3061E-12    -289.155E-12    -4.95265E-03
            1950    -1.20415E-09    -509.287E-12        -1.12317
            1951     187.814E-12    -175.502E-12     81.1348E-03
            1952     252.950E-12    -228.866E-12         1.83795
            1953    -96.4162E-12    -1.66394E-09         3.02296
            1954    -174.486E-12    -1.56598E-09     84.8137E-03
            1955    -1.05263E-09     14.3706E-12         6.92816
            1956    -996.745E-12     172.037E-12         10.1812
            1957    -270.116E-12     305.482E-12     91.7757E-03
            1958    -244.413E-12    -1.62364E-09        -1.88842
            1959    -849.033E-12    -392.191E-12    -7.70533E-03
            1960    -147.656E-12    -110.216E-12     258.444E-03
            1961    -373.949E-12    -294.051E-12    -193.539E-03
            1962    -397.343E-12    -490.398E-12     237.364E-03
            1963    -357.243E-12    -268.985E-12    -237.012E-03
            1964    -32.6653E-12    -383.074E-12    -298.390E-03
            1965    -162.236E-12    -91.1628E-12     206.115E-03
            1966    -241.356E-12    -83.2873E-12    -258.801E-03
            1967    -36.9018E-12    -228.531E-12     242.269E-03
            1968    -324.413E-12    -542.759E-12     328.819E-03
            1969     10.7882E-12    -318.157E-12    -103.912E-03
            1970    -292.524E-12    -217.955E-12    -309.995E-03
            1971    -117.296E-12    -163.844E-12     318.225E-03
            1972    -417.491E-12    -359.635E-12    -67.0597E-03
            1973    -219.140E-12    -708.055E-12     15.2214E-03
            1974    -96.9028E-12    -487.499E-12    -330.103E-03
            1975    -363.746E-12    -508.827E-12     304.014E-03
            1976    -131.125E-12    -551.521E-12    -258.388E-03
            1977    -331.700E-12    -533.285E-12     334.177E-03
            1978    -172.619E-12    -75.6013E-12     163.476E-03
            1979    -194.621E-12    -40.3265E-12     63.2215E-03
            1980    -94.4753E-12    -184.628E-12     333.493E-03
            1981    -232.059E-12    -14.0401E-12    -155.522E-03
            1982    -203.642E-12     2.24447E-12     23.5693E-03
            1983    -270.507E-12    -174.080E-12    -333.204E-03
            1984    -311.875E-12    -231.735E-12    -299.712E-03
            1985    -130.757E-12    -140.365E-12     301.260E-03
            1986    -213.034E-12     41.8538E-12    -13.1471E-03
            1987    -339.674E-12    -263.604E-12    -252.155E-03
            1988    -58.7530E-12    -220.443E-12     282.900E-03
            1989    -292.286E-12    -585.798E-12     252.899E-03
            1990    -246.595E-12    -102.571E-12    -291.883E-03
            1991    -13.5161E-12    -355.100E-12    -228.416E-03
            1992    -68.9497E-12    -429.336E-12    -335.298E-03
            1993    -51.5181E-12    -409.755E-12    -335.305E-03
            1994    -19.7542E-12    -238.591E-12     186.075E-03
            1995     16.7465E-12    -265.035E-12     32.3505E-03
            1996    -378.645E-12    -503.715E-12     284.246E-03
            1997    -400.898E-12    -341.110E-12    -105.414E-03
            1998    -307.125E-12    -563.489E-12     293.102E-03
            1999    -118.831E-12    -521.988E-12    -288.216E-03
            2000    -176.931E-12    -656.270E-12    -116.657E-03
            2001     31.9660E-12    -275.836E-12     1.77303E-03
            2002    -80.6335E-12    -454.859E-12    -344.781E-03
            2003    -158.917E-12    -616.395E-12    -175.438E-03
            2004    -428.361E-12    -469.763E-12     165.888E-03
            2005    -237.109E-12    -49.9400E-12    -219.594E-03
            2006    -5.58336E-12    -343.954E-12    -193.676E-03
            2007    -487.622E-12    -399.292E-12     9.85258E-03
            2008    -196.128E-12    -729.109E-12    -42.6496E-03
            2009    -7.54163E-12    -253.152E-12     119.807E-03
            2010    -444.644E-12    -430.659E-12     73.4964E-03
            2011    -344.091E-12    -517.645E-12     321.730E-03
            2012    -76.0866E-12    -193.750E-12     334.039E-03
            2013    -508.950E-12    -374.423E-12    -17.6647E-03
            2014    -219.762E-12     99.2514E-12    -65.0598E-03
            2015    -218.123E-12     38.2571E-12    -28.1598E-03
            2016    -259.008E-12    -142.663E-12    -330.221E-03
            2017    -267.138E-12    -624.230E-12     173.591E-03
            2018     27.8151E-12    -263.965E-12     17.0992E-03
            2019    -458.544E-12    -367.869E-12    -41.1708E-03
            2020    -238.343E-12    -683.494E-12     75.4911E-03
            2021     873.561E-15    -270.883E-12     50.5286E-03
            2022    -225.254E-12     29.2196E-12    -67.1969E-03
            2023     24.3533E-12    -290.690E-12    -26.0566E-03
            2024    -208.647E-12    -1.70588E-09        -1.22092
            2025     224.575E-12    -166.304E-12     122.605E-03
            2026    -1.37326E-09    -438.233E-12    -272.708E-03
            2027    -290.557E-12    -1.76505E-09        -2.87590
            2028     297.900E-12    -195.192E-12         1.59132
            2029    -169.256E-12    -93.1142E-12     175.870E-03
            2030    -366.292E-12    -498.888E-12     275.465E-03
            2031    -133.136E-12    -535.218E-12    -254.775E-03
            2032    -111.271E-12    -503.689E-12    -302.825E-03
            2033    -300.508E-12    -228.955E-12    -300.191E-03
            2034    -126.539E-12    -157.494E-12     300.989E-03
            2035    -320.173E-12    -536.380E-12     311.711E-03
            2036    -110.676E-12    -173.516E-12     322.074E-03
            2037    -388.247E-12    -482.592E-12     222.497E-03
            2038    -93.0692E-12    -469.481E-12    -328.602E-03
            2039    -15.7590E-12    -250.714E-12     145.198E-03
            2040    -277.416E-12    -199.365E-12    -315.842E-03
            2041    -47.5053E-12    -229.981E-12     252.187E-03
            2042    -243.920E-12    -94.2520E-12    -275.803E-03
            2043    -197.899E-12    -62.5564E-12     41.0392E-03
            2044    -349.756E-12    -506.816E-12     297.081E-03
            2045     21.7087E-12    -278.472E-12    -3.46776E-03
            2046    -137.077E-12    -139.680E-12     282.663E-03
            2047    -383.189E-12    -322.962E-12    -143.343E-03
            2048    -198.833E-12    -19.8377E-12     44.6127E-03
            2049    -180.002E-12    -76.6357E-12     129.538E-03
            2050    -212.185E-12     28.3347E-12    -9.30946E-03
            2051    -38.3593E-12    -240.472E-12     214.444E-03
            2052    -46.3136E-12    -395.257E-12    -305.766E-03
            2053    -1.43396E-12    -333.226E-12    -155.104E-03
            2054    -208.786E-12    -754.389E-12    -8.14249E-03
            2055    -157.087E-12    -106.772E-12     223.851E-03
            2056    -238.239E-12    -73.2228E-12    -235.299E-03
            2057    -398.206E-12    -368.516E-12    -53.7210E-03
            2058    -359.866E-12    -282.996E-12    -216.644E-03
            2059    -31.1819E-12    -376.793E-12    -278.810E-03
            2060    -12.9257E-12    -346.661E-12    -194.574E-03
            2061    -311.216E-12    -541.468E-12     293.036E-03
            2062    -60.1644E-12    -418.962E-12    -335.917E-03
            2063    -270.948E-12    -605.657E-12     185.752E-03
            2064    -319.046E-12    -246.936E-12    -279.272E-03
            2065    -148.302E-12    -569.919E-12    -214.599E-03
            2066    -292.193E-12    -571.505E-12     250.301E-03
            2067    -217.853E-12     19.0412E-12    -36.3123E-03
            2068    -474.126E-12    -384.574E-12    -12.3846E-03
            2069    -79.2522E-12    -441.078E-12    -329.502E-03
            2070    -233.478E-12    -41.2974E-12    -186.139E-03
            2071    -455.973E-12    -412.767E-12     35.3859E-03
            2072    -165.106E-12    -607.336E-12    -163.092E-03
            2073    -70.6477E-12    -221.863E-12     282.915E-03
            2074    -333.583E-12    -526.913E-12     327.529E-03
            2075     8.92845E-12    -306.893E-12    -69.9725E-03
            2076    -249.139E-12    -127.163E-12    -294.152E-03
            2077    -6.98841E-12    -268.880E-12     73.7433E-03
            2078    -430.777E-12    -446.095E-12     111.399E-03
            2079    -88.9515E-12    -202.140E-12     312.678E-03
            2080    -264.160E-12    -167.321E-12    -323.142E-03
            2081    -432.392E-12    -377.562E-12    -30.8472E-03
            2082    -227.696E-12    -5.72434E-12    -115.743E-03
            2083    -247.149E-12    -662.816E-12     105.112E-03
            2084    -394.280E-12    -475.047E-12     199.744E-03
            2085    -225.086E-12    -687.485E-12     32.7981E-03
            2086     2.95986E-12    -283.895E-12     8.33847E-03
            2087     324.773E-12    -289.089E-12         3.38956
            2088     201.142E-12    -147.584E-12    -874.601E-03
            2089    -1.47976E-09    -437.534E-12    -53.7898E-03
            2090    -175.756E-12    -1.72269E-09     11.7508E-03
            2091    -154.721E-12    -125.859E-12     226.634E-03
            2092    -326.236E-12    -267.710E-12    -248.336E-03
            2093    -243.360E-12    -639.884E-12     92.9837E-03
            2094    -4.87823E-12    -321.837E-12    -108.360E-03
            2095    -238.387E-12    -95.6068E-12    -236.621E-03
            2096    -47.6600E-12    -240.940E-12     224.820E-03
            2097    -229.627E-12    -33.2026E-12    -151.148E-03
            2098    -41.4351E-12    -383.977E-12    -280.054E-03
            2099    -222.288E-12    -1.17760E-12    -76.5218E-03
            2100    -306.023E-12    -533.312E-12     272.250E-03
            2101    -176.648E-12    -94.7241E-12     141.727E-03
            2102    -284.363E-12    -223.168E-12    -293.528E-03
            2103    -122.557E-12    -176.987E-12     292.501E-03
            2104    -187.225E-12    -78.3801E-12     93.5945E-03
            2105    -201.223E-12    -43.0626E-12     28.0599E-03
            2106    -253.977E-12    -135.373E-12    -313.486E-03
            2107    -133.518E-12    -150.285E-12     286.670E-03
            2108    -444.863E-12    -395.036E-12     2.81191E-03
            2109    -384.399E-12    -351.326E-12    -90.3803E-03
            2110    -209.044E-12    -4.32785E-12    -2.23722E-03
            2111    -324.480E-12    -529.626E-12     313.628E-03
            2112    -30.6729E-12    -254.295E-12     164.433E-03
            2113    -308.845E-12    -243.993E-12    -281.960E-03
            2114    -130.916E-12    -516.136E-12    -257.253E-03
            2115    -365.166E-12    -485.860E-12     239.717E-03
            2116    -106.935E-12    -191.096E-12     306.904E-03
            2117    -105.919E-12    -484.684E-12    -307.652E-03
            2118    -270.386E-12    -192.415E-12    -309.989E-03
            2119    -58.9617E-12    -232.888E-12     254.356E-03
            2120    -244.662E-12    -118.357E-12    -272.332E-03
            2121    -356.012E-12    -501.812E-12     284.747E-03
            2122    -28.5028E-12    -366.292E-12    -243.833E-03
            2123     12.1816E-12    -280.974E-12     959.346E-06
            2124    -288.673E-12    -580.133E-12     241.005E-03
            2125    -90.7498E-12    -454.006E-12    -318.235E-03
            2126    -190.245E-12    -642.439E-12    -83.5269E-03
            2127    -78.0805E-12    -427.745E-12    -307.788E-03
            2128    -211.162E-12    -703.119E-12    -8.53783E-03
            2129    -57.6268E-12    -406.100E-12    -309.113E-03
            2130    -258.306E-12    -160.583E-12    -309.160E-03
            2131    -418.665E-12    -458.718E-12     146.495E-03
            2132    -296.252E-12    -560.367E-12     259.534E-03
            2133    -179.109E-12    -608.727E-12    -122.971E-03
            2134    -423.913E-12    -419.241E-12     54.2104E-03
            2135    -234.667E-12    -66.5860E-12    -206.429E-03
            2136    -392.422E-12    -392.602E-12    -2.28155E-03
            2137    -10.9218E-12    -335.599E-12    -152.696E-03
            2138    -5.64247E-12    -284.138E-12     24.0382E-03
            2139    -336.005E-12    -510.613E-12     296.917E-03
            2140    -165.797E-12    -110.073E-12     186.742E-03
            2141    -257.465E-12    -609.735E-12     140.535E-03
            2142    -92.6107E-12    -215.018E-12     286.601E-03
            2143    -381.838E-12    -471.732E-12     196.335E-03
            2144    -151.309E-12    -551.931E-12    -207.422E-03
            2145     15.3906E-12    -292.863E-12    -33.2777E-03
            2146    -14.9223E-12    -265.713E-12     100.356E-03
            2147     264.303E-12    -161.725E-12     179.331E-03
            2148    -291.556E-12    -233.271E-12    -287.054E-03
            2149    -131.190E-12    -170.206E-12     276.894E-03
            2150    -313.192E-12    -529.227E-12     286.729E-03
            2151    -57.1409E-12    -243.337E-12     226.878E-03
            2152    -241.029E-12    -108.029E-12    -252.452E-03
            2153    -359.729E-12    -491.151E-12     255.229E-03
            2154    -334.035E-12    -293.976E-12    -204.551E-03
            2155    -118.739E-12    -500.141E-12    -283.185E-03
            2156    -102.993E-12    -467.873E-12    -301.753E-03
            2157    -114.921E-12    -184.425E-12     300.907E-03
            2158    -277.367E-12    -216.241E-12    -292.278E-03
            2159    -252.661E-12    -152.990E-12    -291.935E-03
            2160    -254.829E-12    -118.792E-12    -330.912E-03
            2161    -388.759E-12    -461.965E-12     168.216E-03
            2162    -369.275E-12    -334.290E-12    -126.432E-03
            2163    -200.392E-12    -85.8852E-12     18.7360E-03
            2164    -144.479E-12    -142.576E-12     256.086E-03
            2165    -205.681E-12    -65.0531E-12    -5.28434E-03
            2166    -183.680E-12    -96.5379E-12     106.303E-03
            2167    -263.689E-12    -186.130E-12    -299.089E-03
            2168    -205.548E-12    -23.3710E-12     10.4134E-03
            2169    -211.163E-12     12.3560E-12    -7.25866E-03
            2170    -382.351E-12    -376.145E-12    -38.7215E-03
            2171    -340.962E-12    -504.083E-12     285.208E-03
            2172    -40.6241E-12    -252.419E-12     185.104E-03
            2173    -173.422E-12    -112.381E-12     151.181E-03
            2174    -233.366E-12    -634.961E-12     58.3947E-03
            2175    -247.362E-12    -144.498E-12    -271.912E-03
            2176    -419.428E-12    -402.148E-12     17.7673E-03
            2177    -372.215E-12    -479.575E-12     220.732E-03
            2178    -162.969E-12    -127.460E-12     192.014E-03
            2179    -236.498E-12    -84.9493E-12    -223.380E-03
            2180    -141.938E-12    -533.602E-12    -231.578E-03
            2181    -57.0982E-12    -392.561E-12    -269.154E-03
            2182    -35.8444E-12    -374.318E-12    -258.105E-03
            2183    -352.638E-12    -316.391E-12    -162.880E-03
            2184    -230.676E-12    -59.5498E-12    -173.325E-03
            2185    -300.270E-12    -547.424E-12     265.701E-03
            2186    -161.211E-12    -583.607E-12    -178.353E-03
            2187    -22.8340E-12    -261.468E-12     129.175E-03
            2188    -20.4369E-12    -342.189E-12    -162.806E-03
            2189    -216.991E-12    -670.814E-12     5.50804E-03
            2190    -67.9826E-12    -416.747E-12    -309.805E-03
            2191    -189.086E-12    -616.427E-12    -91.5983E-03
            2192    -284.794E-12    -558.827E-12     223.205E-03
            2193    -88.9542E-12    -439.541E-12    -301.099E-03
            2194    -270.588E-12    -587.644E-12     182.883E-03
            2195    -15.3932E-12    -283.714E-12     44.5346E-03
            2196    -325.509E-12    -514.387E-12     290.509E-03
            2197    -10.2222E-12    -296.332E-12    -7.78373E-03
            2198    -411.842E-12    -437.324E-12     98.5782E-03
            2199     924.295E-15    -308.351E-12    -67.5630E-03
            2200    -72.5802E-12    -238.156E-12     245.940E-03
            2201    -244.333E-12    -612.739E-12     95.1944E-03
            2202    -102.459E-12    -209.513E-12     285.190E-03
            2203    -312.838E-12    -264.697E-12    -251.008E-03
            2204    -219.965E-12    -24.8284E-12    -77.0177E-03
            2205     6.70506E-12    -294.843E-12    -31.0408E-03
            2206    -215.799E-12    -3.29481E-12    -38.1331E-03
            2207    -17.5607E-12    -332.902E-12    -130.673E-03
            2208    -1.14768E-09     83.1409E-12         10.3551
            2209    -1.15443E-09    -84.0138E-12         5.58280
            2210    -152.572E-12    -143.154E-12     225.896E-03
            2211    -180.527E-12    -114.443E-12     115.982E-03
            2212    -170.632E-12    -130.054E-12     156.837E-03
            2213    -357.805E-12    -477.672E-12     218.697E-03
            2214    -161.860E-12    -551.192E-12    -177.188E-03
            2215    -212.382E-12    -29.1582E-12    -31.5968E-03
            2216    -234.825E-12    -103.462E-12    -211.418E-03
            2217    -48.6690E-12    -251.224E-12     198.151E-03
            2218    -139.948E-12    -513.748E-12    -231.566E-03
            2219    -22.7849E-12    -278.210E-12     76.9547E-03
            2220    -302.671E-12    -526.092E-12     256.797E-03
            2221    -190.301E-12    -99.0243E-12     70.8024E-03
            2222    -49.8222E-12    -381.820E-12    -251.346E-03
            2223    -210.020E-12    -78.7179E-12    -37.8250E-03
            2224    -126.403E-12    -189.120E-12     269.042E-03
            2225    -283.793E-12    -235.327E-12    -274.354E-03
            2226    -140.952E-12    -161.129E-12     254.968E-03
            2227    -371.609E-12    -461.181E-12     171.440E-03
            2228    -370.581E-12    -360.717E-12    -72.5667E-03
            2229    -270.376E-12    -210.712E-12    -285.123E-03
            2230    -85.4288E-12    -233.037E-12     255.065E-03
            2231    -300.686E-12    -258.928E-12    -254.315E-03
            2232    -218.618E-12    -628.821E-12     6.98975E-03
            2233    -315.208E-12    -284.382E-12    -218.141E-03
            2234    -242.117E-12    -134.825E-12    -248.526E-03
            2235    -378.285E-12    -394.834E-12     3.74147E-03
            2236    -318.464E-12    -522.951E-12     291.014E-03
            2237    -115.561E-12    -482.398E-12    -280.970E-03
            2238    -403.233E-12    -452.484E-12     138.362E-03
            2239    -205.729E-12    -648.353E-12    -34.2484E-03
            2240    -65.8536E-12    -250.040E-12     214.286E-03
            2241    -18.1826E-12    -296.003E-12     8.17446E-03
            2242    -100.587E-12    -452.159E-12    -289.329E-03
            2243    -226.644E-12    -52.0220E-12    -139.928E-03
            2244    -342.415E-12    -494.339E-12     261.500E-03
            2245    -245.200E-12    -162.726E-12    -246.475E-03
            2246    -111.404E-12    -203.137E-12     281.577E-03
            2247    -33.0925E-12    -357.997E-12    -200.385E-03
            2248    -12.3081E-12    -321.363E-12    -94.9729E-03
            2249    -271.401E-12    -572.043E-12     183.020E-03
            2250    -183.522E-12    -596.442E-12    -111.217E-03
            2251    -232.470E-12    -86.2238E-12    -193.875E-03
            2252    -200.280E-12    -614.490E-12    -56.2584E-03
            2253    -87.0307E-12    -425.198E-12    -278.267E-03
            2254    -66.2121E-12    -403.052E-12    -277.742E-03
            2255    -286.641E-12    -546.542E-12     224.239E-03
            2256    -96.6013E-12    -227.892E-12     257.913E-03
            2257    -324.757E-12    -500.644E-12     261.969E-03
            2258    -231.177E-12    -615.880E-12     49.4639E-03
            2259    -257.167E-12    -179.536E-12    -284.024E-03
            2260    -357.714E-12    -345.123E-12    -105.946E-03
            2261    -329.442E-12    -313.484E-12    -167.765E-03
            2262    -258.097E-12    -590.134E-12     140.897E-03
            2263    -7.04088E-12    -308.884E-12    -57.5318E-03
            2264    -38.1566E-12    -267.965E-12     135.401E-03
            2265    -348.001E-12    -482.970E-12     232.640E-03
            2266    -384.497E-12    -449.715E-12     137.649E-03
            2267    -236.866E-12    -122.905E-12    -220.760E-03
            2268    -314.942E-12    -302.233E-12    -185.090E-03
            2269    -134.510E-12    -184.386E-12     252.812E-03
            2270    -289.437E-12    -250.456E-12    -257.701E-03
            2271    -127.979E-12    -497.597E-12    -257.226E-03
            2272    -219.796E-12    -56.4243E-12    -93.7254E-03
            2273    -306.854E-12    -522.547E-12     263.583E-03
            2274    -55.1546E-12    -250.685E-12     205.783E-03
            2275    -227.599E-12    -77.6224E-12    -157.089E-03
            2276    -302.126E-12    -277.040E-12    -224.268E-03
            2277    -187.120E-12    -116.450E-12     81.4198E-03
            2278    -25.3496E-12    -332.569E-12    -114.968E-03
            2279    -278.051E-12    -233.020E-12    -268.439E-03
            2280    -244.039E-12    -591.186E-12     92.4720E-03
            2281    -112.910E-12    -465.579E-12    -272.516E-03
            2282    -196.201E-12    -102.697E-12     36.8743E-03
            2283    -119.118E-12    -196.117E-12     276.770E-03
            2284    -81.9477E-12    -219.454E-12     285.361E-03
            2285    -90.6261E-12    -246.349E-12     222.217E-03
            2286    -213.138E-12    -50.6243E-12    -46.2363E-03
            2287    -167.989E-12    -148.108E-12     159.477E-03
            2288    -250.998E-12    -171.959E-12    -266.042E-03
            2289    -206.430E-12    -46.0661E-12    -2.49808E-03
            2290    -398.512E-12    -411.443E-12     40.4810E-03
            2291    -107.005E-12    -222.223E-12     256.605E-03
            2292    -369.394E-12    -383.539E-12    -21.9202E-03
            2293    -239.665E-12    -152.608E-12    -223.810E-03
            2294    -171.465E-12    -575.373E-12    -149.290E-03
            2295    -392.499E-12    -430.881E-12     88.3737E-03
            2296    -333.054E-12    -490.724E-12     247.072E-03
            2297    -80.7206E-12    -252.604E-12     209.941E-03
            2298    -192.365E-12    -590.302E-12    -83.4696E-03
            2299    -23.1626E-12    -307.606E-12    -24.0392E-03
            2300    -212.196E-12    -604.556E-12    -16.8589E-03
            2301    -42.3629E-12    -370.574E-12    -228.304E-03
            2302    -20.3163E-12    -320.722E-12    -78.3028E-03
            2303    -66.6928E-12    -389.220E-12    -234.420E-03
            2304    -296.993E-12    -534.849E-12     248.311E-03
            2305    -363.520E-12    -471.122E-12     200.080E-03
            2306    -151.262E-12    -531.526E-12    -204.848E-03
            2307    -29.5463E-12    -344.377E-12    -153.544E-03
            2308    -263.210E-12    -205.496E-12    -272.782E-03
            2309    -98.2326E-12    -436.984E-12    -271.312E-03
            2310    -76.4229E-12    -413.929E-12    -280.239E-03
            2311    -272.902E-12    -557.926E-12     184.614E-03
            2312    -313.167E-12    -500.501E-12     245.145E-03
            2313    -259.162E-12    -572.494E-12     141.959E-03
            2314    -151.313E-12    -159.979E-12     219.434E-03
            2315    -358.793E-12    -370.193E-12    -51.7914E-03
            2316    -51.8682E-12    -260.802E-12     174.246E-03
            2317    -37.9271E-12    -284.687E-12     81.4319E-03
            2318    -177.927E-12    -132.132E-12     121.422E-03
            2319    -336.249E-12    -342.000E-12    -111.042E-03
            2320    -171.902E-12    -548.506E-12    -146.469E-03
            2321    -175.837E-12    -150.075E-12     122.755E-03
            2322    -255.941E-12    -199.992E-12    -255.481E-03
            2323    -291.241E-12    -270.845E-12    -225.328E-03
            2324    -324.894E-12    -328.743E-12    -136.100E-03
            2325    -30.6254E-12    -289.454E-12     53.3313E-03
            2326    -193.026E-12    -118.516E-12     49.1033E-03
            2327    -294.518E-12    -522.445E-12     231.817E-03
            2328    -242.448E-12    -182.110E-12    -216.654E-03
            2329    -150.174E-12    -511.284E-12    -201.054E-03
            2330    -205.686E-12    -94.6333E-12    -15.9984E-03
            2331    -129.029E-12    -199.421E-12     249.554E-03
            2332    -143.501E-12    -180.040E-12     229.701E-03
            2333    -217.140E-12    -75.0741E-12    -83.1755E-03
            2334    -58.6183E-12    -378.546E-12    -218.498E-03
            2335    -28.3674E-12    -319.394E-12    -58.4690E-03
            2336    -234.353E-12    -142.999E-12    -198.011E-03
            2337    -226.779E-12    -590.004E-12     32.2602E-03
            2338    -116.647E-12    -215.653E-12     252.345E-03
            2339    -72.4295E-12    -260.211E-12     189.177E-03
            2340    -158.449E-12    -157.227E-12     193.749E-03
            2341    -125.559E-12    -479.803E-12    -251.347E-03
            2342    -311.030E-12    -519.194E-12     269.492E-03
            2343    -361.592E-12    -452.231E-12     149.721E-03
            2344    -63.8783E-12    -267.125E-12     165.697E-03
            2345    -347.672E-12    -356.208E-12    -81.9001E-03
            2346    -228.954E-12    -101.092E-12    -170.177E-03
            2347    -270.817E-12    -229.028E-12    -259.767E-03
            2348    -45.5424E-12    -279.075E-12     110.761E-03
            2349    -336.632E-12    -475.926E-12     211.952E-03
            2350    -182.184E-12    -569.258E-12    -116.174E-03
            2351    -24.3100E-12    -293.794E-12     27.2943E-03
            2352    -110.084E-12    -449.401E-12    -259.340E-03
            2353    -95.9898E-12    -259.050E-12     189.392E-03
            2354    -43.7658E-12    -355.656E-12    -167.900E-03
            2355    -192.206E-12    -563.423E-12    -83.8437E-03
            2356    -260.650E-12    -556.477E-12     144.048E-03
            2357    -315.506E-12    -485.003E-12     218.403E-03
            2358    -274.262E-12    -544.696E-12     184.840E-03
            2359    -75.6484E-12    -399.823E-12    -244.095E-03
            2360    -96.1249E-12    -421.941E-12    -247.008E-03
            2361    -219.888E-12    -90.8375E-12    -106.972E-03
            2362    -101.114E-12    -240.745E-12     227.087E-03
            2363    -184.986E-12    -133.259E-12     85.8460E-03
            2364    -231.076E-12    -121.193E-12    -183.441E-03
            2365    -351.272E-12    -465.700E-12     186.655E-03
            2366    -302.732E-12    -294.826E-12    -192.194E-03
            2367    -280.109E-12    -249.855E-12    -245.525E-03
            2368    -361.208E-12    -423.945E-12     76.9653E-03
            2369    -33.5612E-12    -331.374E-12    -94.5932E-03
            2370    -373.956E-12    -408.043E-12     35.5425E-03
            2371    -245.792E-12    -571.068E-12     96.3102E-03
            2372    -348.941E-12    -380.558E-12    -27.0905E-03
            2373    -153.249E-12    -176.188E-12     199.600E-03
            2374    -138.161E-12    -494.986E-12    -226.961E-03
            2375    -300.034E-12    -514.620E-12     238.231E-03
            2376    -197.559E-12    -120.078E-12     23.5679E-03
            2377    -45.1086E-12    -296.353E-12     52.6241E-03
            2378    -292.350E-12    -289.137E-12    -193.723E-03
            2379    -124.512E-12    -207.778E-12     248.537E-03
            2380    -122.552E-12    -462.526E-12    -242.215E-03
            2381    -272.032E-12    -246.828E-12    -235.200E-03
            2382    -236.603E-12    -170.311E-12    -196.234E-03
            2383    -183.768E-12    -150.161E-12     85.0500E-03
            2384    -86.7937E-12    -265.063E-12     177.243E-03
            2385    -328.751E-12    -353.796E-12    -83.9104E-03
            2386    -229.168E-12    -135.887E-12    -168.422E-03
            2387    -338.656E-12    -462.667E-12     178.558E-03
            2388    -224.839E-12    -94.5655E-12    -141.117E-03
            2389    -361.694E-12    -434.921E-12     104.889E-03
            2390    -50.8481E-12    -367.298E-12    -196.321E-03
            2391    -248.806E-12    -193.025E-12    -235.073E-03
            2392    -198.798E-12    -132.695E-12     13.0225E-03
            2393    -321.665E-12    -477.338E-12     207.634E-03
            2394    -78.1426E-12    -271.427E-12     159.574E-03
            2395    -161.149E-12    -528.807E-12    -174.921E-03
            2396    -76.1649E-12    -385.342E-12    -199.732E-03
            2397    -285.453E-12    -522.616E-12     207.101E-03
            2398    -38.4886E-12    -343.488E-12    -131.972E-03
            2399    -263.308E-12    -225.129E-12    -246.231E-03
            2400    -226.836E-12    -115.436E-12    -155.846E-03
            2401    -163.902E-12    -168.425E-12     164.285E-03
            2402    -247.975E-12    -553.682E-12     101.633E-03
            2403    -312.379E-12    -330.350E-12    -127.869E-03
            2404    -357.358E-12    -411.795E-12     46.9498E-03
            2405    -111.651E-12    -235.000E-12     226.375E-03
            2406    -107.384E-12    -433.657E-12    -240.634E-03
            2407    -307.250E-12    -488.024E-12     213.586E-03
            2408    -262.098E-12    -542.109E-12     145.409E-03
            2409    -30.5493E-12    -305.190E-12    -2.02142E-03
            2410    -85.5595E-12    -410.678E-12    -248.099E-03
            2411    -136.024E-12    -200.337E-12     230.117E-03
            2412    -217.666E-12    -108.401E-12    -95.6343E-03
            2413    -283.098E-12    -284.495E-12    -191.050E-03
            2414    -344.657E-12    -448.975E-12     143.108E-03
            2415    -60.6413E-12    -283.927E-12     112.049E-03
            2416    -231.956E-12    -566.502E-12     48.8702E-03
            2417    -42.0136E-12    -328.886E-12    -69.4678E-03
            2418    -200.885E-12    -556.106E-12    -54.9649E-03
            2419    -273.477E-12    -264.084E-12    -210.412E-03
            2420    -231.363E-12    -159.518E-12    -173.367E-03
            2421    -115.964E-12    -247.992E-12     195.533E-03
            2422    -47.4901E-12    -340.890E-12    -104.466E-03
            2423    -286.417E-12    -513.381E-12     202.558E-03
            2424    -255.290E-12    -221.655E-12    -226.342E-03
            2425    -235.308E-12    -548.978E-12     59.0821E-03
            2426    -181.706E-12    -544.568E-12    -115.192E-03
            2427    -210.951E-12    -106.771E-12    -52.2868E-03
            2428    -204.425E-12    -139.287E-12    -20.0619E-03
            2429    -352.184E-12    -438.942E-12     116.540E-03
            2430    -352.859E-12    -400.013E-12     18.8256E-03
            2431    -100.968E-12    -271.276E-12     157.456E-03
            2432    -161.837E-12    -508.438E-12    -165.145E-03
            2433    -292.865E-12    -306.972E-12    -160.773E-03
            2434    -325.541E-12    -466.164E-12     183.739E-03
            2435    -135.614E-12    -476.519E-12    -220.065E-03
            2436    -67.8236E-12    -374.687E-12    -184.284E-03
            2437    -174.508E-12    -168.025E-12     119.520E-03
            2438    -319.764E-12    -340.920E-12    -108.935E-03
            2439    -224.670E-12    -128.970E-12    -141.263E-03
            2440    -145.503E-12    -198.188E-12     204.856E-03
            2441    -302.719E-12    -500.968E-12     226.741E-03
            2442    -338.440E-12    -452.351E-12     151.851E-03
            2443    -238.485E-12    -200.752E-12    -182.735E-03
            2444    -190.852E-12    -148.460E-12     50.1472E-03
            2445    -283.668E-12    -301.676E-12    -160.663E-03
            2446    -69.3758E-12    -277.813E-12     137.454E-03
            2447    -122.312E-12    -228.500E-12     220.928E-03
            2448    -264.185E-12    -244.128E-12    -221.214E-03
            2449    -83.6606E-12    -282.547E-12     129.476E-03
            2450    -338.586E-12    -367.492E-12    -55.5552E-03
            2451    -119.212E-12    -445.871E-12    -229.109E-03
            2452    -352.454E-12    -425.483E-12     82.0677E-03
            2453    -222.623E-12    -109.962E-12    -128.197E-03
            2454    -59.5317E-12    -301.477E-12     53.9565E-03
            2455    -53.3311E-12    -352.506E-12    -136.393E-03
            2456    -249.882E-12    -538.575E-12     105.369E-03
            2457    -307.125E-12    -471.882E-12     182.767E-03
            2458    -263.222E-12    -528.700E-12     144.698E-03
            2459    -85.2392E-12    -395.974E-12    -209.826E-03
            2460    -165.211E-12    -189.031E-12     144.539E-03
            2461    -105.423E-12    -418.071E-12    -214.899E-03
            2462    -44.4150E-12    -313.207E-12    -7.69579E-03
            2463    -133.734E-12    -218.990E-12     211.525E-03
            2464    -37.7390E-12    -301.264E-12     24.1826E-03
            2465    -211.173E-12    -125.783E-12    -57.6381E-03
            2466    -329.784E-12    -377.980E-12    -29.6802E-03
            2467    -155.455E-12    -194.108E-12     176.204E-03
            2468    -183.676E-12    -166.694E-12     78.5483E-03
            2469    -149.011E-12    -491.660E-12    -193.469E-03
            2470    -291.003E-12    -502.854E-12     203.639E-03
            2471    -217.175E-12    -127.804E-12    -94.5025E-03
            2472    -320.785E-12    -363.387E-12    -60.3701E-03
            2473    -75.2691E-12    -288.532E-12     108.580E-03
            2474    -336.768E-12    -438.072E-12     115.469E-03
            2475    -190.816E-12    -540.793E-12    -85.6615E-03
            2476    -292.787E-12    -324.035E-12    -127.557E-03
            2477    -131.682E-12    -458.651E-12    -212.269E-03
            2478    -232.660E-12    -186.344E-12    -165.583E-03
            2479    -303.903E-12    -332.237E-12    -119.353E-03
            2480    -328.465E-12    -454.933E-12     157.072E-03
            2481    -50.6597E-12    -325.244E-12    -41.1499E-03
            2482    -331.616E-12    -445.405E-12     133.739E-03
            2483    -222.723E-12    -542.074E-12     17.5333E-03
            2484    -67.1799E-12    -294.752E-12     83.5520E-03
            2485    -174.878E-12    -185.721E-12     108.169E-03
            2486    -344.276E-12    -414.792E-12     56.2241E-03
            2487    -274.943E-12    -280.894E-12    -184.865E-03
            2488    -146.894E-12    -216.662E-12     180.325E-03
            2489    -196.510E-12    -149.113E-12     20.9916E-03
            2490    -341.726E-12    -429.186E-12     92.6501E-03
            2491    -311.661E-12    -464.455E-12     171.463E-03
            2492    -60.1317E-12    -363.746E-12    -163.102E-03
            2493    -110.228E-12    -266.111E-12     163.715E-03
            2494    -256.498E-12    -242.891E-12    -201.918E-03
            2495    -275.977E-12    -507.995E-12     170.654E-03
            2496    -245.887E-12    -218.444E-12    -196.304E-03
            2497    -85.6699E-12    -380.789E-12    -165.215E-03
            2498    -126.495E-12    -242.529E-12     189.634E-03
            2499    -297.792E-12    -488.937E-12     199.536E-03
            2500    -116.493E-12    -429.695E-12    -209.664E-03
            2501    -92.1321E-12    -276.816E-12     145.762E-03
            2502    -251.263E-12    -524.757E-12     106.780E-03
            2503    -221.391E-12    -141.223E-12    -119.717E-03
            2504    -137.403E-12    -237.449E-12     176.637E-03
            2505    -95.0028E-12    -406.847E-12    -214.849E-03
            2506    -265.715E-12    -262.461E-12    -196.971E-03
            2507    -56.2884E-12    -337.404E-12    -75.8534E-03
            2508    -52.1456E-12    -308.144E-12     21.8006E-03
            2509    -183.306E-12    -523.925E-12    -105.472E-03
            2510    -237.518E-12    -533.892E-12     65.1025E-03
            2511    -323.651E-12    -435.309E-12     108.159E-03
            2512    -327.433E-12    -398.674E-12     19.4835E-03
            2513    -167.368E-12    -207.236E-12     123.405E-03
            2514    -315.046E-12    -454.099E-12     150.430E-03
            2515    -59.9971E-12    -320.583E-12    -10.5020E-03
            2516    -277.080E-12    -496.569E-12     164.275E-03
            2517    -119.866E-12    -261.374E-12     164.246E-03
            2518    -331.791E-12    -412.762E-12     52.7986E-03
            2519    -66.3023E-12    -311.090E-12     29.5873E-03
            2520    -89.0228E-12    -293.494E-12     99.7539E-03
            2521    -318.955E-12    -444.266E-12     128.887E-03
            2522    -209.222E-12    -156.207E-12    -48.7796E-03
            2523    -157.833E-12    -213.003E-12     150.908E-03
            2524    -275.653E-12    -296.999E-12    -158.106E-03
            2525    -144.912E-12    -472.192E-12    -189.723E-03
            2526    -248.800E-12    -244.260E-12    -176.677E-03
            2527    -192.637E-12    -163.756E-12     36.3950E-03
            2528    -77.1281E-12    -370.224E-12    -150.132E-03
            2529    -105.593E-12    -283.307E-12     126.246E-03
            2530    -149.133E-12    -234.935E-12     152.741E-03
            2531    -227.923E-12    -173.757E-12    -148.102E-03
            2532    -267.516E-12    -279.326E-12    -173.929E-03
            2533    -64.6824E-12    -333.953E-12    -50.2907E-03
            2534    -224.865E-12    -528.082E-12     24.5643E-03
            2535    -313.217E-12    -348.704E-12    -89.6134E-03
            2536    -62.4124E-12    -348.691E-12    -105.408E-03
            2537    -232.951E-12    -215.547E-12    -146.303E-03
            2538    -128.130E-12    -441.691E-12    -199.171E-03
            2539    -184.033E-12    -183.465E-12     69.9372E-03
            2540    -291.748E-12    -339.454E-12    -96.0983E-03
            2541    -239.067E-12    -520.148E-12     68.3194E-03
            2542    -299.058E-12    -460.703E-12     152.598E-03
            2543    -73.4216E-12    -304.628E-12     57.4427E-03
            2544    -320.923E-12    -386.152E-12    -8.75845E-03
            2545    -263.887E-12    -515.749E-12     141.469E-03
            2546    -94.8981E-12    -391.469E-12    -175.577E-03
            2547    -211.386E-12    -521.285E-12    -17.3339E-03
            2548    -139.962E-12    -253.885E-12     147.052E-03
            2549    -114.843E-12    -413.645E-12    -182.905E-03
            2550    -258.495E-12    -262.939E-12    -179.104E-03
            2551    -287.579E-12    -488.293E-12     179.004E-03
            2552    -322.719E-12    -415.799E-12     61.0711E-03
            2553    -68.1724E-12    -323.354E-12    -9.24197E-03
            2554    -226.805E-12    -199.830E-12    -129.170E-03
            2555    -159.315E-12    -486.997E-12    -160.362E-03
            2556    -70.9768E-12    -344.153E-12    -75.2908E-03
            2557    -269.579E-12    -292.651E-12    -155.717E-03
            2558    -226.370E-12    -514.828E-12     29.1836E-03
            2559    -307.964E-12    -355.229E-12    -73.1732E-03
            2560    -114.362E-12    -278.767E-12     132.528E-03
            2561    -282.700E-12    -333.012E-12    -100.805E-03
            2562    -140.293E-12    -454.029E-12    -183.325E-03
            2563    -102.048E-12    -299.683E-12     85.1617E-03
            2564    -300.423E-12    -347.092E-12    -86.4100E-03
            2565    -200.689E-12    -167.489E-12    -4.85124E-03
            2566    -176.347E-12    -504.922E-12    -120.026E-03
            2567    -150.284E-12    -252.396E-12     128.336E-03
            2568    -295.261E-12    -446.917E-12     122.822E-03
            2569    -261.081E-12    -281.900E-12    -156.742E-03
            2570    -69.3395E-12    -359.540E-12    -130.128E-03
            2571    -251.546E-12    -265.393E-12    -157.519E-03
            2572    -170.851E-12    -223.323E-12     99.9798E-03
            2573    -264.315E-12    -503.041E-12     136.069E-03
            2574    -129.792E-12    -257.202E-12     158.773E-03
            2575    -176.305E-12    -202.303E-12     93.1777E-03
            2576    -95.0440E-12    -375.446E-12    -131.451E-03
            2577    -237.999E-12    -232.043E-12    -152.113E-03
            2578    -207.848E-12    -170.737E-12    -41.9827E-03
            2579    -196.012E-12    -513.793E-12    -63.4458E-03
            2580    -284.262E-12    -475.469E-12     156.033E-03
            2581    -240.149E-12    -507.061E-12     69.4500E-03
            2582    -125.627E-12    -425.240E-12    -179.173E-03
            2583    -161.678E-12    -233.732E-12     120.085E-03
            2584    -220.726E-12    -174.896E-12    -108.850E-03
            2585    -72.5298E-12    -318.696E-12     11.2264E-03
            2586    -104.650E-12    -402.386E-12    -181.502E-03
            2587    -276.338E-12    -484.573E-12     151.083E-03
            2588    -192.355E-12    -182.277E-12     32.5848E-03
            2589    -86.6228E-12    -309.219E-12     52.9622E-03
            2590    -309.976E-12    -431.457E-12     97.0623E-03
            2591    -184.915E-12    -199.433E-12     59.8941E-03
            2592    -142.041E-12    -269.498E-12     119.626E-03
            2593    -123.397E-12    -274.833E-12     133.542E-03
            2594    -254.357E-12    -284.483E-12    -138.059E-03
            2595    -291.176E-12    -353.653E-12    -67.0828E-03
            2596    -274.585E-12    -311.416E-12    -131.095E-03
            2597    -315.985E-12    -399.173E-12     22.4912E-03
            2598    -315.813E-12    -422.897E-12     78.0129E-03
            2599    -71.6310E-12    -330.755E-12    -29.4648E-03
            2600    -282.325E-12    -348.161E-12    -71.5430E-03
            2601    -153.088E-12    -466.719E-12    -161.866E-03
            2602    -274.592E-12    -472.590E-12     134.601E-03
            2603    -181.777E-12    -492.196E-12    -98.2519E-03
            2604    -178.513E-12    -216.797E-12     77.1008E-03
            2605    -214.898E-12    -177.878E-12    -77.8489E-03
            2606    -160.299E-12    -253.320E-12     104.682E-03
            2607    -86.2244E-12    -365.019E-12    -116.962E-03
            2608    -77.2471E-12    -327.457E-12    -11.7758E-03
            2609    -241.520E-12    -250.798E-12    -145.397E-03
            2610    -79.1933E-12    -314.044E-12     32.7232E-03
            2611    -212.777E-12    -508.902E-12    -11.6226E-03
            2612    -264.463E-12    -490.612E-12     128.589E-03
            2613    -304.819E-12    -384.152E-12    -8.94060E-03
            2614    -94.2559E-12    -304.427E-12     70.5562E-03
            2615    -227.462E-12    -228.105E-12    -114.193E-03
            2616    -136.889E-12    -437.013E-12    -170.043E-03
            2617    -109.981E-12    -295.185E-12     96.1173E-03
            2618    -78.2168E-12    -354.595E-12    -98.0114E-03
            2619    -171.368E-12    -244.761E-12     83.1364E-03
            2620    -265.337E-12    -302.108E-12    -132.824E-03
            2621    -288.515E-12    -462.335E-12     143.080E-03
            2622    -252.565E-12    -498.653E-12     102.075E-03
            2623    -104.639E-12    -386.194E-12    -141.889E-03
            2624    -124.438E-12    -408.812E-12    -151.866E-03
            2625    -199.854E-12    -182.769E-12    -2.76912E-03
            2626    -303.615E-12    -440.050E-12     113.878E-03
            2627    -282.175E-12    -362.330E-12    -44.2166E-03
            2628    -197.654E-12    -501.594E-12    -55.1697E-03
            2629    -91.8380E-12    -319.674E-12     25.6340E-03
            2630    -273.976E-12    -326.921E-12    -102.702E-03
            2631    -250.869E-12    -483.627E-12     90.7605E-03
            2632    -114.256E-12    -306.608E-12     68.0616E-03
            2633    -132.643E-12    -271.700E-12     129.176E-03
            2634    -293.506E-12    -369.687E-12    -35.5757E-03
            2635    -148.579E-12    -448.803E-12    -155.524E-03
            2636    -244.575E-12    -269.994E-12    -132.521E-03
            2637    -264.950E-12    -479.213E-12     121.102E-03
            2638    -192.985E-12    -198.820E-12     25.9216E-03
            2639    -176.424E-12    -235.992E-12     73.6330E-03
            2640    -205.776E-12    -182.266E-12    -31.7771E-03
            2641    -182.077E-12    -229.156E-12     58.4284E-03
            2642    -222.368E-12    -215.139E-12    -100.734E-03
            2643    -299.654E-12    -395.329E-12     16.6836E-03
            2644    -289.841E-12    -450.238E-12     124.107E-03
            2645    -265.703E-12    -321.410E-12    -101.587E-03
            2646    -227.545E-12    -501.756E-12     32.2120E-03
            2647    -272.636E-12    -461.557E-12     118.195E-03
            2648    -231.426E-12    -242.671E-12    -118.259E-03
            2649    -257.082E-12    -302.083E-12    -118.004E-03
            2650    -296.228E-12    -422.595E-12     74.4354E-03
            2651    -103.998E-12    -369.081E-12    -98.9663E-03
            2652    -151.438E-12    -268.802E-12     105.065E-03
            2653    -308.216E-12    -408.886E-12     45.7474E-03
            2654    -126.681E-12    -288.077E-12     104.124E-03
            2655    -166.846E-12    -479.808E-12    -133.957E-03
            2656    -134.734E-12    -420.517E-12    -150.037E-03
            2657    -86.5833E-12    -349.037E-12    -67.7985E-03
            2658    -84.2852E-12    -324.014E-12     6.36322E-03
            2659    -114.540E-12    -397.332E-12    -148.669E-03
            2660    -281.065E-12    -375.332E-12    -18.7772E-03
            2661    -209.322E-12    -194.635E-12    -47.5881E-03
            2662    -144.008E-12    -284.181E-12     94.1411E-03
            2663    -294.945E-12    -404.092E-12     35.7596E-03
            2664    -247.393E-12    -288.042E-12    -117.206E-03
            2665    -212.885E-12    -216.919E-12    -59.0598E-03
            2666    -160.667E-12    -460.446E-12    -135.792E-03
            2667    -258.254E-12    -318.390E-12    -95.4333E-03
            2668    -222.177E-12    -238.136E-12    -87.2566E-03
            2669    -265.366E-12    -336.943E-12    -75.4351E-03
            2670    -273.572E-12    -342.241E-12    -74.8474E-03
            2671    -169.532E-12    -257.536E-12     78.4987E-03
            2672    -264.270E-12    -456.362E-12     98.2219E-03
            2673    -88.5398E-12    -333.891E-12    -19.3655E-03
            2674    -177.485E-12    -251.209E-12     61.7672E-03
            2675    -186.467E-12    -481.948E-12    -80.1605E-03
            2676    -193.409E-12    -214.498E-12     21.0670E-03
            2677    -214.220E-12    -496.883E-12    -5.93479E-03
            2678    -289.281E-12    -423.961E-12     74.8407E-03
            2679    -234.769E-12    -258.611E-12    -115.405E-03
            2680    -94.7873E-12    -359.004E-12    -85.4038E-03
            2681    -104.566E-12    -326.974E-12     13.6862E-03
            2682    -106.910E-12    -311.129E-12     56.1474E-03
            2683    -302.234E-12    -417.201E-12     64.1048E-03
            2684    -160.568E-12    -269.638E-12     87.0399E-03
            2685    -121.827E-12    -302.825E-12     75.6041E-03
            2686    -253.907E-12    -472.432E-12     91.5091E-03
            2687    -200.671E-12    -198.449E-12    -7.97189E-03
            2688    -145.472E-12    -432.050E-12    -142.468E-03
            2689    -241.912E-12    -485.425E-12     68.8546E-03
            2690    -281.916E-12    -453.636E-12     120.921E-03
            2691    -135.207E-12    -285.746E-12     101.202E-03
            2692    -114.269E-12    -379.929E-12    -109.263E-03
            2693    -134.300E-12    -403.903E-12    -122.637E-03
            2694    -273.191E-12    -356.335E-12    -49.3367E-03
            2695    -129.703E-12    -301.229E-12     75.9220E-03
            2696    -201.832E-12    -216.960E-12    -13.3091E-03
            2697    -200.243E-12    -490.457E-12    -44.5841E-03
            2698    -177.891E-12    -261.099E-12     54.9877E-03
            2699    -182.087E-12    -246.456E-12     50.6853E-03
            2700    -238.908E-12    -470.709E-12     56.5279E-03
            2701    -228.136E-12    -487.623E-12     32.8865E-03
            2702    -290.064E-12    -409.624E-12     46.8321E-03
            2703    -156.580E-12    -443.225E-12    -129.378E-03
            2704    -285.528E-12    -435.899E-12     94.9323E-03
            2705    -119.169E-12    -317.375E-12     42.9711E-03
            2706    -237.818E-12    -275.787E-12    -107.287E-03
            2707    -257.528E-12    -332.375E-12    -73.2709E-03
            2708    -94.4531E-12    -343.565E-12    -41.5083E-03
            2709    -102.623E-12    -351.866E-12    -54.9581E-03
            2710    -290.424E-12    -383.489E-12    -6.06651E-03
            2711    -145.924E-12    -297.661E-12     71.0639E-03
            2712    -225.020E-12    -251.419E-12    -88.9593E-03
            2713    -255.503E-12    -462.306E-12     87.6552E-03
            2714    -250.053E-12    -304.062E-12    -101.702E-03
            2715    -169.463E-12    -271.755E-12     67.0062E-03
            2716    -208.152E-12    -209.227E-12    -40.4905E-03
            2717    -152.804E-12    -283.823E-12     83.0983E-03
            2718    -112.131E-12    -361.497E-12    -67.9932E-03
            2719    -186.467E-12    -223.642E-12     45.1057E-03
            2720    -153.771E-12    -427.045E-12    -117.259E-03
            2721    -118.563E-12    -334.009E-12     4.18660E-03
            2722    -179.327E-12    -463.716E-12    -89.5600E-03
            2723    -213.687E-12    -236.657E-12    -55.7928E-03
            2724    -143.833E-12    -415.878E-12    -123.140E-03
            2725    -124.947E-12    -391.627E-12    -116.546E-03
            2726    -153.080E-12    -411.725E-12    -98.9261E-03
            2727    -186.630E-12    -260.082E-12     32.3586E-03
            2728    -161.462E-12    -284.545E-12     69.2803E-03
            2729    -287.493E-12    -393.488E-12     14.7265E-03
            2730    -208.539E-12    -227.044E-12    -39.0623E-03
            2731    -252.499E-12    -316.064E-12    -89.5788E-03
            2732    -240.780E-12    -292.990E-12    -95.9114E-03
            2733    -190.780E-12    -472.841E-12    -64.4262E-03
            2734    -109.296E-12    -341.117E-12    -19.7214E-03
            2735    -199.288E-12    -237.709E-12    -3.48523E-03
            2736    -264.806E-12    -350.768E-12    -52.1414E-03
            2737    -187.338E-12    -238.966E-12     37.0114E-03
            2738    -281.933E-12    -423.610E-12     70.8155E-03
            2739    -178.120E-12    -274.031E-12     46.7286E-03
            2740    -202.550E-12    -480.429E-12    -35.4906E-03
            2741    -285.444E-12    -400.296E-12     28.2288E-03
            2742    -233.440E-12    -477.529E-12     45.1620E-03
            2743    -228.064E-12    -265.737E-12    -88.2644E-03
            2744    -137.631E-12    -299.210E-12     75.0659E-03
            2745    -217.546E-12    -244.099E-12    -67.0202E-03
            2746    -272.994E-12    -443.588E-12     95.1596E-03
            2747    -243.117E-12    -463.128E-12     62.6888E-03
            2748    -119.386E-12    -352.698E-12    -38.8139E-03
            2749    -164.243E-12    -437.529E-12    -105.500E-03
            2750    -132.109E-12    -316.082E-12     45.6579E-03
            2751    -185.474E-12    -456.129E-12    -69.7202E-03
            2752    -272.540E-12    -369.627E-12    -25.4132E-03
            2753    -123.014E-12    -372.379E-12    -78.8430E-03
            2754    -144.628E-12    -399.789E-12    -96.8201E-03
            2755    -195.227E-12    -464.859E-12    -49.6720E-03
            2756    -210.062E-12    -247.273E-12    -39.5691E-03
            2757    -284.208E-12    -411.339E-12     49.1768E-03
            2758    -274.208E-12    -420.943E-12     61.9520E-03
            2759    -227.991E-12    -459.799E-12     28.5917E-03
            2760    -187.064E-12    -289.546E-12     20.6974E-03
            2761    -221.409E-12    -271.715E-12    -64.4747E-03
            2762    -264.104E-12    -363.252E-12    -31.4657E-03
            2763    -155.430E-12    -310.181E-12     45.0212E-03
            2764    -170.033E-12    -286.022E-12     53.7376E-03
            2765    -231.145E-12    -281.601E-12    -83.7317E-03
            2766    -243.935E-12    -309.690E-12    -82.9198E-03
            2767    -264.596E-12    -444.548E-12     85.6076E-03
            2768    -280.009E-12    -387.095E-12     3.62340E-03
            2769    -174.864E-12    -446.976E-12    -89.0709E-03
            2770    -136.658E-12    -384.794E-12    -84.0883E-03
            2771    -213.837E-12    -475.463E-12    -4.70551E-03
            2772    -126.769E-12    -344.312E-12    -14.1081E-03
            2773    -246.343E-12    -455.349E-12     64.9439E-03
            2774    -155.947E-12    -397.792E-12    -75.3064E-03
            2775    -161.725E-12    -422.317E-12    -95.0122E-03
            2776    -129.828E-12    -363.168E-12    -50.9874E-03
            2777    -154.256E-12    -297.610E-12     62.9104E-03
            2778    -140.339E-12    -311.667E-12     51.5260E-03
            2779    -193.025E-12    -249.426E-12     16.3834E-03
            2780    -133.564E-12    -335.854E-12     6.66765E-03
            2781    -181.577E-12    -439.753E-12    -68.7172E-03
            2782    -171.044E-12    -431.887E-12    -85.2436E-03
            2783    -271.765E-12    -383.679E-12    -734.366E-06
            2784    -278.479E-12    -398.139E-12     24.0359E-03
            2785    -234.091E-12    -298.073E-12    -75.6200E-03
            2786    -257.003E-12    -345.799E-12    -52.7077E-03
            2787    -243.964E-12    -440.154E-12     50.7613E-03
            2788    -193.203E-12    -266.492E-12     12.9480E-03
            2789    -178.637E-12    -287.826E-12     37.2692E-03
            2790    -151.594E-12    -387.083E-12    -66.6779E-03
            2791    -136.167E-12    -353.865E-12    -26.8732E-03
            2792    -257.703E-12    -418.306E-12     46.6397E-03
            2793    -222.466E-12    -467.279E-12     16.9003E-03
            2794    -233.005E-12    -452.710E-12     37.3306E-03
            2795    -206.378E-12    -465.356E-12    -21.9757E-03
            2796    -141.005E-12    -371.918E-12    -55.4001E-03
            2797    -216.957E-12    -257.623E-12    -58.4753E-03
            2798    -139.448E-12    -327.858E-12     22.7643E-03
            2799    -204.450E-12    -255.061E-12    -19.6682E-03
            2800    -149.167E-12    -317.576E-12     38.0404E-03
            2801    -248.744E-12    -326.639E-12    -69.4502E-03
            2802    -271.808E-12    -405.616E-12     36.0022E-03
            2803    -162.534E-12    -298.619E-12     52.2293E-03
            2804    -172.472E-12    -405.476E-12    -58.4187E-03
            2805    -224.520E-12    -286.600E-12    -62.9171E-03
            2806    -145.782E-12    -361.940E-12    -33.7448E-03
            2807    -217.241E-12    -448.668E-12     4.31475E-03
            2808    -187.895E-12    -303.395E-12     13.9836E-03
            2809    -255.513E-12    -357.868E-12    -33.9489E-03
            2810    -194.065E-12    -277.297E-12     9.00517E-03
            2811    -216.425E-12    -277.692E-12    -47.4090E-03
            2812    -263.264E-12    -373.818E-12    -14.3798E-03
            2813    -214.755E-12    -485.655E-12    -3.30983E-03
            2814    -252.309E-12    -437.868E-12     61.4719E-03
            2815    -198.174E-12    -261.329E-12    -381.588E-06
            2816    -192.236E-12    -448.981E-12    -50.1857E-03
            2817    -152.705E-12    -377.238E-12    -50.9445E-03
            2818    -163.492E-12    -312.417E-12     35.8847E-03
            2819    -250.721E-12    -341.251E-12    -52.5966E-03
            2820    -262.321E-12    -405.440E-12     32.5794E-03
            2821    -160.868E-12    -388.125E-12    -55.9276E-03
            2822    -142.356E-12    -345.039E-12    -7.15216E-03
            2823    -237.977E-12    -445.884E-12     43.9513E-03
            2824    -175.734E-12    -426.692E-12    -71.2534E-03
            2825    -186.963E-12    -429.981E-12    -51.4982E-03
            2826    -170.834E-12    -299.976E-12     40.3899E-03
            2827    -227.166E-12    -302.111E-12    -57.4573E-03
            2828    -201.277E-12    -458.569E-12    -32.7937E-03
            2829    -151.452E-12    -329.064E-12     20.0157E-03
            2830    -265.831E-12    -390.862E-12     11.6411E-03
            2831    -199.289E-12    -442.632E-12    -32.2560E-03
            2832    -260.987E-12    -380.293E-12    -3.90551E-03
            2833    -240.845E-12    -332.439E-12    -51.7182E-03
            2834    -217.802E-12    -289.884E-12    -44.7844E-03
            2835    -254.754E-12    -429.758E-12     56.6752E-03
            2836    -180.118E-12    -314.927E-12     18.0240E-03
            2837    -196.281E-12    -304.795E-12     505.711E-06
            2838    -151.440E-12    -353.103E-12    -16.0560E-03
            2839    -236.012E-12    -428.469E-12     31.5313E-03
            2840    -155.719E-12    -368.142E-12    -35.0896E-03
            2841    -201.583E-12    -275.386E-12    -9.39358E-03
            2842    -237.210E-12    -314.942E-12    -64.9087E-03
            2843    -211.064E-12    -455.832E-12    -9.40772E-03
            2844    -171.621E-12    -313.577E-12     27.4543E-03
            2845    -209.952E-12    -271.219E-12    -32.2943E-03
            2846    -181.526E-12    -402.237E-12    -42.5296E-03
            2847    -155.012E-12    -321.037E-12     30.4624E-03
            2848    -223.295E-12    -441.811E-12     15.5157E-03
            2849    -188.406E-12    -413.211E-12    -39.4261E-03
            2850    -253.481E-12    -404.651E-12     27.5124E-03
            2851    -245.709E-12    -351.551E-12    -34.8913E-03
            2852    -188.650E-12    -316.937E-12     7.74614E-03
            2853    -256.041E-12    -380.410E-12    -2.87384E-03
            2854    -244.123E-12    -404.652E-12     22.0926E-03
            2855    -158.576E-12    -345.113E-12    -2.40889E-03
            2856    -242.585E-12    -422.768E-12     36.2223E-03
            2857    -229.880E-12    -318.416E-12    -49.3854E-03
            2858    -203.162E-12    -290.348E-12    -12.0456E-03
            2859    -172.820E-12    -326.739E-12     14.9597E-03
            2860    -157.929E-12    -333.977E-12     12.2448E-03
            2861    -175.164E-12    -389.893E-12    -40.6143E-03
            2862    -196.659E-12    -424.971E-12    -31.2482E-03
            2863    -229.395E-12    -435.094E-12     24.4795E-03
            2864    -190.836E-12    -400.027E-12    -29.1954E-03
            2865    -166.120E-12    -372.011E-12    -31.4805E-03
            2866    -232.710E-12    -335.534E-12    -38.7495E-03
            2867    -180.824E-12    -326.792E-12     9.79159E-03
            2868    -219.857E-12    -304.590E-12    -41.2866E-03
            2869    -206.511E-12    -436.766E-12    -16.3260E-03
            2870    -248.462E-12    -372.614E-12    -11.2963E-03
            2871    -233.726E-12    -406.755E-12     15.8920E-03
            2872    -240.035E-12    -388.433E-12     5.38977E-03
            2873    -204.446E-12    -305.412E-12    -13.0233E-03
            2874    -197.252E-12    -319.070E-12    -2.79100E-03
            2875    -168.003E-12    -341.141E-12     2.69524E-03
            2876    -187.006E-12    -390.652E-12    -28.4612E-03
            2877    -222.064E-12    -320.067E-12    -36.0651E-03
            2878    -235.385E-12    -353.369E-12    -25.3362E-03
            2879    -210.688E-12    -289.701E-12    -28.6225E-03
            2880    -213.683E-12    -430.578E-12    -2.78653E-03
            2881    -176.034E-12    -339.024E-12     3.22626E-03
            2882    -181.533E-12    -366.707E-12    -17.1510E-03
            2883    -188.890E-12    -329.657E-12     2.42986E-03
            2884    -167.526E-12    -359.321E-12    -16.7058E-03
            2885    -204.605E-12    -419.449E-12    -16.6936E-03
            2886    -196.148E-12    -408.978E-12    -26.1425E-03
            2887    -237.180E-12    -371.111E-12    -10.2045E-03
            2888    -220.481E-12    -424.096E-12     7.40869E-03
            2889    -205.736E-12    -320.322E-12    -13.2979E-03
            2890    -196.204E-12    -388.952E-12    -19.0692E-03
            2891    -201.630E-12    -401.075E-12    -17.0805E-03
            2892    -190.088E-12    -378.253E-12    -19.3124E-03
            2893    -197.810E-12    -333.345E-12    -5.38403E-03
            2894    -182.340E-12    -351.767E-12    -6.90694E-03
            2895    -227.255E-12    -416.999E-12     14.4808E-03
            2896    -224.162E-12    -335.932E-12    -28.9742E-03
            2897    -172.380E-12    -351.046E-12    -6.95709E-03
            2898    -187.537E-12    -341.349E-12    -1.99203E-03
            2899    -212.250E-12    -305.287E-12    -26.7724E-03
            2900    -229.355E-12    -388.343E-12     1.80282E-03
            2901    -204.753E-12    -384.533E-12    -11.8399E-03
            2902    -223.785E-12    -401.170E-12     4.67082E-03
            2903    -223.448E-12    -369.290E-12    -9.72625E-03
            2904    -207.137E-12    -335.663E-12    -12.9887E-03
            2905    -225.133E-12    -352.261E-12    -19.7316E-03
            2906    -193.791E-12    -357.386E-12    -9.69093E-03
            2907    -197.075E-12    -346.701E-12    -7.40518E-03
            2908    -211.367E-12    -413.109E-12    -6.44606E-03
            2909    -215.524E-12    -334.987E-12    -20.7054E-03
            2910    -204.497E-12    -365.957E-12    -10.7341E-03
            2911    -210.991E-12    -395.587E-12    -7.42860E-03
            2912    -213.918E-12    -320.372E-12    -24.1898E-03
            2913    -210.007E-12    -353.756E-12    -12.1378E-03
            2914    -219.790E-12    -390.423E-12    -2.03209E-03
            2915    -213.519E-12    -377.700E-12    -8.05611E-03
            2916    -1.53776E-09    -655.338E-12        -3.20548
            2917    -283.581E-12     250.807E-12        -7.02739
            2918    -81.2534E-12    -1.80541E-09         4.03638
            2919     393.178E-12    -1.62245E-09         12.6683
            2920     26.4795E-12    -1.70387E-09         6.49587
            2921    -242.787E-12     346.267E-12         1.57815
            2922    -1.36243E-09    -1.87386E-09        -11.3339
            2923     165.344E-12    -116.457E-12        -3.67106
            2924     136.967E-12    -103.186E-12        -8.24697
            2925     170.882E-12    -115.237E-12        -5.93645
            2926     451.687E-12    -416.777E-12         5.91403
            2927     226.907E-12    -1.68195E-09         10.2474
            2928    -203.292E-12     190.289E-12        -8.39384
            2929    -24.6940E-12     127.467E-12        -15.8090
            2930     195.659E-12    -127.484E-12        -2.64309
            2931    -982.519E-12    -2.01406E-09        -9.53583
            2932     102.431E-12    -82.7767E-12        -11.1542
            2933    -391.509E-12    -1.87841E-09        -4.37560
            2934    -1.18965E-09    -239.969E-12         2.35484
            2935    -365.689E-12     501.281E-12         8.42078
            2936    -302.669E-12     304.870E-12    -468.540E-03
            2937    -331.927E-12     280.735E-12        -2.45202
            2938     601.128E-12    -1.39619E-09         14.1634
            2939    -1.58280E-09    -563.001E-12        -2.04035
            2940     505.419E-12    -958.443E-12         9.42578
            2941    -1.00505E-09     431.358E-12         15.7466
            2942    -1.76825E-09    -857.551E-12        -6.25526
            2943    -1.16114E-09    -565.693E-15         8.05257
            2944    -1.12588E-09     184.646E-12         12.6058
            2945    -793.151E-12     418.162E-12         12.5389
            2946     455.559E-12    -1.14939E-09         9.78918
            2947    -1.25675E-09    -2.08987E-09        -12.1990
            2948    -1.53749E-09    -1.84574E-09        -12.6515
            2949    -138.962E-12    -1.81620E-09         1.94426
            2950    -433.411E-12     492.322E-12         9.09951
            2951    -261.642E-12     343.123E-12         1.47131
            2952     111.196E-12    -95.5271E-12        -9.23705
            2953    -1.35989E-09    -304.043E-12         1.99128
            2954    -1.31920E-09    -194.073E-12         4.29503
            2955    -325.844E-12     264.885E-12        -4.63687
            2956     234.426E-12    -1.85579E-09         12.2332
            2957     300.768E-12    -161.532E-12     235.740E-03
            2958     252.356E-12    -140.429E-12        -1.73582
            2959     362.042E-12    -1.10474E-09         7.78119
            2960    -534.366E-12     534.385E-12         11.2071
            2961    -14.9676E-12    -1.81487E-09         6.32367
            2962     538.420E-12    -736.762E-12         8.90118
            2963    -135.089E-12     89.0002E-12        -5.82727
            2964     230.094E-12    -140.494E-12        -1.27756
            2965    -237.857E-12    -1.89545E-09        -2.26872
            2966    -1.64972E-09    -1.33695E-09        -9.55461
            2967    -1.54498E-09    -1.11766E-09        -7.25870
            2968    -702.980E-12    -1.78406E-09        -6.24417
            2969     427.583E-12    -283.413E-12         4.40515
            2970     321.292E-12    -243.400E-12         2.76214
            2971     135.494E-12     106.600E-12        -23.8236
            2972    -1.01068E-09     844.162E-12         21.9235
            2973    -2.21858E-09    -2.12957E-09        -22.6980
            2974     832.359E-12    -1.96905E-09         22.7667
            2975    -2.09325E-09    -1.57600E-09        -15.8857
            2976    -1.99155E-09    -1.32719E-09        -12.4528
            2977    -539.510E-12    -2.13089E-09        -6.93024
            2978    -1.11826E-09    -2.26517E-09        -12.4173
            2979     897.100E-12    -1.08646E-09         15.8467
            2980     549.998E-12    -416.001E-12         7.02047
            2981     152.377E-12    -84.0593E-12        -15.3956
            2982     989.095E-12    -1.39345E-09         19.3422
            2983    -597.313E-12     737.906E-12         15.5491
            2984     148.701E-12    -102.036E-12        -12.2678
            2985     680.824E-12    -583.024E-12         9.77071
            2986     359.148E-12    -203.594E-12         2.22266
            2987    -77.5822E-12     199.089E-12        -15.6459
            2988     798.393E-12    -810.513E-12         12.7402
            2989     151.254E-12     25.8802E-12        -21.3503
            2990    -216.714E-12     235.050E-12        -9.65043
            2991    -1.24531E-09     367.365E-12         17.9337
            2992    -788.981E-12     808.134E-12         18.8593
            2993    -16.7215E-12     177.077E-12        -18.6711
            2994     157.683E-12    -47.1832E-12        -18.4868
            2995    -1.25380E-09     199.679E-12         15.0747
            2996    -310.757E-12     552.593E-12         8.73892
            2997    -431.159E-12     622.436E-12         11.6098
            2998    -247.972E-12     468.586E-12         6.11090
            2999     406.714E-12    -1.88526E-09         15.5094
            3000    -143.251E-12     217.193E-12        -12.5765
            3001    -354.072E-12    -2.02636E-09        -4.63147
            3002    -783.094E-12    -2.21814E-09        -9.44152
            3003    -2.17473E-09    -1.83644E-09        -19.3352
            3004    -1.83035E-09    -1.06124E-09        -8.65911
            3005    -181.141E-12    -1.84913E-09    -94.5834E-03
            3006     610.221E-12    -1.92672E-09         19.1509
            3007    -1.19483E-09     593.620E-12         20.5908
            3008    -1.69833E-09    -2.40350E-09        -19.3368
            3009    -1.42153E-09    -2.35803E-09        -15.9591
            3010     211.356E-12    -126.131E-12        -3.75435
            3011     7.95425E-12     51.6168E-12        -14.0413
            3012    -1.59294E-09    -883.330E-12        -5.72703
            3013    -227.389E-12     388.398E-12         3.29294
            3014     71.1609E-12    -19.8140E-12        -14.1557
            3015     154.484E-12    -105.537E-12        -9.18240
            3016     131.382E-12    -98.0800E-12        -10.7674
            3017    -495.884E-12     577.294E-12         11.5088
            3018    -229.275E-12     392.853E-12         3.39785
            3019    -1.74222E-09    -1.85788E-09        -14.7648
            3020     549.074E-12    -890.302E-12         9.85634
            3021     568.818E-12    -580.303E-12         8.47984
            3022    -1.69162E-09    -1.11326E-09        -8.18968
            3023    -1.70520E-09    -1.58474E-09        -12.0157
            3024     45.5228E-12     17.5815E-12        -14.6920
            3025    -613.584E-12     553.876E-12         12.6007
            3026    -1.67826E-09    -702.556E-12        -4.09650
            3027    -875.847E-12     517.392E-12         15.4233
            3028    -1.25325E-09     83.4792E-12         12.1465
            3029     84.8705E-12    -1.81498E-09         8.76284
            3030    -245.424E-12     186.234E-12        -5.29673
            3031    -541.542E-12    -1.94690E-09        -5.98847
            3032     29.5131E-12     91.8667E-12        -17.5011
            3033     88.9600E-12    -88.7525E-12        -7.67797
            3034     128.775E-12    -86.7077E-12        -13.2898
            3035     568.905E-12    -1.14615E-09         11.6980
            3036    -1.47492E-09    -2.08293E-09        -14.0966
            3037    -1.25655E-09     856.883E-12         24.9254
            3038    -2.24512E-09    -2.42854E-09        -25.9269
            3039     55.7704E-12     146.211E-12        -21.4477
            3040     1.07828E-09    -1.99498E-09         26.2128
            3041    -1.82279E-09    -1.34365E-09        -11.0788
            3042    -1.90823E-09    -1.58377E-09        -14.0326
            3043    -612.700E-12     639.147E-12         14.1415
            3044    -1.25636E-09    -10.4354E-12         9.28639
            3045     782.433E-12    -1.38859E-09         16.7344
            3046    -732.894E-12     554.807E-12         14.1917
            3047    -1.97716E-09    -2.13719E-09        -19.9777
            3048    -1.95621E-09    -1.85634E-09        -17.0959
            3049     818.025E-12    -1.69042E-09         19.8123
            3050    -751.615E-12    -2.00249E-09        -7.82922
            3051    -963.740E-12     665.019E-12         18.7651
            3052    -1.72627E-09    -2.13096E-09        -17.1040
            3053     697.127E-12    -1.06104E-09         13.1588
            3054    -767.886E-12     673.635E-12         16.5925
            3055     76.0323E-12     50.6285E-12        -18.3150
            3056    -1.04489E-09    -40.1325E-12         5.49258
            3057     1.05002E-09    -1.69910E-09         22.8446
            3058    -1.96736E-09    -2.42635E-09        -22.7048
            3059     603.834E-12    -1.66977E-09         16.5662
            3060    -8.70572E-12    -203.854E-12    -39.0484E-03
            3061    -164.892E-12    -237.573E-12     32.3895E-03
            3062    -1.27946E-09    -100.053E-12         6.63065
            3063    -37.9337E-12    -279.626E-12    -29.2855E-03
            3064    -62.8288E-12    -387.275E-12     73.1537E-03
            3065    -11.0744E-12    -244.060E-12     18.5387E-03
            3066     43.4522E-12    -256.311E-12    -177.158E-03
            3067    -5.07637E-12    -268.972E-12    -23.1068E-03
            3068    -157.853E-12     27.1554E-12     131.290E-03
            3069     92.6781E-12    -723.021E-12         1.62782
            3070    -160.613E-12     3.36094E-12    -157.442E-03
            3071    -33.1550E-12    -38.1338E-12     140.376E-03
            3072     7.38776E-12    -43.0343E-12        -1.57904
            3073    -51.4515E-12     2.01128E-12    -193.702E-03
            3074     15.0694E-12    -64.8351E-12     7.78666E-03
            3075     107.129E-12    -3.46648E-12        -17.4794
            3076     121.028E-12    -51.2752E-12        -15.6315
            3077     31.8307E-12    -232.363E-12    -155.132E-03
            3078    -249.762E-12    -400.060E-12     163.104E-03
            3079     9.07950E-12    -296.501E-12    -113.995E-03
            3080    -282.876E-12    -358.745E-12    -21.3909E-03
            3081    -354.884E-12    -376.200E-12    -157.159E-03
            3082    -79.4738E-12     156.057E-12        -13.6321
            3083    -240.689E-12    -492.644E-12    -30.4411E-03
            3084    -19.0902E-12    -293.966E-12    -121.840E-03
            3085     191.282E-12    -449.845E-12         1.96912
            3086     213.137E-12    -466.219E-12         2.50241
            3087    -188.478E-12    -19.1770E-12    -201.400E-03
            3088    -204.863E-12    -12.9719E-12    -237.466E-03
            3089    -191.659E-12     11.1569E-12    -182.843E-03
            3090    -189.665E-12     59.0591E-12     275.123E-03
            3091    -192.600E-12     97.2599E-12     629.881E-03
            3092     370.088E-15    -283.913E-12     63.0096E-03
            3093     2.92714E-12    -302.142E-12     11.5034E-03
            3094     660.108E-12    -786.122E-12         10.8654
            3095    -395.469E-12     184.878E-12         2.50108
            3096    -493.777E-12     190.404E-12         3.45888
            3097     41.0514E-12    -819.938E-12         1.67981
            3098    -43.2268E-12    -41.3657E-12     176.768E-03
            3099    -43.1837E-12    -53.3856E-12     209.844E-03
            3100    -62.5502E-12     2.05235E-12    -134.515E-03
            3101    -11.4215E-12    -67.1983E-12     153.441E-03
            3102     19.7311E-12    -85.9581E-12     10.1812E-03
            3103     33.3941E-12    -59.1067E-12    -922.032E-03
            3104    -266.057E-12     218.386E-12        -6.20863
            3105    -31.4126E-12    -1.70133E-09         5.06390
            3106    -267.290E-12     330.074E-12     646.751E-03
            3107     119.954E-12    -101.096E-12        -5.54195
            3108    -1.46207E-09    -543.307E-12        -1.69678
            3109    -1.51994E-09    -932.075E-12        -5.83590
            3110     15.4440E-12    -277.994E-12     259.938E-03
            3111    -288.783E-12    -352.446E-12     178.656E-03
            3112    -308.881E-12    -392.556E-12     211.186E-03
            3113    -312.879E-12    -408.079E-12     230.959E-03
            3114    -990.903E-12    -66.5122E-12         4.38545
            3115    -257.646E-12    -389.121E-12     77.3629E-03
            3116     25.9063E-12    -281.627E-12    -209.684E-03
            3117     18.5131E-12    -248.657E-12     323.947E-03
            3118    -72.8249E-12    -2.21246E-12    -27.4922E-03
            3119    -313.400E-12    -424.037E-12     220.685E-03
            3120    -254.177E-12    -576.603E-12    -78.9303E-03
            3121     227.431E-12    -546.111E-12         2.66818
            3122     193.780E-12    -720.267E-12         2.59716
            3123     8.69357E-12    -316.853E-12    -112.911E-03
            3124    -207.280E-12     18.5698E-12    -121.489E-03
            3125     14.9081E-12    -97.0117E-12     78.1483E-03
            3126    -51.6809E-12    -35.4630E-12     175.006E-03
            3127    -52.5202E-12    -66.2496E-12     267.684E-03
            3128    -209.571E-12     88.0516E-12     405.603E-03
            3129     11.1156E-12    -307.778E-12     112.305E-03
            3130     12.5102E-12    -320.358E-12     50.0603E-03
            3131     111.223E-12    -336.468E-12         1.27535
            3132     23.8981E-12    -104.542E-12     14.7562E-03
            3133     36.2160E-12    -77.2622E-12    -337.802E-03
            3134    -589.033E-12     474.286E-12         10.7706
            3135    -1.28867E-09    -912.318E-12        -4.58339
            3136     102.636E-12    -95.8594E-12        -4.99624
            3137     104.437E-12    -99.6872E-12        -3.99828
            3138    -280.873E-12     413.512E-12         5.35455
            3139    -1.41286E-09    -694.207E-12        -3.33685
            3140    -1.26015E-09    -445.486E-12    -436.212E-03
            3141    -327.465E-12     214.983E-12         2.55835
            3142    -584.372E-12     236.824E-12         5.44547
            3143     34.6034E-12    -293.824E-12     458.737E-03
            3144    -60.8207E-12    -20.9671E-12     126.005E-03
            3145    -86.1556E-12    -659.934E-12     345.453E-03
            3146    -301.409E-12    -437.736E-12     119.420E-03
            3147    -80.0153E-12    -10.4916E-12     69.8929E-03
            3148    -372.597E-12    -114.419E-12     112.852E-03
            3149    -269.994E-12     198.238E-12         2.01105
            3150    -63.0557E-12    -30.0782E-12     171.891E-03
            3151    -72.3292E-12    -29.7639E-12     182.563E-03
            3152     26.7632E-12    -339.515E-12    -287.384E-03
            3153     80.8272E-12    -1.08616E-09         3.38217
            3154    -216.278E-12     2.08768E-12    -246.406E-03
            3155    -922.463E-12    -78.2184E-12         3.55011
            3156    -288.827E-12     290.144E-12    -735.883E-03
            3157    -75.7793E-12     118.401E-12        -12.0136
            3158    -32.5027E-12    -76.1216E-12     242.876E-03
            3159     247.837E-12    -779.596E-12         3.73866
            3160     268.871E-12    -687.207E-12         3.72514
            3161     13.5303E-12    -334.668E-12    -184.224E-03
            3162     15.8549E-12    -342.523E-12    -224.020E-03
            3163    -327.077E-12    -461.053E-12     260.587E-03
            3164    -292.720E-12    -93.6268E-12    -107.110E-03
            3165    -101.179E-12    -729.205E-12     348.440E-03
            3166    -88.1277E-12    -783.052E-12     635.306E-03
            3167     226.234E-12    -1.02217E-09         4.87233
            3168    -350.396E-12    -508.259E-12     300.298E-03
            3169    -209.490E-12     127.817E-12     848.631E-03
            3170     1.14086E-12    -100.885E-12     173.677E-03
            3171     18.0787E-12    -115.360E-12     91.4694E-03
            3172     36.1428E-12    -99.9358E-12    -168.776E-03
            3173    -93.5956E-12    -6.97497E-12     60.6581E-03
            3174     88.1876E-12    -91.4044E-12        -4.28494
            3175     82.6648E-12    -100.821E-12        -1.90286
            3176     184.536E-12    -376.865E-12         2.23838
            3177     118.876E-12    -324.079E-12         1.25233
            3178    -561.945E-12     406.261E-12         9.00510
            3179    -263.030E-12    -637.725E-12    -116.161E-03
            3180    -285.885E-12    -577.061E-12     98.2908E-03
            3181    -298.818E-12    -570.138E-12     169.597E-03
            3182    -298.332E-12     270.257E-12        -1.53063
            3183    -701.761E-12    -80.7148E-12         1.87340
            3184    -220.181E-12     7.59301E-12    -229.202E-03
            3185    -219.837E-12     31.7159E-12    -77.0445E-03
            3186    -24.4965E-12    -88.6386E-12     249.573E-03
            3187     25.4867E-12    -303.015E-12     317.389E-03
            3188    -752.504E-12    -1.44795E-09        -4.60073
            3189    -218.219E-12     108.289E-12     487.119E-03
            3190    -1.25282E-09    -628.751E-12        -2.36587
            3191    -1.07548E-09    -396.693E-12     9.50736E-03
            3192    -286.634E-12     248.346E-12        -1.56881
            3193    -1.28096E-09    -1.39230E-09        -7.13073
            3194    -299.439E-12     246.348E-12         2.84959
            3195    -558.420E-12     285.437E-12         6.23169
            3196    -339.432E-12    -460.997E-12     113.601E-03
            3197    -346.976E-12    -445.676E-12     54.0941E-03
            3198    -1.20663E-09    -1.16848E-09        -5.34463
            3199     23.4021E-12    -352.621E-12    -321.354E-03
            3200    -913.166E-12    -1.39935E-09        -5.06043
            3201     25.9271E-12    -1.23930E-09         3.61447
            3202    -40.9612E-12    -85.9585E-12     288.037E-03
            3203     447.693E-12    -674.618E-12         7.12275
            3204     369.748E-12    -515.514E-12         5.28109
            3205    -169.363E-12     109.875E-12        -4.65107
            3206    -623.950E-12     352.190E-12         8.67472
            3207     13.5040E-12    -338.292E-12    -187.400E-03
            3208     14.3474E-12    -342.472E-12    -207.832E-03
            3209     14.7772E-12    -345.559E-12    -221.524E-03
            3210    -335.940E-12    -493.414E-12     293.009E-03
            3211    -343.947E-12    -493.229E-12     317.837E-03
            3212    -351.257E-12    -499.460E-12     338.427E-03
            3213    -223.805E-12     158.342E-12         1.08122
            3214    -221.450E-12     122.415E-12     548.151E-03
            3215    -107.155E-12    -1.27613E-12     40.4834E-03
            3216    -229.165E-12     33.2676E-12    -111.265E-03
            3217    -228.919E-12     48.8628E-12    -23.3074E-03
            3218    -405.329E-12     301.287E-12         4.78090
            3219    -152.217E-12     71.1127E-12        -1.02552
            3220    -176.369E-12     108.121E-12        -3.33423
            3221     3.07326E-12    -116.590E-12     191.116E-03
            3222     176.233E-12    -343.682E-12         2.01517
            3223    -67.4883E-12    -821.089E-12     921.488E-03
            3224    -18.7722E-12    -101.452E-12     257.740E-03
            3225    -80.3843E-12    -857.705E-12     922.475E-03
            3226    -272.894E-12    -652.741E-12    -31.4818E-03
            3227    -291.726E-12    -610.148E-12     136.774E-03
            3228    -300.577E-12    -602.864E-12     195.312E-03
            3229    -384.002E-12    -477.206E-12     81.9655E-03
            3230     125.699E-12    -215.985E-12     250.540E-03
            3231    -841.693E-12    -560.782E-12        -1.17379
            3232    -806.966E-12    -542.070E-12    -900.694E-03
            3233    -133.659E-12    -1.32042E-09         1.32079
            3234     27.5037E-12    -140.548E-12     60.0185E-03
            3235     15.6817E-12    -146.281E-12     152.852E-03
            3236     39.5364E-12    -139.283E-12    -55.9776E-03
            3237     13.7296E-12    -344.485E-12    -201.273E-03
            3238     12.7782E-12    -339.838E-12    -144.400E-03
            3239    -87.7041E-12    -56.3450E-12     292.773E-03
            3240    -46.9498E-12    -95.4344E-12     320.138E-03
            3241    -110.173E-12     83.7800E-12        -7.56258
            3242    -146.681E-12    -1.22816E-09     915.298E-03
            3243    -266.588E-12    -798.292E-12    -412.889E-03
            3244    -324.514E-12    -512.540E-12     263.432E-03
            3245    -83.8438E-12    -64.8185E-12     310.973E-03
            3246    -306.685E-12    -102.274E-12    -123.706E-03
            3247    -329.858E-12    -112.485E-12    -95.6135E-03
            3248    -82.6122E-12    -81.0012E-12     342.155E-03
            3249    -355.755E-12    -510.015E-12     352.512E-03
            3250    -367.505E-12    -519.362E-12     305.379E-03
            3251    -108.034E-12    -949.826E-12     887.265E-03
            3252    -249.883E-12     181.257E-12        -3.21071
            3253    -192.546E-12     135.802E-12        -5.29139
            3254    -77.6683E-12    -98.7068E-12     364.235E-03
            3255    -59.9356E-12    -109.934E-12     361.710E-03
            3256    -15.6417E-12    -114.232E-12     268.353E-03
            3257     2.55097E-12    -129.340E-12     211.174E-03
            3258     2.51142E-12    -138.226E-12     219.756E-03
            3259    -974.444E-12    -485.064E-12    -673.467E-03
            3260    -902.487E-12    -420.625E-12    -177.916E-03
            3261    -715.389E-12    -350.408E-12     108.919E-03
            3262    -328.674E-12    -121.426E-12    -175.563E-03
            3263     51.0199E-12    -128.365E-12    -248.248E-03
            3264    -352.651E-12    -516.185E-12     358.720E-03
            3265    -168.822E-12     85.1762E-12    -955.701E-03
            3266    -109.094E-12    -646.922E-12    -66.2697E-03
            3267    -270.762E-12    -697.153E-12    -54.7751E-03
            3268    -279.074E-12    -656.932E-12     38.9601E-03
            3269    -291.437E-12    -638.042E-12     160.211E-03
            3270    -859.852E-12    -540.387E-12    -937.605E-03
            3271     110.688E-12    -191.164E-12    -159.110E-03
            3272    -307.480E-12    -597.505E-12     240.041E-03
            3273    -336.662E-12    -521.243E-12     312.118E-03
            3274    -659.790E-12    -510.178E-12    -325.119E-03
            3275    -153.382E-12    -1.13816E-09     662.090E-03
            3276    -327.704E-12    -115.818E-12    -134.829E-03
            3277    -42.7456E-12    -101.501E-12     321.917E-03
            3278    -3.62837E-12    -125.725E-12     236.090E-03
            3279    -198.920E-12     130.926E-12        -3.73153
            3280    -24.2102E-12    -115.692E-12     297.539E-03
            3281    -271.239E-12    -715.030E-12    -27.7886E-03
            3282    -250.879E-12    -947.134E-12    -463.581E-03
            3283    -352.956E-12    -529.821E-12     372.339E-03
            3284    -321.847E-12    -572.387E-12     297.696E-03
            3285    -354.040E-12    -133.151E-12    -135.755E-03
            3286     48.0093E-12    -301.812E-12     137.143E-03
            3287    -193.890E-12    -986.503E-12     10.7765E-03
            3288     15.0108E-12    -348.830E-12    -158.710E-03
            3289    -828.239E-12    -427.814E-12    -174.462E-03
            3290    -98.5167E-12    -590.045E-12    -186.697E-03
            3291    -127.501E-12    -694.141E-12    -66.3780E-03
            3292    -15.2973E-12    -400.425E-12    -392.924E-03
            3293    -17.9136E-12    -411.555E-12    -407.938E-03
            3294    -71.8052E-12    -115.309E-12     376.223E-03
            3295    -55.7551E-12    -124.268E-12     368.734E-03
            3296    -249.179E-12    -22.6069E-12    -340.558E-03
            3297    -296.540E-12    -131.637E-12    -359.146E-03
            3298     7.38530E-12    -360.404E-12    -257.745E-03
            3299    -795.600E-12    -517.578E-12    -625.055E-03
            3300    -270.756E-12    -725.589E-12     9.59029E-03
            3301    -242.599E-12    -926.516E-12    -311.961E-03
            3302    -164.600E-12    -1.09598E-09     411.975E-03
            3303    -57.4671E-12    -478.234E-12    -347.851E-03
            3304     19.8343E-12    -336.598E-12    -102.299E-03
            3305     13.6759E-12    -346.347E-12    -173.708E-03
            3306    -251.223E-12    -25.9130E-12    -341.156E-03
            3307    -202.144E-12     118.801E-12    -819.166E-03
            3308    -182.759E-12     91.9470E-12    -668.851E-03
            3309    -761.919E-12    -430.006E-12    -133.964E-03
            3310    -45.9102E-12    -121.550E-12     352.900E-03
            3311    -28.1878E-12    -124.213E-12     318.185E-03
            3312    -88.8636E-12    -553.806E-12    -252.228E-03
            3313    -307.363E-12    -158.305E-12    -355.048E-03
            3314    -332.001E-12    -561.153E-12     336.439E-03
            3315    -351.338E-12    -538.861E-12     380.739E-03
            3316    -19.0530E-12    -398.462E-12    -380.555E-03
            3317    -226.444E-12     112.504E-12    -18.4424E-03
            3318    -65.8165E-12    -130.534E-12     380.000E-03
            3319    -49.8503E-12    -135.598E-12     366.603E-03
            3320    -422.396E-12    -519.050E-12     226.578E-03
            3321    -410.038E-12    -213.414E-12    -188.506E-03
            3322    -211.826E-12     110.642E-12    -266.084E-03
            3323    -208.028E-12     97.3929E-12    -187.998E-03
            3324     22.8370E-12    -329.315E-12    -73.8173E-03
            3325    -390.903E-12    -219.084E-12    -229.573E-03
            3326    -253.167E-12    -843.715E-12    -191.469E-03
            3327    -254.043E-12    -807.766E-12    -70.6865E-03
            3328    -699.906E-12    -454.525E-12    -145.921E-03
            3329     16.9298E-12    -334.699E-12    -127.827E-03
            3330    -42.9046E-12    -128.190E-12     352.776E-03
            3331    -122.061E-12    -63.7838E-12     298.390E-03
            3332    -33.8602E-12    -135.066E-12     339.377E-03
            3333    -600.218E-12    -432.788E-12    -9.41353E-03
            3334    -559.551E-12    -425.348E-12     16.3477E-03
            3335     39.4057E-12    -260.594E-12     16.8617E-03
            3336    -22.4687E-12    -395.698E-12    -365.369E-03
            3337    -30.6878E-12    -401.971E-12    -365.480E-03
            3338    -530.416E-12    -405.484E-12     13.0127E-03
            3339    -241.248E-12    -747.830E-12     64.0003E-03
            3340    -323.297E-12    -576.114E-12     325.554E-03
            3341    -349.995E-12    -543.535E-12     384.906E-03
            3342    -58.6623E-12    -143.176E-12     376.323E-03
            3343    -41.7783E-12    -144.334E-12     356.547E-03
            3344     9.87416E-12    -206.763E-12     162.959E-03
            3345    -351.011E-12    -543.022E-12     387.535E-03
            3346    -354.183E-12    -539.635E-12     387.228E-03
            3347    -33.5580E-12    -203.655E-12     289.383E-03
            3348    -46.0707E-12    -204.816E-12     304.494E-03
            3349    -296.470E-12    -617.085E-12     255.784E-03
            3350    -272.428E-12    -673.493E-12     170.079E-03
            3351    -173.534E-12    -21.9799E-12     137.249E-03
            3352     24.2971E-12    -303.491E-12    -46.6627E-03
            3353     17.1156E-12    -304.689E-12    -62.3294E-03
            3354    -212.294E-12     99.6039E-12    -151.308E-03
            3355    -468.732E-12    -288.382E-12    -109.760E-03
            3356    -261.825E-12    -770.346E-12    -30.3796E-03
            3357    -449.294E-12    -294.012E-12    -130.853E-03
            3358     14.6600E-12    -341.850E-12    -156.741E-03
            3359    -262.133E-12    -713.824E-12     117.857E-03
            3360    -130.894E-12    -86.5881E-12     305.035E-03
            3361    -130.555E-12    -100.805E-12     310.766E-03
            3362    -121.641E-12    -117.918E-12     332.842E-03
            3363    -235.043E-12    -730.785E-12     58.2597E-03
            3364    -206.599E-12     82.4268E-12    -104.982E-03
            3365    -44.0291E-12    -161.936E-12     355.183E-03
            3366    -48.8499E-12    -170.842E-12     354.253E-03
            3367    -264.479E-12    -666.487E-12     156.696E-03
            3368     36.5962E-12    -239.394E-12     29.2606E-03
            3369     3.20937E-12    -320.561E-12    -112.028E-03
            3370    -333.864E-12    -560.187E-12     356.195E-03
            3371    -337.136E-12    -552.915E-12     366.152E-03
            3372    -109.597E-12    -542.567E-12    -298.686E-03
            3373    -32.9651E-12    -396.653E-12    -344.258E-03
            3374    -14.9880E-12    -374.675E-12    -305.313E-03
            3375    -42.5562E-12    -402.473E-12    -338.098E-03
            3376    -342.674E-12    -548.008E-12     375.946E-03
            3377    -243.190E-12    -700.611E-12     87.4126E-03
            3378    -538.603E-12    -441.848E-12     39.1426E-03
            3379    -508.240E-12    -433.401E-12     50.3416E-03
            3380    -359.440E-12    -524.067E-12     347.545E-03
            3381    -3.43270E-12    -215.917E-12     194.263E-03
            3382    -77.3651E-12    -151.615E-12     378.385E-03
            3383     14.7001E-12    -213.124E-12     135.466E-03
            3384    -308.087E-12    -591.280E-12     294.550E-03
            3385    -301.282E-12    -178.472E-12    -354.948E-03
            3386    -276.033E-12    -632.361E-12     199.996E-03
            3387    -63.4101E-12    -188.492E-12     342.540E-03
            3388    -351.915E-12    -521.788E-12     338.289E-03
            3389    -50.1018E-12    -158.858E-12     363.987E-03
            3390    -407.068E-12    -276.765E-12    -188.863E-03
            3391    -211.678E-12     87.0339E-12    -87.1761E-03
            3392    -503.316E-12    -411.814E-12     24.9760E-03
            3393    -8.44332E-12    -365.897E-12    -280.406E-03
            3394     2.99699E-12    -227.482E-12     151.936E-03
            3395    -327.910E-12    -564.158E-12     346.351E-03
            3396    -248.813E-12    -679.523E-12     108.595E-03
            3397    -256.697E-12    -651.532E-12     137.224E-03
            3398    -139.494E-12    -97.8094E-12     285.738E-03
            3399    -490.968E-12    -446.171E-12     78.2210E-03
            3400    -326.696E-12    -554.235E-12     342.808E-03
            3401    -342.869E-12    -524.222E-12     336.094E-03
            3402    -351.568E-12    -514.714E-12     318.907E-03
            3403    -373.195E-12    -515.123E-12     319.196E-03
            3404    -67.3233E-12    -197.436E-12     329.280E-03
            3405    -47.3434E-12    -412.393E-12    -353.200E-03
            3406    -258.861E-12    -112.222E-12    -355.382E-03
            3407    -466.080E-12    -439.207E-12     81.0459E-03
            3408    -285.373E-12    -605.915E-12     231.725E-03
            3409    -256.371E-12    -630.740E-12     137.446E-03
            3410    -107.133E-12    -151.993E-12     348.383E-03
            3411    -183.536E-12    -58.0999E-12     114.983E-03
            3412    -190.840E-12    -59.6756E-12     79.0377E-03
            3413    -317.062E-12    -223.661E-12    -309.212E-03
            3414    -18.1065E-12    -367.515E-12    -270.791E-03
            3415    -25.1988E-12    -372.567E-12    -276.219E-03
            3416    -200.435E-12    -688.275E-12    -42.3428E-03
            3417    -188.529E-12    -672.656E-12    -80.5307E-03
            3418    -477.736E-12    -458.373E-12     106.483E-03
            3419    -450.837E-12    -456.373E-12     122.631E-03
            3420    -325.229E-12    -550.135E-12     336.848E-03
            3421    -345.796E-12    -512.836E-12     310.903E-03
            3422    -148.033E-12    -95.0224E-12     258.472E-03
            3423    -138.365E-12    -126.391E-12     284.898E-03
            3424    -455.891E-12    -468.412E-12     142.497E-03
            3425    -319.443E-12    -564.779E-12     327.242E-03
            3426    -233.023E-12    -665.195E-12     58.4119E-03
            3427    -5.67899E-12    -354.018E-12    -234.771E-03
            3428    -282.496E-12    -595.306E-12     222.997E-03
            3429    -405.737E-12    -480.252E-12     206.323E-03
            3430    -411.873E-12    -468.666E-12     174.009E-03
            3431    -357.062E-12    -508.729E-12     303.891E-03
            3432    -123.918E-12    -534.444E-12    -276.682E-03
            3433    -139.476E-12    -571.299E-12    -235.207E-03
            3434    -148.968E-12    -593.797E-12    -206.870E-03
            3435    -20.4599E-12    -360.163E-12    -236.443E-03
            3436    -334.331E-12    -519.069E-12     313.576E-03
            3437     6.57609E-12    -273.481E-12     31.2962E-03
            3438    -1.75102E-12    -296.127E-12    -22.2644E-03
            3439    -79.1029E-12    -206.255E-12     311.859E-03
            3440    -100.156E-12    -167.898E-12     345.755E-03
            3441    -294.069E-12    -202.743E-12    -330.800E-03
            3442    -176.176E-12    -629.921E-12    -127.080E-03
            3443    -194.071E-12    -81.0476E-12     56.0438E-03
            3444    -123.534E-12    -518.948E-12    -276.948E-03
            3445    -364.844E-12    -305.883E-12    -178.825E-03
            3446    -349.074E-12    -286.961E-12    -214.411E-03
            3447    -225.244E-12    -26.5201E-12    -114.824E-03
            3448    -146.492E-12    -126.034E-12     257.504E-03
            3449    -29.0641E-12    -240.040E-12     200.637E-03
            3450    -21.7881E-12    -247.806E-12     165.935E-03
            3451    -102.987E-12    -179.383E-12     328.630E-03
            3452    -21.4411E-12    -351.811E-12    -199.848E-03
            3453    -409.985E-12    -385.836E-12    -16.7692E-03
            3454    -308.757E-12    -553.475E-12     293.768E-03
            3455    -141.061E-12    -552.295E-12    -234.754E-03
            3456    -155.734E-12    -588.366E-12    -191.984E-03
            3457    -225.610E-12    -649.304E-12     32.1415E-03
            3458    -15.1108E-12    -308.620E-12    -42.5083E-03
            3459    -284.890E-12    -207.949E-12    -315.725E-03
            3460    -343.827E-12    -328.953E-12    -138.774E-03
            3461    -98.2505E-12    -197.049E-12     310.953E-03
            3462    -325.941E-12    -523.533E-12     307.566E-03
            3463    -399.540E-12    -464.671E-12     170.457E-03
            3464    -380.115E-12    -489.137E-12     243.721E-03
            3465    -30.4145E-12    -273.152E-12     106.883E-03
            3466    -105.759E-12    -253.504E-12     195.299E-03
            3467    -59.3668E-12    -257.552E-12     189.974E-03
            3468    -169.314E-12    -593.534E-12    -153.786E-03
            3469    -45.4009E-12    -263.343E-12     159.464E-03
            3470    -372.685E-12    -494.647E-12     261.877E-03
            3471    -223.060E-12    -44.2628E-12    -109.937E-03
            3472    -218.862E-12    -43.1317E-12    -80.6450E-03
            3473    -281.053E-12    -583.639E-12     216.930E-03
            3474    -158.089E-12    -570.042E-12    -188.370E-03
            3475    -160.672E-12    -144.141E-12     193.087E-03
            3476    -361.165E-12    -501.634E-12     284.114E-03
            3477    -349.531E-12    -499.077E-12     276.046E-03
            3478    -201.169E-12    -109.023E-12     6.36842E-03
            3479    -282.361E-12    -571.176E-12     218.853E-03
            3480    -286.445E-12    -534.271E-12     217.299E-03
            3481    -202.809E-12    -582.579E-12    -49.4946E-03
            3482    -212.625E-12    -571.989E-12    -16.6688E-03
            3483    -316.666E-12    -512.150E-12     270.963E-03
            3484    -218.964E-12    -557.239E-12     4.92524E-03
            3485    -53.6434E-12    -271.670E-12     143.448E-03
            3486    -375.076E-12    -425.806E-12     79.2086E-03
            3487    -215.033E-12    -65.0528E-12    -65.1033E-03
            3488    -313.396E-12    -318.123E-12    -153.274E-03
            3489    -302.884E-12    -312.539E-12    -158.258E-03
            3490    -222.476E-12    -70.6382E-12    -118.119E-03
            3491    -299.893E-12    -241.784E-12    -280.962E-03
            3492    -36.3794E-12    -316.941E-12    -34.8201E-03
            3493    -274.894E-12    -531.984E-12     181.658E-03
            3494    -171.768E-12    -525.899E-12    -141.758E-03
            3495    -300.969E-12    -475.900E-12     182.917E-03
            3496    -214.625E-12    -88.1722E-12    -70.8432E-03
            3497    -204.558E-12    -118.921E-12    -15.8807E-03
            3498    -191.797E-12    -133.561E-12     50.6653E-03
            3499    -207.216E-12    -546.526E-12    -33.3500E-03
            3500    -275.151E-12    -519.567E-12     175.871E-03
            3501    -210.022E-12    -534.109E-12    -23.0378E-03
            3502    -52.6308E-12    -290.387E-12     82.7296E-03
            3503    -97.1538E-12    -288.322E-12     115.002E-03
            3504    -81.0414E-12    -298.936E-12     80.4644E-03
            3505    -231.775E-12    -108.722E-12    -189.371E-03
            3506    -360.578E-12    -392.634E-12    -11.3265E-06
            3507    -370.972E-12    -441.285E-12     119.554E-03
            3508    -292.956E-12    -476.264E-12     171.788E-03
            3509    -226.136E-12    -150.111E-12    -146.624E-03
            3510    -356.973E-12    -496.480E-12     269.911E-03
            3511    -351.638E-12    -493.290E-12     261.066E-03
            3512    -307.792E-12    -511.516E-12     252.138E-03
            3513    -206.647E-12    -127.789E-12    -30.8624E-03
            3514    -202.526E-12    -153.284E-12    -12.3405E-03
            3515    -296.127E-12    -466.037E-12     159.196E-03
            3516    -302.452E-12    -453.423E-12     141.179E-03
            3517    -340.170E-12    -394.302E-12     6.67556E-03
            3518    -198.063E-12    -537.834E-12    -61.9400E-03
            3519    -196.841E-12    -526.939E-12    -63.8635E-03
            3520    -118.219E-12    -291.172E-12     102.678E-03
            3521    -281.923E-12    -267.186E-12    -219.520E-03
            3522    -222.771E-12    -163.420E-12    -123.604E-03
            3523    -216.684E-12    -156.105E-12    -90.5874E-03
            3524    -221.556E-12    -122.127E-12    -121.536E-03
            3525    -173.242E-12    -471.702E-12    -110.834E-03
            3526    -283.413E-12    -317.717E-12    -130.491E-03
            3527    -280.775E-12    -463.755E-12     134.150E-03
            3528    -293.371E-12    -436.800E-12     101.923E-03
            3529    -209.879E-12    -141.295E-12    -51.9226E-03
            3530    -252.169E-12    -511.652E-12     105.721E-03
            3531    -99.4140E-12    -315.499E-12     41.9136E-03
            3532    -310.491E-12    -370.779E-12    -40.3883E-03
            3533    -334.292E-12    -423.399E-12     78.8566E-03
            3534    -223.962E-12    -184.839E-12    -122.480E-03
            3535    -167.834E-12    -453.806E-12    -111.641E-03
            3536    -329.105E-12    -428.267E-12     91.0937E-03
            3537    -185.888E-12    -213.310E-12     50.9002E-03
            3538    -264.884E-12    -467.900E-12     110.906E-03
            3539    -214.534E-12    -141.564E-12    -79.0134E-03
            3540    -79.0645E-12    -337.781E-12    -42.7310E-03
            3541    -241.045E-12    -494.972E-12     69.2815E-03
            3542    -280.968E-12    -445.559E-12     107.151E-03
            3543    -277.737E-12    -433.880E-12     85.3382E-03
            3544    -124.289E-12    -312.346E-12     54.3035E-03
            3545    -112.209E-12    -322.701E-12     28.4818E-03
            3546    -96.4822E-12    -329.696E-12     384.112E-06
            3547    -217.865E-12    -226.606E-12    -76.2896E-03
            3548    -298.961E-12    -360.338E-12    -57.7702E-03
            3549    -216.459E-12    -204.758E-12    -78.6699E-03
            3550    -220.170E-12    -193.112E-12    -100.177E-03
            3551    -191.737E-12    -228.671E-12     24.4495E-03
            3552    -271.688E-12    -453.650E-12     106.913E-03
            3553    -99.9157E-12    -338.221E-12    -20.5240E-03
            3554    -279.536E-12    -413.591E-12     52.0402E-03
            3555    -125.833E-12    -326.322E-12     24.2201E-03
            3556    -255.389E-12    -451.381E-12     78.4433E-03
            3557    -204.478E-12    -471.773E-12    -28.2833E-03
            3558    -221.267E-12    -476.808E-12     14.3808E-03
            3559    -276.817E-12    -453.684E-12     114.233E-03
            3560    -269.603E-12    -432.178E-12     75.4297E-03
            3561    -265.924E-12    -419.131E-12     53.9217E-03
            3562    -144.917E-12    -321.807E-12     32.6863E-03
            3563    -248.728E-12    -449.139E-12     65.1288E-03
            3564    -205.993E-12    -237.065E-12    -27.4160E-03
            3565    -179.330E-12    -301.539E-12     27.5059E-03
            3566    -213.291E-12    -466.304E-12    -5.30104E-03
            3567    -186.373E-12    -275.588E-12     27.4538E-03
            3568    -147.728E-12    -309.211E-12     51.6988E-03
            3569    -162.902E-12    -408.311E-12    -77.0084E-03
            3570    -170.265E-12    -418.381E-12    -74.3980E-03
            3571    -261.716E-12    -431.381E-12     66.3381E-03
            3572    -147.694E-12    -337.022E-12     7.76482E-03
            3573    -258.277E-12    -391.899E-12     12.7212E-03
            3574    -249.912E-12    -389.903E-12     9.00399E-03
            3575    -249.543E-12    -418.921E-12     40.1292E-03
            3576    -256.060E-12    -369.621E-12    -17.7746E-03
            3577    -157.988E-12    -360.335E-12    -22.8056E-03
            3578    -195.180E-12    -290.524E-12     4.53091E-03
            3579    -166.197E-12    -395.738E-12    -57.7523E-03
            3580    -179.651E-12    -416.411E-12    -55.9011E-03
            3581    -163.746E-12    -327.402E-12     18.7412E-03
            3582    -257.474E-12    -376.315E-12    -8.85194E-03
            3583    -218.421E-12    -406.967E-12     1.26964E-03
            3584    -163.657E-12    -381.556E-12    -44.7371E-03
            3585    -181.358E-12    -335.824E-12     3.64228E-03
            3586    -217.136E-12    -347.169E-12    -17.3273E-03
            3587    -176.867E-12    -377.714E-12    -28.4893E-03
            3588    -197.741E-12    -374.059E-12    -13.6873E-03
            3589    -191.509E-12    -365.817E-12    -13.0982E-03
            3590    -184.775E-12    -382.374E-12    -25.4824E-03


Field Output reported at nodes for part: ASSEMBLY

      Node Label            U.U1            U.U2            U.U3
                          @Loc 1          @Loc 1          @Loc 1
-----------------------------------------------------------------
               1              0.              0.              0.
               2              0.              0.              0.
               3              0.              0.              0.
               4              0.              0.              0.


Source 1
---------

   ODB: C:/temp/vibration.odb
   Step: analyse_modale
   Frame: Mode         5: Value =  9.30164E+06 Freq =   485.40     (cycles/time)

Loc 1 : Nodal values from source 1

Output sorted by column "Node Label".

Field Output reported at nodes for part: PLAQUE-1

      Node Label            U.U1            U.U2            U.U3
                          @Loc 1          @Loc 1          @Loc 1
-----------------------------------------------------------------
               1              0.              0.              0.
               2              0.              0.              0.
               3              0.              0.              0.
               4              0.              0.              0.
               5              0.              0.              0.
               6              0.              0.              0.
               7              0.              0.              0.
               8              0.              0.              0.
               9              0.              0.              0.
              10              0.              0.              0.
              11              0.              0.              0.
              12              0.              0.              0.
              13              0.              0.              0.
              14              0.              0.              0.
              15              0.              0.              0.
              16              0.              0.              0.
              17              0.              0.              0.
              18              0.              0.              0.
              19              0.              0.              0.
              20              0.              0.              0.
              21              0.              0.              0.
              22              0.              0.              0.
              23              0.              0.              0.
              24              0.              0.              0.
              25              0.              0.              0.
              26              0.              0.              0.
              27              0.              0.              0.
              28              0.              0.              0.
              29              0.              0.              0.
              30              0.              0.              0.
              31              0.              0.              0.
              32              0.              0.              0.
              33     1.84873E-09     1.28631E-09    -244.948E-03
              34     3.71234E-09    -4.60087E-09    -24.1031E-03
              35    -1.73313E-09     1.41490E-09     114.316E-03
              36    -3.53586E-09    -4.36858E-09    -32.3763E-03
              37     1.85204E-09     1.06412E-09        -3.55340
              38     1.83513E-09     792.983E-12        -6.80697
              39     1.78085E-09     555.803E-12        -9.92667
              40     1.72913E-09     362.350E-12        -12.8173
              41     1.68996E-09     210.661E-12        -15.4053
              42     1.67319E-09     77.5470E-12        -17.6358
              43     1.67733E-09    -30.1867E-12        -19.4596
              44     1.69008E-09    -112.114E-12        -20.8160
              45     1.75283E-09    -164.629E-12        -21.6573
              46     1.86460E-09    -240.428E-12        -21.9352
              47     2.02047E-09    -350.981E-12        -21.6301
              48     2.24795E-09    -543.431E-12        -20.7633
              49     2.50202E-09    -822.394E-12        -19.3763
              50     2.77935E-09    -1.19552E-09        -17.5256
              51     3.06452E-09    -1.66802E-09        -15.2689
              52     3.30398E-09    -2.22252E-09        -12.6582
              53     3.49226E-09    -2.80413E-09        -9.75041
              54     3.62472E-09    -3.41356E-09        -6.61772
              55     3.69185E-09    -4.01062E-09        -3.34788
              56    -1.45408E-09     1.39899E-09         3.44609
              57    -1.17549E-09     1.35946E-09         6.72380
              58    -897.637E-12     1.28896E-09         9.86663
              59    -659.573E-12     1.20176E-09         12.7829
              60    -451.504E-12     1.11281E-09         15.3971
              61    -278.021E-12     1.01290E-09         17.6463
              62    -157.975E-12     924.049E-12         19.4847
              63    -87.8323E-12     849.907E-12         20.8549
              64    -57.5085E-12     803.235E-12         21.6980
              65    -55.9229E-12     801.971E-12         21.9760
              66    -43.6125E-12     841.959E-12         21.6663
              67     5.96674E-12     917.259E-12         20.7840
              68     115.933E-12     1.01438E-09         19.3763
              69     292.200E-12     1.11379E-09         17.5021
              70     518.532E-12     1.19634E-09         15.2150
              71     770.882E-12     1.25805E-09         12.5658
              72     1.04764E-09     1.30019E-09         9.61356
              73     1.33410E-09     1.31776E-09         6.43374
              74     1.61485E-09     1.31137E-09         3.12110
              75    -3.51126E-09    -3.87025E-09        -3.36281
              76    -3.44164E-09    -3.35913E-09        -6.63999
              77    -3.30585E-09    -2.86917E-09        -9.78043
              78    -3.13964E-09    -2.42007E-09        -12.6964
              79    -2.94539E-09    -2.00667E-09        -15.3153
              80    -2.73600E-09    -1.63973E-09        -17.5782
              81    -2.50996E-09    -1.30371E-09        -19.4272
              82    -2.29553E-09    -1.03989E-09        -20.8146
              83    -2.10806E-09    -822.371E-12        -21.6822
              84    -1.95743E-09    -630.164E-12        -21.9787
              85    -1.83425E-09    -448.090E-12        -21.6873
              86    -1.72263E-09    -275.956E-12        -20.8220
              87    -1.64268E-09    -131.154E-12        -19.4284
              88    -1.59788E-09     15.6218E-12        -17.5661
              89    -1.58620E-09     166.880E-12        -15.2903
              90    -1.62032E-09     349.162E-12        -12.6530
              91    -1.66991E-09     590.954E-12        -9.71214
              92    -1.70328E-09     869.788E-12        -6.54796
              93    -1.72252E-09     1.13932E-09        -3.24695
              94     3.13633E-09    -4.56498E-09         3.30655
              95     2.58421E-09    -4.48263E-09         6.58260
              96     2.05630E-09    -4.36025E-09         9.72016
              97     1.56856E-09    -4.20138E-09         12.6317
              98     1.15078E-09    -4.01793E-09         15.2449
              99     813.724E-12    -3.82471E-09         17.5013
             100     563.173E-12    -3.64310E-09         19.3485
             101     396.774E-12    -3.52303E-09         20.7355
             102     257.778E-12    -3.45968E-09         21.5997
             103     132.501E-12    -3.45243E-09         21.8972
             104    -6.22258E-12    -3.52410E-09         21.6110
             105    -189.988E-12    -3.63847E-09         20.7534
             106    -466.469E-12    -3.80367E-09         19.3708
             107    -836.389E-12    -3.96388E-09         17.5253
             108    -1.25684E-09    -4.09611E-09         15.2693
             109    -1.69522E-09    -4.18396E-09         12.6529
             110    -2.12692E-09    -4.25088E-09         9.73476
             111    -2.57581E-09    -4.30547E-09         6.58946
             112    -3.04255E-09    -4.35172E-09         3.30542
             113     137.147E-12     104.771E-12     210.650E-03
             114     108.644E-12    -20.8522E-12    -208.810E-03
             115    -88.5134E-12    -320.467E-12     303.640E-03
             116     91.3957E-12     25.9539E-12    -77.5939E-03
             117     82.3345E-12     60.4586E-12     319.289E-03
             118    -341.709E-12    -297.849E-12    -366.324E-03
             119    -437.380E-12    -424.551E-12    -174.803E-03
             120    -229.509E-12    -330.534E-12     41.7865E-03
             121     510.772E-12    -440.413E-12    -345.332E-03
             122     365.724E-12    -735.707E-12     201.018E-03
             123     167.702E-12    -717.193E-12     449.900E-03
             124     169.192E-12    -205.781E-12     165.107E-03
             125     227.261E-12    -354.815E-12    -59.1010E-03
             126     115.135E-12    -277.067E-12    -285.820E-03
             127     305.810E-12    -245.727E-12    -370.505E-03
             128    -85.2297E-12     21.1241E-12    -64.7383E-03
             129    -137.355E-12    -41.2548E-12    -307.415E-03
             130    -200.555E-12    -27.6121E-12    -368.185E-03
             131    -93.6135E-12     29.1475E-12     68.0354E-03
             132    -213.823E-12     80.2179E-12    -154.005E-03
             133    -152.728E-12     120.324E-12     114.594E-03
             134    -75.3163E-12     67.8607E-12     380.049E-03
             135    -76.6880E-12     26.5577E-12     285.400E-03
             136     264.196E-12     79.3205E-12    -166.197E-03
             137     287.401E-12     9.37843E-12    -360.682E-03
             138    -113.246E-12    -636.064E-12     356.837E-03
             139     108.694E-12     31.7693E-12     60.1313E-03
             140    -94.5943E-12    -264.089E-12    -242.329E-03
             141    -288.807E-12    -689.181E-12     202.009E-03
             142    -173.169E-12    -370.089E-12    -87.9533E-03
             143     88.2999E-12     13.9275E-12     328.600E-03
             144     126.116E-12     30.3795E-12    -10.4748E-03
             145    -105.220E-12     23.2961E-12     8.80966E-03
             146     99.2772E-12    -320.720E-12     301.711E-03
             147     228.822E-12    -276.545E-12     85.6187E-03
             148    -217.638E-12    -417.815E-12    -60.7013E-03
             149    -81.9071E-12    -328.314E-12    -155.852E-03
             150    -189.362E-12    -280.673E-12     170.605E-03
             151     191.914E-12    -19.7922E-12    -395.646E-03
             152    -68.8567E-12    -8.63635E-12    -150.994E-03
             153    -76.0094E-12     95.0440E-12     244.401E-03
             154     154.564E-12     121.361E-12     510.287E-03
             155    -498.771E-12    -478.516E-12    -492.057E-03
             156    -205.203E-12     17.9130E-12    -246.885E-03
             157    -84.0405E-12     14.2534E-12     142.227E-03
             158     329.419E-12    -889.155E-12     587.196E-03
             159     156.841E-12    -370.938E-12    -184.325E-03
             160     497.118E-12    -415.243E-12    -725.629E-03
             161     182.784E-12     105.823E-12     22.6770E-03
             162     133.942E-12    -185.264E-12    -288.307E-03
             163    -161.246E-12    -262.205E-12    -332.879E-03
             164     466.545E-12    -558.532E-12    -58.1893E-03
             165     74.5790E-12    -496.326E-12     416.043E-03
             166    -17.0506E-12    -394.500E-12     299.226E-03
             167     155.879E-12    -44.9932E-12    -253.023E-03
             168    -385.642E-12    -519.114E-12     7.08957E-03
             169     136.707E-12     84.0867E-12     810.070E-03
             170    -238.682E-12     131.459E-12    -34.8559E-03
             171    -87.2088E-12     74.5526E-12     591.370E-03
             172    -236.834E-12    -45.2020E-12    -631.363E-03
             173     102.737E-12     10.1523E-12     148.800E-03
             174     354.843E-12     71.1533E-12    -462.473E-03
             175    -291.241E-12    -864.322E-12     520.948E-03
             176     261.497E-12    -380.608E-12     241.650E-03
             177    -127.004E-12    -4.13012E-12    -206.710E-03
             178     263.425E-12    -466.105E-12    -144.248E-03
             179     155.552E-12     31.1425E-12     181.805E-03
             180    -264.883E-12    -443.057E-12     99.9624E-03
             181    -196.634E-12    -494.514E-12    -248.479E-03
             182    -188.847E-12    -49.2231E-12    -559.881E-03
             183     237.146E-12    -319.068E-12    -616.843E-03
             184    -88.0216E-12    -592.510E-12     633.505E-03
             185     154.815E-12     5.06867E-12    -211.026E-03
             186    -125.852E-12     30.0199E-12     216.993E-03
             187     144.170E-12     40.0050E-12     614.602E-03
             188    -190.941E-12    -441.770E-12    -555.080E-03
             189     99.8974E-12    -500.119E-12     562.131E-03
             190    -153.104E-12    -817.309E-12     779.910E-03
             191    -407.558E-12    -449.546E-12    -758.685E-03
             192    -302.263E-12    -3.42434E-12    -676.436E-03
             193     239.085E-12     149.655E-12     302.632E-03
             194     130.905E-12     84.5897E-12     654.499E-03
             195    -111.245E-12     50.6801E-12     542.061E-03
             196     312.786E-12     126.076E-12    -132.915E-03
             197     572.274E-12    -924.134E-12     210.060E-03
             198    -323.401E-12     69.0801E-12    -495.038E-03
             199     212.228E-12    -896.506E-12     977.926E-03
             200    -183.996E-12     156.349E-12     349.609E-03
             201    -120.581E-12     142.632E-12     757.128E-03
             202     340.088E-12    -320.319E-12    -645.361E-03
             203     272.477E-12    -56.8940E-12    -664.536E-03
             204     648.523E-12    -826.860E-12    -174.201E-03
             205    -594.938E-12    -748.938E-12    -178.614E-03
             206    -468.640E-12    -866.896E-12     243.119E-03
             207     389.467E-12    -344.981E-15    -814.561E-03
             208    -139.388E-12     30.0936E-12     121.852E-03
             209     164.846E-12     28.0907E-12    -98.9400E-03
             210     251.366E-12    -354.000E-12     40.9606E-03
             211     234.039E-12    -27.1833E-12    -536.684E-03
             212    -119.842E-12     36.3703E-12     346.291E-03
             213    -261.127E-12    -543.422E-12    -185.217E-03
             214    -191.060E-12    -478.920E-12    -392.812E-03
             215     221.278E-12    -418.914E-12     370.024E-03
             216    -364.899E-12    -473.569E-12    -864.812E-03
             217     147.366E-12    -760.785E-12     819.941E-03
             218    -121.655E-12    -716.632E-12     693.243E-03
             219    -699.497E-12    -754.914E-12    -512.228E-03
             220     171.654E-12     134.168E-12     881.723E-03
             221    -281.713E-12    -66.1663E-12    -922.557E-03
             222    -126.257E-12     142.951E-12         1.05380
             223    -317.100E-12     33.1875E-12    -593.582E-03
             224     312.532E-12    -337.734E-12    -650.077E-03
             225     344.593E-12    -1.16660E-09         1.20327
             226     295.595E-12     144.163E-12     89.7075E-03
             227    -161.027E-12     155.213E-12     553.007E-03
             228    -150.522E-12    -26.5167E-12    -347.836E-03
             229    -207.639E-12    -514.605E-12     546.303E-03
             230     245.168E-12    -465.109E-12    -549.464E-03
             231     332.756E-12    -36.6428E-12    -696.763E-03
             232     158.746E-12     30.1623E-12     395.336E-03
             233     703.257E-12    -724.779E-12    -647.410E-03
             234     705.678E-12    -1.09247E-09     170.543E-03
             235    -364.386E-12     133.126E-12    -405.705E-03
             236     523.175E-12     60.5701E-12        -1.11789
             237    -538.115E-12    -806.784E-12     37.7756E-03
             238    -296.708E-12    -1.11337E-09         1.05241
             239    -177.725E-12    -25.8656E-12    -373.934E-03
             240     185.522E-12     37.0440E-12     286.461E-03
             241     320.650E-12    -530.315E-12    -191.416E-03
             242    -305.410E-12    -552.242E-12     122.708E-03
             243     293.600E-12    -508.596E-12     396.506E-03
             244    -257.504E-12    -586.968E-12    -398.277E-03
             245    -301.286E-12    -82.9303E-12        -1.15550
             246    -125.523E-12    -695.557E-12     903.538E-03
             247     338.948E-12    -412.719E-12        -1.03094
             248     167.556E-12     59.3391E-12     917.181E-03
             249     199.642E-12     9.65490E-12    -203.289E-03
             250    -145.475E-12     40.3210E-12     396.281E-03
             251    -273.340E-12    -1.24383E-09         1.68863
             252    -384.012E-12    -27.1806E-12        -1.16656
             253    -641.964E-12    -613.036E-12        -1.12598
             254    -128.351E-12     100.384E-12         1.13332
             255     400.175E-12    -58.5393E-12        -1.17669
             256     269.640E-12     192.960E-12     725.119E-03
             257    -231.842E-12    -542.822E-12    -632.463E-03
             258     499.044E-12    -426.433E-12        -1.02321
             259    -427.701E-12     100.003E-12    -866.690E-03
             260     224.473E-12    -1.08416E-09         1.52411
             261     235.797E-12    -616.163E-12     799.586E-03
             262    -169.937E-12     192.170E-12         1.09096
             263     784.766E-12    -1.04488E-09    -218.690E-03
             264     412.335E-12     136.559E-12    -349.556E-03
             265    -762.691E-12    -945.490E-12    -367.104E-03
             266     549.422E-12    -1.15668E-09     676.879E-03
             267    -277.616E-12     207.706E-12     389.051E-03
             268     472.230E-12    -13.8540E-12        -1.21351
             269    -548.623E-12    -1.14506E-09     572.168E-03
             270    -256.180E-12    -474.391E-12     288.951E-03
             271     270.236E-12    -480.916E-12    -349.314E-03
             272     325.286E-12    -494.850E-12     105.181E-03
             273    -291.291E-12    -584.347E-12    -154.235E-03
             274    -149.829E-12     16.2551E-12     24.9870E-03
             275     185.574E-12     29.1149E-12    -1.85719E-03
             276    -191.094E-12    -44.6781E-12    -545.234E-03
             277     183.489E-12     39.3528E-12     453.709E-03
             278    -241.359E-12    -572.120E-12    -515.809E-03
             279     286.637E-12    -604.742E-12     668.061E-03
             280     268.695E-12    -33.1338E-12    -649.373E-03
             281    -168.169E-12    -657.532E-12     905.309E-03
             282     323.017E-12    -500.053E-12    -953.764E-03
             283    -136.665E-12     49.9493E-12     567.289E-03
             284    -156.735E-12    -940.576E-12         1.19276
             285    -384.201E-12    -70.7356E-12        -1.47746
             286     344.415E-12    -394.311E-12    -927.061E-03
             287     160.135E-12     124.642E-12         1.56200
             288    -547.424E-12    -601.126E-12        -1.49534
             289    -125.600E-12     140.433E-12         1.31410
             290     216.046E-12     186.331E-12         1.25572
             291     383.364E-12     191.751E-12     166.174E-03
             292     250.155E-12    -1.18661E-09         2.00734
             293    -808.993E-12    -821.155E-12    -983.274E-03
             294    -415.687E-12     44.4887E-12        -1.02808
             295     788.381E-12    -670.149E-12        -1.40233
             296    -200.809E-12     208.282E-12     902.384E-03
             297     438.386E-12    -40.2986E-12        -1.24701
             298     719.214E-12    -1.24387E-09     493.225E-03
             299    -423.448E-12     201.251E-12    -309.680E-03
             300    -471.430E-12    -1.34434E-09         1.30763
             301     649.391E-12     78.3638E-12        -1.86408
             302    -683.151E-12    -1.00956E-09     23.8267E-03
             303    -274.756E-12    -584.604E-12     458.101E-03
             304     317.197E-12    -546.548E-12    -335.621E-03
             305    -240.275E-12    -619.010E-12     663.671E-03
             306     312.354E-12    -542.093E-12    -612.870E-03
             307    -237.361E-12    -64.8040E-12    -788.026E-03
             308     177.547E-12     47.6202E-12     734.669E-03
             309    -292.383E-12    -517.420E-12    -29.0756E-03
             310    -152.927E-12    -941.412E-12         1.51781
             311     432.822E-12    -468.324E-12        -1.54092
             312    -190.878E-12    -31.6274E-12    -345.114E-03
             313     215.474E-12     29.3714E-12     248.136E-03
             314     337.784E-12    -556.102E-12    -90.9883E-03
             315     316.473E-12    -501.760E-12     287.177E-03
             316    -305.331E-12    -652.157E-12    -371.303E-03
             317     290.435E-12    -49.2367E-12    -820.206E-03
             318    -132.778E-12     70.0249E-12     806.776E-03
             319     231.164E-12    -2.25788E-12    -305.286E-03
             320    -158.980E-12     35.2296E-12     427.881E-03
             321     213.650E-12    -751.191E-12         1.17625
             322    -388.245E-12    -97.1737E-12        -1.67491
             323     443.015E-12    -76.1103E-12        -1.57725
             324     166.625E-12     104.352E-12         1.61227
             325    -134.423E-12     150.344E-12         1.85198
             326    -526.394E-12    -23.9481E-12        -2.14898
             327     172.277E-12     145.477E-12         1.37860
             328     670.595E-12    -529.051E-12        -1.71602
             329     356.683E-12     264.877E-12         1.35064
             330    -821.242E-12    -784.887E-12        -1.87868
             331    -169.174E-12     225.492E-12         1.70197
             332    -505.093E-12     125.039E-12        -1.20701
             333     329.531E-12    -1.29701E-09         1.89608
             334     878.157E-12    -982.798E-12    -799.727E-03
             335     512.154E-12     207.510E-12    -216.316E-03
             336     736.998E-12    -1.45067E-09     988.119E-03
             337    -312.980E-12     275.741E-12         1.03801
             338    -899.846E-12    -1.08522E-09    -602.370E-03
             339     568.506E-12    -41.5825E-12        -2.01079
             340    -743.447E-12    -1.39752E-09     743.990E-03
             341    -263.889E-12    -80.9253E-12    -978.667E-03
             342     308.490E-12    -53.6612E-12    -907.435E-03
             343     195.126E-12     54.5348E-12     900.800E-03
             344    -140.477E-12     83.3869E-12         1.06790
             345    -251.598E-12    -697.735E-12     825.451E-03
             346     339.508E-12    -569.448E-12    -533.680E-03
             347     205.555E-12     35.4710E-12     314.147E-03
             348    -319.964E-12    -98.1339E-12        -1.32633
             349     185.098E-12     60.8639E-12         1.00602
             350    -216.431E-12    -682.410E-12     912.861E-03
             351     349.201E-12    -557.880E-12    -837.524E-03
             352     350.001E-12    -580.994E-12    -279.103E-03
             353    -284.544E-12    -635.991E-12    -541.613E-03
             354    -300.367E-12    -559.320E-12     12.2436E-03
             355    -502.317E-12    -77.2218E-12        -2.28297
             356     169.600E-12     173.798E-12         2.29756
             357     364.676E-12    -69.7426E-12        -1.14917
             358    -137.506E-12     113.923E-12         1.42374
             359     353.530E-12    -567.000E-12     83.8824E-03
             360    -327.263E-12    -680.932E-12    -306.324E-03
             361    -197.274E-12    -789.671E-12         1.23584
             362     396.485E-12    -526.708E-12        -1.39603
             363     217.993E-12     20.5068E-12     24.7090E-03
             364    -171.886E-12     2.12342E-12     60.3826E-03
             365     241.697E-12    -17.2611E-12    -455.710E-03
             366    -152.299E-12     46.9122E-12     589.657E-03
             367    -181.593E-12    -1.12711E-09         1.87869
             368     278.268E-12    -686.761E-12     946.270E-03
             369     613.704E-12    -502.672E-12        -1.88268
             370     183.196E-12    -883.926E-12         1.32506
             371    -740.003E-12    -719.493E-12        -2.22762
             372    -136.829E-12     192.170E-12         2.09738
             373     292.953E-12    -1.41587E-09         2.65415
             374     266.438E-12     272.783E-12         2.32535
             375    -556.790E-12     51.9276E-12        -1.95892
             376     447.394E-12     247.889E-12     523.856E-03
             377     945.913E-12    -744.424E-12        -2.55270
             378     630.168E-12    -67.8209E-12        -2.74672
             379    -961.983E-12    -951.028E-12        -1.59381
             380    -233.797E-12     265.138E-12         1.50834
             381    -557.529E-12     217.523E-12    -965.476E-03
             382     908.430E-12    -1.31834E-09    -4.84171E-03
             383     695.138E-12    -1.72197E-09         2.13210
             384    -421.103E-12    -1.52072E-09         2.15941
             385     724.204E-12     28.3681E-12        -2.70242
             386     712.580E-12     150.369E-12        -1.77613
             387    -843.719E-12    -1.25819E-09     42.2846E-03
             388    -658.889E-12    -1.58181E-09         1.57249
             389     334.739E-12    -578.518E-12     393.070E-03
             390    -327.483E-12    -697.809E-12    -643.716E-03
             391    -211.529E-12    -53.7748E-12    -562.885E-03
             392     208.187E-12     39.1363E-12     496.458E-03
             393     268.571E-12    -27.3860E-12    -548.855E-03
             394    -157.084E-12     51.2536E-12     779.778E-03
             395    -401.008E-12    -642.478E-12        -1.43356
             396     204.231E-12    -957.421E-12         1.73929
             397    -227.437E-12    -784.725E-12         1.15343
             398     383.766E-12    -556.681E-12        -1.18059
             399    -231.076E-12    -64.9581E-12    -743.239E-03
             400     198.311E-12     40.8902E-12     472.534E-03
             401     290.727E-12    -42.9579E-12    -736.652E-03
             402    -149.492E-12     70.0081E-12         1.01400
             403     426.753E-12    -84.0847E-12        -1.58742
             404    -138.158E-12     123.300E-12         1.70291
             405    -328.380E-12    -634.298E-12    -68.5887E-03
             406    -340.234E-12    -716.617E-12    -561.381E-03
             407    -326.612E-12    -112.117E-12        -1.42840
             408     181.949E-12     84.9007E-12         1.45232
             409     357.981E-12    -596.275E-12    -465.853E-03
             410    -161.159E-12    -1.08185E-09         2.05606
             411     513.723E-12    -497.750E-12        -2.09265
             412     370.402E-12    -611.883E-12    -83.0957E-03
             413     311.263E-12    -583.380E-12     543.617E-03
             414     246.634E-12    -814.425E-12         1.37638
             415    -317.580E-12    -623.553E-12        -1.00756
             416    -281.711E-12    -621.985E-12    -658.921E-03
             417    -309.196E-12    -653.634E-12     371.945E-03
             418     347.855E-12    -566.267E-12     242.032E-03
             419     207.826E-12     20.1257E-12    -88.9253E-03
             420    -162.264E-12     20.0711E-12     162.633E-03
             421    -193.057E-12    -34.6940E-12    -263.320E-03
             422     229.836E-12     18.5595E-12     273.287E-03
             423    -520.625E-12    -635.198E-12        -1.77788
             424     212.373E-12    -1.10772E-09         1.96769
             425     674.445E-12    -23.6649E-12        -2.72965
             426    -474.463E-12    -112.794E-12        -2.35060
             427     164.102E-12     151.094E-12         2.29252
             428     550.920E-12    -79.0289E-12        -2.23729
             429    -896.098E-12    -1.59454E-09     841.525E-03
             430     825.924E-12     88.1390E-12        -3.21678
             431    -577.868E-12    -1.75384E-09         2.59533
             432    -650.883E-12    -43.1328E-12        -3.34869
             433     192.405E-12     214.128E-12         2.33009
             434    -254.048E-12    -1.38655E-09         2.43781
             435     853.175E-12    -628.831E-12        -2.68096
             436     445.220E-12     337.573E-12         1.90836
             437    -982.685E-12    -902.105E-12        -2.64061
             438    -192.565E-12     313.779E-12         2.99593
             439    -621.491E-12     136.974E-12        -2.00785
             440     408.898E-12    -1.66556E-09         3.20656
             441     1.01180E-09    -1.20545E-09    -846.580E-03
             442     634.328E-12     239.931E-12    -568.547E-03
             443    -419.620E-12     350.774E-12         1.30594
             444     812.738E-12    -1.66321E-09         1.46499
             445    -1.09822E-09    -1.27979E-09        -1.08607
             446     232.569E-12     9.30762E-12    -66.1921E-03
             447    -172.262E-12     8.62728E-12     238.433E-03
             448    -330.530E-12    -669.102E-12     174.612E-03
             449     318.628E-12    -657.848E-12     711.157E-03
             450    -320.552E-12    -680.141E-12    -759.709E-03
             451    -353.571E-12    -723.299E-12    -927.665E-03
             452     248.504E-12    -8.12763E-12    -269.413E-03
             453    -164.996E-12     28.5731E-12     501.795E-03
             454    -249.875E-12    -85.3625E-12    -845.259E-03
             455     210.153E-12     42.9058E-12     673.632E-03
             456     307.578E-12    -51.2790E-12    -797.317E-03
             457    -152.209E-12     61.3125E-12         1.05823
             458    -344.892E-12    -710.345E-12    -263.227E-03
             459    -261.282E-12    -86.9271E-12    -952.222E-03
             460     362.633E-12    -588.013E-12    -748.435E-03
             461     195.371E-12     66.1082E-12         1.20021
             462    -267.981E-12    -746.000E-12     855.733E-03
             463     366.312E-12    -612.254E-12     97.9012E-03
             464    -406.092E-12    -683.253E-12        -1.55323
             465     228.875E-12    -962.095E-12         1.88612
             466     366.395E-12    -609.541E-12    -253.702E-03
             467    -493.849E-12    -674.941E-12        -1.98348
             468    -351.563E-12    -705.204E-12        -1.03481
             469     345.080E-12    -635.534E-12     495.307E-03
             470     293.060E-12    -779.328E-12         1.17570
             471     237.003E-12     8.11856E-12     44.3309E-03
             472    -184.311E-12    -18.8736E-12    -32.2643E-03
             473     227.569E-12    -1.27865E-09         2.95700
             474    -219.766E-12    -64.4560E-12    -540.744E-03
             475     220.809E-12     30.7230E-12     447.044E-03
             476    -661.160E-12    -706.444E-12        -2.51076
             477     366.593E-12    -76.6170E-12        -1.25970
             478    -183.988E-12    -900.965E-12         1.60349
             479     239.604E-12    -1.29616E-09         2.71398
             480     415.206E-12    -547.593E-12        -1.47070
             481    -148.824E-12     77.0781E-12         1.22726
             482     174.377E-12     109.296E-12         1.82614
             483    -607.160E-12    -93.1757E-12        -3.28551
             484     166.043E-12     222.516E-12         3.13708
             485     833.004E-12    -9.91846E-12        -4.09892
             486    -822.740E-12    -1.76497E-09         1.74841
             487     492.922E-12    -84.0902E-12        -1.94124
             488    -179.990E-12    -1.26462E-09         2.52093
             489    -134.971E-12     159.409E-12         2.16484
             490     675.425E-12    -522.938E-12        -2.71693
             491    -910.251E-12    -833.701E-12        -3.12117
             492     312.779E-12    -1.59332E-09         3.56854
             493    -365.275E-12    -1.65447E-09         3.10843
             494     674.625E-12    -91.8050E-12        -3.32702
             495     841.451E-12     203.294E-12        -2.38144
             496     594.855E-12    -1.79597E-09         2.90638
             497    -138.574E-12     239.560E-12         2.96582
             498     229.283E-12     322.380E-12         3.74459
             499    -1.00192E-09    -1.45713E-09     6.30868E-03
             500    -691.832E-12     17.0926E-12        -3.36541
             501    -225.073E-12     408.843E-12         4.25098
             502     1.09248E-09    -780.198E-12        -3.70021
             503     350.186E-12     364.435E-12         3.14337
             504     553.055E-12     302.466E-12     686.943E-03
             505    -743.635E-12     77.3613E-12        -3.49966
             506    -1.08207E-09    -1.03782E-09        -2.39985
             507    -341.623E-12     407.298E-12         2.85407
             508     1.20186E-09    -929.606E-12        -3.63231
             509    -646.716E-12     233.989E-12        -1.52474
             510    -521.986E-12     359.890E-12     663.808E-03
             511     817.471E-12    -1.95616E-09         2.69450
             512     938.296E-12    -1.62065E-09     823.339E-03
             513     398.590E-12    -570.080E-12        -1.23604
             514     247.257E-12    -3.52118E-12    -61.1413E-03
             515    -177.721E-12    -8.98862E-12     171.461E-03
             516    -168.271E-12     15.6235E-12     434.721E-03
             517     264.429E-12    -22.0623E-12    -345.595E-03
             518    -347.082E-12    -730.695E-12    -489.230E-03
             519     273.301E-12    -28.7452E-12    -472.393E-03
             520    -160.265E-12     38.1281E-12     718.439E-03
             521     232.025E-12     16.5812E-12     365.811E-03
             522    -206.521E-12    -57.5299E-12    -306.511E-03
             523     362.174E-12    -623.652E-12     292.421E-03
             524    -453.193E-12    -136.570E-12        -2.34654
             525     380.821E-12    -613.653E-12    -680.255E-03
             526     165.506E-12     138.497E-12         2.33148
             527    -336.936E-12    -688.150E-12    -38.4605E-03
             528     322.100E-12    -721.294E-12     879.221E-03
             529    -313.520E-12    -710.099E-12     440.157E-03
             530    -377.692E-12    -733.658E-12        -1.21126
             531     380.868E-12    -642.471E-12    -96.5028E-03
             532     221.676E-12    -1.12218E-09         2.48182
             533    -482.633E-12    -705.409E-12        -2.07193
             534    -384.158E-12    -721.865E-12        -1.34464
             535     264.788E-12    -866.266E-12         1.55680
             536    -245.476E-12    -798.671E-12         1.10683
             537    -246.734E-12    -93.1742E-12    -809.045E-03
             538     214.804E-12     39.5308E-12     742.872E-03
             539    -614.703E-12    -713.652E-12        -2.68399
             540    -282.451E-12    -111.566E-12        -1.12090
             541     334.250E-12    -66.1026E-12        -1.00575
             542    -373.878E-12    -130.519E-12        -1.79486
             543     205.005E-12     52.8481E-12     978.830E-03
             544     176.813E-12     106.149E-12         1.90516
             545    -146.215E-12     75.3284E-12         1.33190
             546     748.712E-12    -548.969E-12        -2.77395
             547     493.176E-12    -103.102E-12        -2.11506
             548    -157.755E-12    -1.17913E-09         2.49542
             549     531.688E-12    -515.182E-12        -2.31662
             550    -819.200E-12    -776.164E-12        -3.39693
             551     574.665E-12    -95.9294E-12        -2.58784
             552     740.806E-12    -46.0330E-12        -3.47461
             553     927.778E-12     36.6989E-12        -4.69674
             554     379.485E-12    -1.79667E-09         4.12190
             555    -500.496E-12    -1.92447E-09         3.81602
             556    -565.063E-12    -131.936E-12        -3.16844
             557     157.748E-12     192.174E-12         3.00509
             558    -131.854E-12     197.037E-12         2.65167
             559     931.605E-12     143.123E-12        -3.78412
             560    -167.862E-12     347.676E-12         4.08532
             561     986.332E-12    -666.173E-12        -3.80188
             562    -746.694E-12    -1.96205E-09         2.90553
             563     527.974E-12     415.120E-12         2.54121
             564    -1.01445E-09    -1.74215E-09     926.319E-03
             565    -724.784E-12     191.703E-12        -2.53777
             566     1.22985E-09    -1.19446E-09        -2.33141
             567    -420.935E-12     416.534E-12         2.26068
             568     920.190E-12    -1.86953E-09         1.84369
             569     730.559E-12    -2.05345E-09         3.57826
             570     190.576E-12     267.076E-12         3.37995
             571     273.890E-12     396.356E-12         4.45078
             572    -226.886E-12    -1.49460E-09         3.21425
             573    -849.931E-12     32.7218E-12        -4.97545
             574    -304.883E-12     479.214E-12         4.54736
             575     1.29498E-09    -911.361E-12        -4.65343
             576     1.26316E-09    -1.80277E-09    -86.7295E-03
             577     763.432E-12     280.736E-12    -938.743E-03
             578    -1.25481E-09    -1.27692E-09        -2.34556
             579    -1.27406E-09    -1.63568E-09    -811.700E-03
             580    -328.717E-12    -713.628E-12     232.752E-03
             581     258.807E-12    -15.9850E-12    -232.833E-03
             582    -172.151E-12     375.253E-15     374.452E-03
             583     241.571E-12     3.67389E-12     157.192E-03
             584    -191.982E-12    -41.0329E-12    -87.1177E-03
             585    -206.239E-12    -872.433E-12         1.47958
             586     226.902E-12     23.3660E-12     499.119E-03
             587    -223.948E-12    -80.6858E-12    -542.942E-03
             588    -347.008E-12    -735.320E-12    -245.552E-03
             589    -397.167E-12    -738.617E-12        -1.43702
             590     295.634E-12    -832.290E-12         1.34135
             591     378.957E-12    -655.441E-12     116.046E-03
             592     286.479E-12    -41.1384E-12    -531.412E-03
             593    -163.561E-12     24.5151E-12     644.742E-03
             594     380.974E-12    -626.281E-12    -447.409E-03
             595    -290.341E-12    -107.025E-12        -1.17144
             596     299.078E-12    -48.5305E-12    -667.297E-03
             597     397.692E-12    -600.878E-12        -1.04047
             598     194.811E-12     71.2220E-12         1.41369
             599    -272.348E-12    -772.964E-12     871.224E-03
             600    -154.662E-12     48.4196E-12     975.199E-03
             601     783.657E-12    -527.612E-12        -3.75185
             602     243.736E-12    -987.983E-12         2.03197
             603    -458.905E-12    -726.997E-12        -2.01815
             604     404.816E-12    -97.3223E-12        -1.53364
             605    -139.210E-12     98.5995E-12         1.67801
             606     588.832E-12    -503.387E-12        -2.47305
             607    -570.843E-12    -724.872E-12        -2.73788
             608    -280.159E-12    -121.100E-12        -1.10131
             609     218.934E-12    -1.28978E-09         3.31123
             610     211.701E-12     42.7679E-12     977.759E-03
             611    -358.554E-12    -739.981E-12    -849.360E-03
             612    -524.524E-12    -159.789E-12        -3.02732
             613     154.957E-12     174.392E-12         2.94633
             614    -732.856E-12    -750.809E-12        -3.52552
             615     351.968E-12    -696.070E-12     597.609E-03
             616     446.187E-12    -559.418E-12        -1.69255
             617     230.504E-12    -1.45232E-09         3.80483
             618    -707.794E-12    -119.459E-12        -4.42688
             619     154.438E-12     265.226E-12         3.99636
             620     578.244E-12    -110.855E-12        -2.73701
             621    -428.592E-12    -154.288E-12        -2.27589
             622    -128.976E-12     166.216E-12         2.47415
             623     167.926E-12     129.797E-12         2.32279
             624     1.00642E-09     89.1477E-12        -5.15420
             625    -657.983E-12    -2.16743E-09         4.43308
             626     1.23880E-09    -805.894E-12        -5.02363
             627    -151.976E-12    -1.17699E-09         2.64517
             628     355.140E-12    -1.89150E-09         4.96171
             629    -1.00214E-09    -1.92872E-09         1.72255
             630     521.046E-12    -1.89920E-09         3.79521
             631     412.827E-12     447.831E-12         4.00295
             632    -814.054E-12     136.526E-12        -3.84519
             633    -184.256E-12     418.414E-12         5.07497
             634    -167.608E-12    -1.33561E-09         3.01963
             635     1.35549E-09    -1.11862E-09        -3.80225
             636    -506.706E-12     432.572E-12         1.77720
             637     1.02727E-09    -1.78931E-09         1.05167
             638    -1.14272E-09    -1.03552E-09        -3.28761
             639    -1.11544E-09    -948.849E-12        -4.24982
             640     189.001E-12     365.191E-12         4.97895
             641    -303.494E-12    -1.76644E-09         4.09500
             642    -812.981E-12    -15.5936E-12        -4.87535
             643    -656.492E-12     292.528E-12        -1.08555
             644     1.32748E-09    -1.59354E-09        -1.32609
             645    -357.244E-12     474.103E-12         3.87999
             646    -136.221E-12     297.827E-12         3.92331
             647    -1.40812E-09    -1.56596E-09        -2.05075
             648     955.001E-12     247.308E-12        -2.95465
             649     675.676E-12     377.160E-12     884.820E-03
             650    -1.13919E-09    -1.72886E-09     293.562E-03
             651    -224.222E-12    -863.088E-12         1.38275
             652     236.888E-12     7.33475E-12     329.418E-03
             653    -210.093E-12    -78.7203E-12    -330.586E-03
             654     248.534E-12    -6.16090E-12     12.6953E-03
             655    -172.176E-12    -1.00590E-09         1.98895
             656    -182.761E-12    -27.8353E-12     121.447E-03
             657     340.432E-12    -73.6214E-12        -1.01589
             658    -144.443E-12     62.7118E-12         1.31836
             659     277.051E-12    -33.6429E-12    -398.588E-03
             660    -165.120E-12     9.62438E-12     579.233E-03
             661     221.669E-12     29.6490E-12     671.644E-03
             662    -249.055E-12    -106.392E-12    -800.407E-03
             663     421.233E-12    -585.140E-12        -1.35684
             664    -342.432E-12    -729.858E-12    -945.840E-06
             665    -316.788E-12    -147.671E-12        -1.43769
             666     203.223E-12     56.3977E-12         1.18934
             667     389.600E-12    -665.932E-12    -131.843E-03
             668     273.158E-12    -910.655E-12         1.70083
             669    -416.778E-12    -732.950E-12        -1.64222
             670    -356.160E-12    -139.979E-12        -1.71084
             671     470.048E-12    -542.801E-12        -1.92355
             672     185.692E-12     87.9268E-12         1.69740
             673     398.940E-12    -633.724E-12    -722.709E-03
             674    -379.118E-12    -745.641E-12        -1.17228
             675    -353.683E-12    -746.599E-12    -461.970E-03
             676     320.037E-12    -66.2165E-12    -809.599E-03
             677     320.201E-12    -781.696E-12         1.05038
             678    -156.702E-12     33.9077E-12     868.294E-03
             679     367.446E-12    -665.888E-12     339.603E-03
             680     635.525E-12    -512.120E-12        -2.97586
             681    -541.151E-12    -734.139E-12        -2.70012
             682     228.923E-12    -1.12896E-09         2.60958
             683    -237.323E-12    -861.982E-12         1.28361
             684    -152.772E-12    -1.23202E-09         2.80133
             685    -647.197E-12    -156.210E-12        -4.07741
             686     145.879E-12     231.410E-12         3.72832
             687    -674.528E-12    -744.447E-12        -3.53585
             688     215.249E-12    -1.50740E-09         4.32162
             689    -490.091E-12    -180.223E-12        -2.85472
             690     155.509E-12     157.286E-12         2.84819
             691     484.688E-12    -115.012E-12        -2.13551
             692     298.367E-12    -1.70657E-09         4.33512
             693    -130.556E-12     128.044E-12         2.11527
             694     480.605E-12    -2.03220E-09         4.84211
             695     1.43396E-09    -1.01363E-09        -5.26563
             696     635.030E-12    -2.29417E-09         5.46796
             697    -959.495E-12    -834.627E-12        -4.39430
             698     792.867E-12    -76.8057E-12        -4.32051
             699     684.795E-12    -117.934E-12        -3.67750
             700     214.744E-12     427.177E-12         5.68081
             701    -146.532E-12     363.000E-12         4.78973
             702    -924.223E-12    -2.12364E-09         2.97940
             703    -913.167E-12     89.8509E-12        -5.31105
             704    -251.049E-12     494.874E-12         5.55927
             705    -685.811E-12     451.981E-12     434.572E-03
             706    -410.560E-12    -2.04598E-09         5.06195
             707    -810.611E-12     267.480E-12        -2.74529
             708     1.45958E-09    -1.95206E-09    -622.084E-03
             709    -473.757E-12     522.922E-12         3.48823
             710     1.18527E-09    -2.05433E-09         1.38681
             711     1.02575E-09    -594.085E-12        -5.03930
             712     960.140E-12    -2.18288E-09         3.12258
             713     1.42831E-09    -1.45316E-09        -2.65523
             714    -121.241E-12     281.240E-12         4.07435
             715     167.458E-12     310.958E-12         4.43355
             716     320.574E-12     483.342E-12         5.49435
             717     1.05342E-09     192.141E-12        -4.62735
             718    -1.38463E-09    -1.26791E-09        -3.88794
             719     574.043E-12     500.567E-12         3.50167
             720    -1.23141E-09    -2.05856E-09         1.24682
             721    -189.871E-12    -1.55985E-09         3.85191
             722    -1.31488E-09    -1.10885E-09        -4.75396
             723    -1.65474E-09    -1.89456E-09        -2.25807
             724    -332.033E-12    -755.198E-12     128.878E-03
             725     496.054E-12    -550.908E-12        -2.13397
             726     249.692E-12    -12.1756E-12     124.070E-03
             727    -196.782E-12    -61.9642E-12    -121.070E-03
             728     272.008E-12    -34.4975E-12    -258.401E-03
             729    -173.851E-12    -16.9863E-12     327.323E-03
             730     230.845E-12     13.9171E-12     504.739E-03
             731    -227.913E-12    -98.4471E-12    -551.076E-03
             732    -170.382E-12    -1.03560E-09         2.15295
             733    -401.830E-12    -745.965E-12        -1.46815
             734     294.915E-12    -872.909E-12         1.46793
             735    -277.300E-12    -133.728E-12        -1.08677
             736     206.745E-12     42.0862E-12         1.14528
             737     190.530E-12     74.5639E-12         1.58990
             738     298.855E-12    -52.8769E-12    -599.486E-03
             739    -158.278E-12     18.7355E-12     778.431E-03
             740     538.729E-12    -526.164E-12        -2.45960
             741     381.290E-12    -680.686E-12     127.162E-03
             742     392.138E-12    -647.682E-12    -411.013E-03
             743    -348.777E-12    -754.970E-12    -250.652E-03
             744    -402.687E-12    -166.432E-12        -2.13507
             745     412.805E-12    -615.662E-12        -1.05625
             746     171.136E-12     115.527E-12         2.21605
             747    -469.254E-12    -741.115E-12        -2.16248
             748     251.169E-12    -1.00901E-09         2.14306
             749    -212.873E-12    -920.444E-12         1.57422
             750     340.628E-12    -81.3880E-12    -985.165E-03
             751    -149.181E-12     40.2340E-12         1.08138
             752     440.201E-12    -115.090E-12        -1.82317
             753     680.628E-12    -512.245E-12        -3.45463
             754    -133.426E-12     91.3310E-12         1.75518
             755    -358.633E-12    -754.231E-12    -682.776E-03
             756    -598.766E-12    -186.058E-12        -3.79872
             757     140.707E-12     213.047E-12         3.66044
             758    -614.690E-12    -737.953E-12        -3.38284
             759     217.243E-12    -1.27216E-09         3.34728
             760    -367.822E-12    -173.499E-12        -1.89106
             761     247.879E-12    -1.62321E-09         4.44383
             762    -856.737E-12    -785.878E-12        -4.44569
             763    -792.088E-12    -152.300E-12        -5.55088
             764     775.784E-12    -511.689E-12        -4.10192
             765     139.553E-12     347.353E-12         5.39288
             766    -134.061E-12    -1.30454E-09         3.28493
             767     1.67107E-09    -1.99713E-09        -1.81443
             768    -276.790E-12     579.707E-12         6.87413
             769    -978.806E-12     43.6289E-12        -6.48114
             770     320.616E-12    -1.92300E-09         5.46471
             771     239.616E-12     499.697E-12         6.62543
             772     564.116E-12    -125.098E-12        -2.75446
             773    -526.575E-12    -2.41487E-09         6.69181
             774     1.09503E-09     119.369E-12        -5.96890
             775    -122.607E-12     164.785E-12         2.65599
             776    -150.686E-12    -1.54456E-09         4.13922
             777    -151.653E-12     420.687E-12         5.69315
             778    -768.687E-12    -2.60453E-09         6.59635
             779    -1.14150E-09    -2.50957E-09         4.06405
             780    -877.566E-12     188.712E-12        -4.13171
             781     469.343E-12     526.585E-12         4.82634
             782     1.14050E-09    -2.34811E-09         3.04453
             783     823.154E-12    -107.596E-12        -4.94540
             784    -780.420E-12     372.759E-12        -1.38885
             785     146.489E-12     403.590E-12         6.14916
             786     848.695E-12    -2.33907E-09         4.54330
             787    -361.186E-12     548.506E-12         5.19722
             788     1.46012E-09    -1.75275E-09        -1.52451
             789    -950.343E-12    -26.1957E-12        -6.61873
             790    -1.56867E-09    -1.58357E-09        -3.36701
             791    -122.487E-12     325.539E-12         4.69616
             792    -229.501E-12    -1.86198E-09         5.17837
             793    -1.24381E-09    -988.352E-12        -5.70508
             794    -1.40996E-09    -1.92883E-09    -359.462E-03
             795     331.738E-12    -82.9497E-12    -871.799E-03
             796    -152.042E-12     26.0580E-12     940.725E-03
             797     241.711E-12    -5.31399E-12     308.545E-03
             798    -211.799E-12    -98.1795E-12    -347.094E-03
             799     258.745E-12    -20.2903E-12    -66.3862E-03
             800    -184.599E-12    -48.2319E-12     85.6011E-03
             801     288.028E-12    -48.4012E-12    -451.531E-03
             802    -165.614E-12    -6.23428E-12     534.324E-03
             803    -248.242E-12    -122.110E-12    -792.215E-03
             804     215.312E-12     27.0426E-12     929.177E-03
             805     550.720E-12    -532.236E-12        -2.63153
             806     370.935E-12    -101.071E-12        -1.24132
             807    -337.976E-12    -763.875E-12    -32.4001E-03
             808    -135.104E-12     57.6938E-12         1.46665
             809    -296.853E-12    -789.283E-12     611.184E-03
             810     273.907E-12    -937.663E-12         1.79937
             811    -429.402E-12    -743.394E-12        -1.78109
             812    -245.292E-12    -861.940E-12         1.18091
             813     433.338E-12    -597.381E-12        -1.39671
             814    -384.304E-12    -755.492E-12        -1.19776
             815    -312.556E-12    -161.799E-12        -1.41795
             816     409.621E-12    -644.242E-12    -763.963E-03
             817     196.236E-12     61.0084E-12         1.43995
             818     312.951E-12    -826.542E-12         1.20403
             819    -454.245E-12    -195.866E-12        -2.63890
             820     158.404E-12     138.200E-12         2.66650
             821     610.620E-12    -515.531E-12        -2.99458
             822    -352.915E-12    -760.319E-12    -450.886E-03
             823    -518.751E-12    -737.888E-12        -2.66534
             824     232.629E-12    -1.13136E-09         2.68744
             825     368.254E-12    -707.277E-12     416.138E-03
             826    -681.768E-12    -737.433E-12        -4.04455
             827     203.585E-12    -1.42952E-09         4.15357
             828    -120.603E-12    -1.50240E-09         4.20538
             829     340.410E-12    -753.321E-12     815.391E-03
             830    -420.255E-12    -207.889E-12        -2.39865
             831    -554.225E-12    -209.630E-12        -3.53062
             832    -153.794E-12    -1.09618E-09         2.45343
             833     138.762E-12     191.999E-12         3.49550
             834     207.602E-12    -1.67558E-09         5.31848
             835    -780.903E-12    -757.918E-12        -4.51565
             836     455.974E-12    -569.018E-12        -1.74648
             837    -721.733E-12    -184.069E-12        -4.97978
             838     134.795E-12     264.397E-12         4.34637
             839     179.296E-12     94.4801E-12         1.95256
             840     281.670E-12    -1.79167E-09         5.06339
             841     529.465E-12    -150.020E-12        -2.60270
             842    -123.886E-12     122.237E-12         2.21800
             843    -1.75518E-09    -1.64349E-09        -4.90309
             844    -123.309E-12     216.653E-12         3.18503
             845    -481.441E-12    -2.85392E-09         10.1361
             846    -1.09083E-09    -880.810E-12        -5.50552
             847    -803.946E-12     439.523E-12    -859.486E-03
             848     1.45394E-09    -848.536E-12        -6.77646
             849    -502.448E-12     622.584E-12         4.89348
             850     106.475E-12     436.705E-12         7.18758
             851    -902.657E-12    -113.205E-12        -6.60197
             852    -320.551E-12    -2.07138E-09         5.78585
             853     885.552E-12     316.957E-12        -1.52299
             854     717.663E-12    -141.734E-12        -4.17980
             855     1.04080E-09    -2.88666E-12        -6.54539
             856    -975.878E-12    -2.70564E-09         6.13745
             857     757.875E-12    -499.312E-12        -4.19041
             858     1.28198E-09    -680.893E-12        -6.58953
             859     985.368E-12    -93.5508E-12        -6.76762
             860    -151.588E-12    -1.77261E-09         5.28035
             861     561.035E-12     582.128E-12         4.91659
             862    -1.41051E-09    -2.36852E-09         1.84839
             863    -1.42821E-09    -1.14256E-09        -5.90842
             864     712.822E-12    -2.61052E-09         7.05352
             865     327.967E-12    -797.289E-12     998.689E-03
             866     255.006E-12    -27.2206E-12     95.0219E-03
             867    -322.673E-12    -776.448E-12     200.707E-03
             868    -197.393E-12    -83.1375E-12    -146.536E-03
             869     305.389E-12    -66.2179E-12    -606.344E-03
             870    -154.255E-12    -9.43659E-12     726.048E-03
             871     223.830E-12     13.5249E-12     724.580E-03
             872    -227.241E-12    -116.542E-12    -553.230E-03
             873     276.491E-12    -45.1393E-12    -250.505E-03
             874    -174.279E-12    -35.5416E-12     292.880E-03
             875    -113.613E-12     207.046E-12         3.31331
             876    -405.323E-12    -752.797E-12        -1.50338
             877    -351.698E-12    -189.785E-12        -1.79523
             878     289.957E-12    -898.802E-12         1.55326
             879    -218.665E-12    -913.100E-12         1.46990
             880    -266.898E-12    -837.015E-12     877.110E-03
             881    -462.489E-12    -743.962E-12        -2.17047
             882     254.202E-12    -1.02173E-09         2.19940
             883    -273.998E-12    -147.721E-12        -1.05793
             884     400.940E-12    -664.583E-12    -453.125E-03
             885     201.394E-12     39.2593E-12         1.26745
             886     381.784E-12    -702.840E-12     117.832E-03
             887    -342.501E-12    -768.217E-12    -220.974E-03
             888     503.339E-12    -556.510E-12        -2.20124
             889     351.950E-12    -746.870E-12     665.394E-03
             890     423.342E-12    -624.078E-12        -1.09389
             891     621.085E-12    -515.425E-12        -3.20814
             892     162.793E-12     115.902E-12         2.42625
             893    -511.594E-12    -227.536E-12        -3.22731
             894     349.377E-12    -100.197E-12        -1.02940
             895     140.444E-12     166.001E-12         3.22391
             896     692.283E-12    -503.661E-12        -3.74242
             897    -141.994E-12     36.3421E-12         1.19523
             898     181.785E-12     78.3073E-12         1.82830
             899     427.877E-12    -130.259E-12        -1.73686
             900    -670.096E-12    -214.830E-12        -4.63190
             901     120.543E-12     264.932E-12         4.59156
             902    -360.771E-12    -763.811E-12    -680.509E-03
             903    -576.723E-12    -734.365E-12        -3.23325
             904     215.065E-12    -1.23912E-09         3.27032
             905    -125.792E-12     83.2367E-12         1.83316
             906    -468.543E-12    -241.220E-12        -2.90303
             907     190.961E-12    -1.58564E-09         5.03547
             908    -806.971E-12    -745.543E-12        -5.11307
             909    -113.719E-12     156.681E-12         2.75070
             910     230.115E-12    -1.81763E-09         5.85505
             911    -116.963E-12    -1.32312E-09         3.50220
             912     330.434E-12    -2.07958E-09         6.40354
             913     422.407E-12    -2.16593E-09         6.12534
             914    -1.07392E-09    -839.571E-12        -6.25905
             915     886.094E-12    -500.571E-12        -5.06912
             916    -113.684E-12     268.741E-12         4.08183
             917    -843.331E-12    -190.537E-12        -6.35616
             918     111.801E-12     371.665E-12         6.13727
             919     816.771E-12    -138.096E-12        -5.18359
             920    -109.911E-12    -1.68986E-09         5.19968
             921     1.54291E-09    -1.33687E-09        -4.18313
             922     576.894E-12    -157.442E-12        -3.02155
             923    -607.168E-12     516.420E-12         2.07564
             924     1.05449E-09     273.875E-12        -3.70234
             925     1.61915E-09    -1.18554E-09        -5.85842
             926     160.946E-12     462.942E-12         6.92445
             927     1.58973E-09    -1.70441E-09        -2.64738
             928    -1.29988E-09    -2.82492E-09         5.12062
             929    -1.05134E-09    -122.990E-12        -8.62079
             930    -398.533E-12     649.129E-12         6.65099
             931    -1.75923E-09    -1.38340E-09        -7.51311
             932     1.37229E-09    -623.370E-12        -8.10819
             933     1.12029E-09    -52.7475E-12        -8.21093
             934     721.307E-12     494.382E-12         2.22538
             935     554.559E-12    -2.55999E-09         7.80271
             936    -125.662E-12     396.342E-12         5.76737
             937    -214.450E-12    -2.14019E-09         6.96391
             938    -1.35691E-09    -1.00437E-09        -7.12525
             939     895.664E-12    -2.62463E-09         5.99892
             940     234.006E-12    -11.1448E-12     504.123E-03
             941    -210.901E-12    -118.225E-12    -365.496E-03
             942     270.008E-12    -50.6094E-12    -112.380E-03
             943    -184.769E-12    -68.9683E-12     56.7958E-03
             944     464.329E-12    -576.815E-12        -1.78092
             945     368.407E-12    -726.489E-12     370.611E-03
             946    -431.533E-12    -748.696E-12        -1.82328
             947    -246.334E-12    -137.814E-12    -773.439E-03
             948     209.763E-12     22.0778E-12         1.04137
             949     305.688E-12    -857.890E-12         1.31390
             950     144.824E-12     138.578E-12         2.89938
             951    -284.821E-12    -813.519E-12     650.421E-03
             952     332.400E-12    -97.8096E-12    -848.268E-03
             953     443.226E-12    -603.253E-12        -1.43542
             954    -149.044E-12     18.3490E-12     959.965E-03
             955    -328.242E-12    -777.352E-12     22.4070E-03
             956    -104.066E-12     255.680E-12         4.11623
             957     392.114E-12    -123.936E-12        -1.41854
             958    -391.428E-12    -220.475E-12        -2.19409
             959     166.785E-12     94.7997E-12         2.20227
             960     335.841E-12    -786.728E-12     871.177E-03
             961    -126.234E-12     47.5374E-12         1.53030
             962     291.339E-12    -64.8803E-12    -408.332E-03
             963    -163.971E-12    -23.0970E-12     505.631E-03
             964    -244.078E-12    -868.276E-12         1.12207
             965     391.522E-12    -681.870E-12    -157.316E-03
             966     556.205E-12    -534.218E-12        -2.72169
             967    -302.704E-12    -174.976E-12        -1.35349
             968    -386.703E-12    -760.530E-12        -1.23475
             969    -624.212E-12    -242.623E-12        -4.30727
             970     194.412E-12     53.6499E-12         1.45831
             971    -501.300E-12    -738.751E-12        -2.58487
             972     117.109E-12     232.088E-12         4.26180
             973     234.027E-12    -1.10324E-09         2.61045
             974     415.634E-12    -647.061E-12    -826.748E-03
             975    -115.021E-12     112.225E-12         2.27383
             976    -349.665E-12    -770.058E-12    -429.442E-03
             977    -514.105E-12    -275.610E-12        -3.40051
             978    -370.382E-12    -763.530E-12    -939.564E-03
             979     197.689E-12    -1.36506E-09         3.93853
             980    -633.476E-12    -727.321E-12        -3.84494
             981    -103.975E-12     196.139E-12         3.37353
             982     272.686E-12    -953.688E-12         1.84741
             983     201.390E-12    -1.80436E-09         6.13213
             984    -785.001E-12    -210.877E-12        -5.80612
             985     100.055E-12     334.527E-12         5.77678
             986    -898.712E-12    -758.648E-12        -5.81243
             987    -138.230E-12    -1.11940E-09         2.58906
             988     809.768E-12    -485.486E-12        -4.75068
             989    -99.7641E-12    -1.46646E-09         4.23617
             990     267.160E-12    -1.92335E-09         6.04385
             991     501.841E-12    -159.468E-12        -2.39328
             992     1.14458E-09    -533.636E-12        -6.86476
             993     436.619E-12    -2.44247E-09         7.96724
             994     640.186E-12    -144.718E-12        -3.50013
             995    -108.063E-12     325.146E-12         5.00544
             996    -1.19290E-09    -902.380E-12        -6.67523
             997    -718.749E-12     589.314E-12         1.95500
             998     73.1203E-12     442.423E-12         7.69501
             999     796.617E-12    -164.048E-12        -5.16367
            1000     1.83499E-09    -1.19159E-09        -7.90832
            1001    -942.363E-12    -181.394E-12        -7.51323
            1002    -746.660E-12     486.589E-12     309.420E-03
            1003     824.628E-12     383.185E-12    -154.028E-03
            1004     1.19191E-09     287.346E-12        -5.10189
            1005     1.58500E-09    -748.789E-12        -9.02611
            1006    -119.580E-12     483.053E-12         7.44475
            1007    -327.101E-12    -2.30403E-09         7.22522
            1008    -139.170E-12    -1.99623E-09         6.65553
            1009     758.165E-12    -2.91350E-09         8.87376
            1010     716.380E-12     640.927E-12         4.36749
            1011     1.04329E-09    -2.54265E-09         4.65623
            1012     1.20982E-09     122.148E-12        -7.52136
            1013    -1.55456E-09    -1.16450E-09        -7.49388
            1014     580.520E-12    -2.82301E-09         9.60379
            1015    -367.866E-12    -766.581E-12    -934.417E-03
            1016     247.988E-12    -36.1696E-12     243.414E-03
            1017     308.570E-12    -80.6232E-12    -601.241E-03
            1018    -197.085E-12    -104.721E-12    -175.653E-03
            1019    -149.626E-12    -25.4853E-12     715.449E-03
            1020     184.672E-12     61.6374E-12         1.68233
            1021    -310.209E-12    -791.200E-12     254.933E-03
            1022     220.251E-12     1.03632E-12     785.847E-03
            1023    -225.676E-12    -132.914E-12    -549.205E-03
            1024     364.599E-12    -119.018E-12        -1.16126
            1025    -135.094E-12     26.0785E-12         1.23825
            1026    -334.286E-12    -203.161E-12        -1.67127
            1027     641.604E-12    -163.038E-12        -3.61667
            1028    -407.725E-12    -755.428E-12        -1.55556
            1029     354.069E-12    -754.695E-12     594.593E-03
            1030     286.153E-12    -72.8247E-12    -317.047E-03
            1031    -172.438E-12    -55.4528E-12     266.047E-03
            1032     546.219E-12    -538.722E-12        -2.64721
            1033    -138.392E-12    -1.14442E-09         2.70237
            1034     376.409E-12    -715.746E-12     119.458E-03
            1035     124.959E-12     160.458E-12         3.36540
            1036    -256.743E-12    -847.725E-12     861.621E-03
            1037     470.209E-12    -582.036E-12        -1.80344
            1038    -430.585E-12    -252.247E-12        -2.59993
            1039    -267.215E-12    -161.949E-12        -1.01028
            1040     401.313E-12    -671.310E-12    -486.944E-03
            1041    -569.654E-12    -262.616E-12        -3.87435
            1042     284.009E-12    -916.319E-12         1.61168
            1043     430.551E-12    -625.493E-12        -1.14790
            1044     200.717E-12     20.1200E-12         1.19164
            1045     317.197E-12    -828.349E-12         1.13444
            1046    -334.676E-12    -777.995E-12    -175.908E-03
            1047    -116.256E-12     71.9211E-12         1.87814
            1048     634.748E-12    -506.086E-12        -3.46726
            1049    -194.673E-12    -952.601E-12         1.64421
            1050    -356.551E-12    -769.643E-12    -666.056E-03
            1051    -104.500E-12     145.015E-12         2.78078
            1052     118.491E-12     198.036E-12         3.85351
            1053     209.893E-12    -1.15827E-09         2.92391
            1054    -542.742E-12    -730.363E-12        -3.05735
            1055     181.051E-12    -1.49339E-09         4.66949
            1056    -704.955E-12    -714.833E-12        -4.61170
            1057    -745.783E-12    -242.231E-12        -5.53279
            1058     149.732E-12     111.353E-12         2.58281
            1059     722.990E-12    -487.927E-12        -4.17233
            1060     445.806E-12    -152.122E-12        -1.90652
            1061     179.985E-12    -1.76746E-09         6.13794
            1062     232.057E-12    -1.07838E-09         2.48815
            1063    -808.549E-12    -722.474E-12        -5.45599
            1064    -452.518E-12    -744.581E-12        -2.11425
            1065     568.225E-12    -175.055E-12        -3.00492
            1066     222.748E-12    -1.99837E-09         7.07980
            1067     865.414E-12    -167.236E-12        -5.97537
            1068    -93.3746E-12     240.612E-12         4.11110
            1069    -1.07356E-09    -814.547E-12        -6.78739
            1070    -104.743E-12    -1.31546E-09         3.56028
            1071    -852.898E-12    -225.851E-12        -6.64888
            1072     88.3262E-12     379.307E-12         6.55596
            1073    -94.9398E-12     310.889E-12         5.05513
            1074    -102.943E-12     389.621E-12         6.11806
            1075     996.906E-12    -477.778E-12        -6.23978
            1076    -91.5473E-12    -1.86572E-09         6.27302
            1077     341.154E-12    -2.30898E-09         7.89730
            1078    -152.829E-12     498.820E-12         7.14835
            1079     1.80989E-09    -925.827E-12        -9.76058
            1080     1.00437E-09     358.247E-12        -2.11266
            1081    -892.611E-12     462.635E-12        -1.51410
            1082     1.22605E-09    -11.3234E-12        -9.41895
            1083     1.44406E-09    -535.669E-12        -9.76092
            1084     1.37517E-09    -2.55098E-09         2.78394
            1085     905.022E-12     467.007E-12     202.634E-03
            1086     525.540E-12     761.230E-12         8.05514
            1087    -179.304E-12    -2.37806E-09         8.79111
            1088    -538.535E-12     715.866E-12         6.03448
            1089     236.099E-12    -28.5542E-12     449.503E-03
            1090     341.485E-12    -778.855E-12     768.504E-03
            1091    -211.290E-12    -140.500E-12    -407.821E-03
            1092    -110.147E-12    -1.21263E-09         3.08961
            1093     502.369E-12    -562.939E-12        -2.17047
            1094     263.007E-12    -61.2311E-12     4.56652E-03
            1095    -182.833E-12    -91.1353E-12     26.7430E-03
            1096     362.729E-12    -740.664E-12     367.605E-03
            1097    -365.980E-12    -231.942E-12        -1.99814
            1098    -117.302E-12     33.9811E-12         1.54401
            1099    -273.577E-12    -828.225E-12     653.628E-03
            1100     298.911E-12    -872.128E-12         1.35707
            1101    -383.182E-12    -760.432E-12        -1.25209
            1102    -340.763E-12    -776.155E-12    -396.282E-03
            1103    -166.883E-12    -1.02463E-09         2.07836
            1104     405.911E-12    -145.131E-12        -1.54521
            1105    -258.628E-12    -175.548E-12    -943.864E-03
            1106     206.751E-12     2.03185E-12         1.01188
            1107     342.896E-12    -114.356E-12    -944.038E-03
            1108    -316.201E-12    -789.210E-12     82.0723E-03
            1109    -138.513E-12    -7.61656E-12     969.442E-03
            1110     190.449E-12     39.8554E-12         1.45930
            1111     591.763E-12    -515.116E-12        -3.13577
            1112    -291.350E-12    -187.860E-12        -1.26724
            1113    -465.252E-12    -284.895E-12        -2.98351
            1114     388.944E-12    -694.310E-12    -153.550E-03
            1115     304.312E-12    -91.5156E-12    -531.981E-03
            1116     104.676E-12     177.613E-12         3.75476
            1117    -160.845E-12    -41.1760E-12     484.786E-03
            1118    -360.198E-12    -766.413E-12    -907.511E-03
            1119    -216.390E-12    -904.737E-12         1.30086
            1120     170.646E-12     73.0525E-12         1.97982
            1121     450.005E-12    -604.512E-12        -1.47751
            1122    -479.213E-12    -736.933E-12        -2.44723
            1123     255.625E-12    -998.496E-12         2.05873
            1124    -552.156E-12    -311.985E-12        -3.85008
            1125     419.860E-12    -641.179E-12    -929.197E-03
            1126     91.5628E-12     277.156E-12         5.12377
            1127    -705.150E-12    -280.860E-12        -5.26644
            1128    -105.606E-12     99.3152E-12         2.28727
            1129     502.517E-12    -183.064E-12        -2.43765
            1130     192.988E-12    -1.30051E-09         3.66919
            1131    -589.099E-12    -718.396E-12        -3.57803
            1132     131.521E-12     126.859E-12         2.93995
            1133     163.572E-12    -1.61757E-09         5.43529
            1134    -735.641E-12    -690.508E-12        -5.11082
            1135    -435.527E-12    -745.745E-12        -1.95947
            1136     874.720E-12    -459.366E-12        -5.53021
            1137    -65.3011E-12    -1.74006E-09         5.80035
            1138     207.636E-12    -1.11801E-09         2.70984
            1139    -93.4093E-12     181.317E-12         3.36260
            1140     632.986E-12    -183.123E-12        -3.62334
            1141     192.851E-12    -1.97941E-09         7.30344
            1142     791.387E-12    -189.424E-12        -5.26942
            1143    -830.385E-12    -260.690E-12        -6.54362
            1144     52.4618E-12     427.449E-12         7.68903
            1145    -1.00926E-09    -757.766E-12        -6.97951
            1146    -83.2830E-12     290.789E-12         4.97075
            1147     715.495E-12    -165.004E-12        -4.33109
            1148    -1.25375E-09    -889.108E-12        -7.73717
            1149    -86.8250E-12     370.854E-12         6.12818
            1150    -95.4767E-12     462.621E-12         7.54094
            1151     919.798E-12     600.374E-12         1.87450
            1152     273.280E-12    -2.15447E-09         7.55447
            1153     924.377E-12    -137.588E-12        -6.43570
            1154     1.21812E-09    -80.2514E-12        -10.0182
            1155    -940.751E-12     374.788E-12        -3.03127
            1156     1.24560E-09    -474.959E-12        -8.47689
            1157     1.32709E-09    -43.3705E-12        -11.4571
            1158     348.118E-12    -2.55036E-09         9.72056
            1159     1.14693E-09     389.380E-12        -3.26052
            1160    -816.408E-12     538.973E-12     241.721E-03
            1161     1.99653E-09    -1.18581E-09        -9.47245
            1162     1.67957E-09    -645.213E-12        -11.1461
            1163     52.0324E-12     517.186E-12         9.18484
            1164    -949.645E-12    -232.768E-12        -7.85006
            1165     834.720E-12     777.471E-12         5.18846
            1166    -106.391E-12    -2.20408E-09         8.17019
            1167     1.77347E-09    -1.62722E-09        -4.52420
            1168     587.803E-12    -3.06403E-09         11.5866
            1169    -168.998E-12    -1.00046E-09         1.92356
            1170     250.870E-12    -54.7402E-12     184.206E-03
            1171    -195.822E-12    -128.979E-12    -219.490E-03
            1172    -299.393E-12    -802.007E-12     305.540E-03
            1173    -222.639E-12    -146.706E-12    -542.749E-03
            1174     223.416E-12    -21.2645E-12     666.007E-03
            1175     174.489E-12     51.2340E-12         1.76477
            1176    -316.719E-12    -214.839E-12        -1.53762
            1177     325.411E-12    -109.366E-12    -760.300E-03
            1178    -143.557E-12    -43.0438E-12     704.518E-03
            1179     154.421E-12     85.5823E-12         2.29280
            1180    -127.690E-12     12.4175E-12         1.24699
            1181     375.079E-12    -139.137E-12        -1.25625
            1182     533.057E-12    -543.002E-12        -2.52681
            1183    -140.671E-12    -1.08602E-09         2.41703
            1184    -455.977E-12    -735.946E-12        -2.25098
            1185    -349.652E-12    -772.251E-12    -639.881E-03
            1186     367.469E-12    -725.647E-12     140.555E-03
            1187    -423.433E-12    -291.863E-12        -2.61870
            1188     279.998E-12    -85.6091E-12    -231.621E-03
            1189    -169.215E-12    -76.6155E-12     240.228E-03
            1190    -245.539E-12    -854.337E-12     851.457E-03
            1191    -494.498E-12    -318.254E-12        -3.31785
            1192     347.465E-12    -767.011E-12     602.154E-03
            1193     272.527E-12    -935.949E-12         1.70511
            1194    -321.631E-12    -785.253E-12    -120.708E-03
            1195     474.442E-12    -583.195E-12        -1.82277
            1196     704.421E-12    -187.580E-12        -4.33910
            1197    -409.367E-12    -750.384E-12        -1.65985
            1198     91.3855E-12     232.341E-12         4.54442
            1199    -106.689E-12     57.5456E-12         1.87851
            1200    -626.313E-12    -302.660E-12        -4.53689
            1201    -278.502E-12    -200.370E-12        -1.16948
            1202     193.737E-12     4.98134E-12         1.20721
            1203    -375.387E-12    -757.965E-12        -1.21193
            1204     389.644E-12    -685.302E-12    -333.687E-03
            1205     688.868E-12    -478.502E-12        -4.07392
            1206     228.145E-12    -1.05767E-09         2.37639
            1207     453.708E-12    -173.889E-12        -1.99107
            1208     435.352E-12    -621.729E-12        -1.21380
            1209    -512.107E-12    -726.093E-12        -2.84350
            1210     558.131E-12    -195.513E-12        -2.96761
            1211     113.066E-12     138.772E-12         3.23615
            1212    -193.811E-12    -939.687E-12         1.52715
            1213    -94.0947E-12     129.588E-12         2.75670
            1214     60.8743E-12     340.051E-12         6.28277
            1215    -800.076E-12    -295.681E-12        -6.33101
            1216     173.395E-12    -1.40138E-09         4.24961
            1217    -633.032E-12    -701.151E-12        -4.11865
            1218     188.071E-12    -1.23656E-09         3.36534
            1219    -82.6001E-12     222.157E-12         4.03294
            1220     161.649E-12    -1.85775E-09         6.82872
            1221    -829.832E-12    -696.811E-12        -5.92265
            1222     858.184E-12    -203.487E-12        -6.08823
            1223     772.211E-12    -464.304E-12        -4.77046
            1224    -73.3042E-12     344.780E-12         5.93880
            1225    -50.9049E-12    -1.45943E-09         4.48906
            1226    -1.13617E-09    -798.444E-12        -7.77940
            1227     933.995E-12    -177.357E-12        -6.85781
            1228     202.363E-12    -2.13386E-09         8.22964
            1229    -982.384E-12     272.096E-12        -4.56180
            1230    -77.6183E-12     435.318E-12         7.38277
            1231    -37.0724E-12    -1.85968E-09         6.63714
            1232    -929.959E-12    -277.805E-12        -7.77411
            1233     26.1115E-12     493.556E-12         9.06827
            1234    -1.07241E-09    -185.647E-12        -9.24186
            1235     1.07714E-09    -436.697E-12        -7.39065
            1236     103.682E-12     525.419E-12         8.68670
            1237    -151.679E-12     586.078E-12         8.94814
            1238     275.897E-12    -2.38148E-09         9.18734
            1239    -112.163E-12     567.521E-12         9.30124
            1240     1.10847E-09    -114.404E-12        -8.68101
            1241     1.33458E-09     115.544E-12        -9.60173
            1242    -1.08689E-09     409.547E-12        -4.32717
            1243     1.09194E-09     491.718E-12        -1.29980
            1244     1.90856E-09    -595.800E-12        -14.3789
            1245    -1.00915E-09     524.414E-12        -2.07198
            1246    -769.910E-12     676.927E-12         2.58897
            1247     444.850E-12    -2.70203E-09         9.89209
            1248     1.50175E-09    -449.209E-12        -11.3919
            1249     238.299E-12    -48.1957E-12     373.648E-03
            1250    -215.777E-12    -171.448E-12    -523.823E-03
            1251    -350.298E-12    -763.439E-12    -872.166E-03
            1252     331.930E-12    -796.197E-12     836.172E-03
            1253    -142.723E-12    -1.05046E-09         2.21547
            1254    -392.749E-12    -746.165E-12        -1.53607
            1255    -342.014E-12    -242.742E-12        -1.80893
            1256     406.016E-12    -658.907E-12    -681.288E-03
            1257     288.005E-12    -891.182E-12         1.43341
            1258    -108.417E-12     18.0195E-12         1.52533
            1259     267.118E-12    -80.8369E-12    -65.3123E-03
            1260    -180.117E-12    -114.734E-12    -10.3352E-03
            1261     413.456E-12    -166.614E-12        -1.62376
            1262    -259.052E-12    -834.885E-12     643.375E-03
            1263    -329.077E-12    -779.195E-12    -353.266E-03
            1264    -296.880E-12    -800.361E-12     187.028E-03
            1265     352.404E-12    -750.145E-12     383.693E-03
            1266    -232.212E-12    -165.162E-12    -669.743E-03
            1267    -445.205E-12    -321.330E-12        -2.86994
            1268    -113.565E-12    -1.15070E-09         2.78461
            1269     349.982E-12    -132.461E-12        -1.01010
            1270     210.090E-12    -17.4592E-12     871.335E-03
            1271    -131.360E-12    -23.7937E-12     962.233E-03
            1272     176.892E-12     30.8460E-12         1.58556
            1273     158.455E-12     61.1080E-12         2.03565
            1274     628.551E-12    -492.896E-12        -3.54859
            1275     137.194E-12     96.8819E-12         2.58265
            1276    -299.734E-12    -225.996E-12        -1.40456
            1277    -576.017E-12    -347.369E-12        -4.15145
            1278    -431.430E-12    -734.628E-12        -2.03070
            1279     368.386E-12    -709.611E-12    -56.3128E-03
            1280     299.455E-12    -105.964E-12    -472.652E-03
            1281    -155.970E-12    -60.8400E-12     466.064E-03
            1282     85.7699E-12     182.985E-12         3.95354
            1283    -169.078E-12    -977.638E-12         1.76655
            1284     246.017E-12    -999.910E-12         2.05049
            1285    -228.208E-12    -876.523E-12         1.04388
            1286     65.8534E-12     283.800E-12         5.44077
            1287    -755.664E-12    -323.797E-12        -5.92771
            1288     454.004E-12    -601.022E-12        -1.52193
            1289     209.005E-12    -1.08269E-09         2.51974
            1290     421.783E-12    -631.679E-12        -1.02283
            1291     497.368E-12    -204.020E-12        -2.41831
            1292    -95.2906E-12     83.2113E-12         2.25724
            1293     679.827E-12    -211.508E-12        -4.17932
            1294    -546.133E-12    -710.546E-12        -3.27691
            1295     617.265E-12    -205.765E-12        -3.54524
            1296    -82.7460E-12     163.251E-12         3.28864
            1297     154.617E-12    -1.49674E-09         4.82320
            1298    -670.034E-12    -679.277E-12        -4.59749
            1299    -71.6056E-12     266.970E-12         4.79502
            1300     502.389E-12    -560.256E-12        -2.17185
            1301    -28.0377E-12    -1.69825E-09         5.81992
            1302     143.497E-12    -1.72663E-09         6.15800
            1303    -750.728E-12    -669.565E-12        -5.39708
            1304     166.730E-12    -1.31852E-09         3.83523
            1305    -481.360E-12    -721.762E-12        -2.60536
            1306    -61.5010E-12     314.400E-12         5.63190
            1307     796.905E-12    -227.925E-12        -5.48855
            1308     999.601E-12    -190.993E-12        -7.72969
            1309     935.528E-12    -425.090E-12        -6.35436
            1310    -61.3464E-12    -2.03247E-09         7.45299
            1311     156.858E-12    -2.06675E-09         8.18470
            1312    -916.819E-12    -715.100E-12        -6.57095
            1313    -891.573E-12    -318.930E-12        -7.43446
            1314     38.5325E-12     419.753E-12         7.70993
            1315    -1.15826E-09    -766.362E-12        -8.48036
            1316    -1.29846E-09    -861.940E-12        -8.79317
            1317    -64.1840E-12     401.416E-12         7.02098
            1318     743.722E-12    -216.879E-12        -4.86984
            1319     229.203E-12    -2.22768E-09         8.58957
            1320    -85.2267E-12     538.222E-12         9.21509
            1321    -148.720E-12     675.804E-12         11.1145
            1322    -197.338E-12     503.144E-12         6.48265
            1323     1.20011E-09    -134.889E-12        -10.1736
            1324    -1.04497E-09    -298.176E-12        -9.26861
            1325     474.044E-15     581.431E-12         11.0109
            1326     1.01852E-09    -146.492E-12        -7.71605
            1327     1.30931E-09    -407.316E-12        -9.84819
            1328     340.840E-12    -2.80170E-09         11.9192
            1329     1.05304E-09     579.327E-12     214.140E-03
            1330     1.30708E-09     426.874E-12        -4.64800
            1331     1.41706E-09     15.3969E-12        -12.4285
            1332    -1.07257E-09    -245.212E-12        -9.48577
            1333    -1.24994E-09     469.566E-12        -5.63426
            1334     26.2206E-12     602.701E-12         11.1102
            1335     785.294E-12    -3.21857E-09         11.1104
            1336     407.867E-12    -646.525E-12    -806.170E-03
            1337     253.705E-12    -74.9265E-12     112.261E-03
            1338    -194.557E-12    -154.474E-12    -274.228E-03
            1339     142.044E-12     69.6948E-12         2.27897
            1340    -267.885E-12    -816.964E-12     395.855E-03
            1341    -320.053E-12    -252.060E-12        -1.62921
            1342     225.416E-12    -42.4522E-12     564.068E-03
            1343     161.875E-12     38.0577E-12         1.81070
            1344    -119.608E-12    -3.35008E-12         1.23597
            1345     380.448E-12    -160.100E-12        -1.31244
            1346     298.909E-12    -856.384E-12         1.19726
            1347    -363.758E-12    -753.500E-12        -1.15063
            1348     311.090E-12    -105.609E-12    -603.942E-03
            1349    -388.444E-12    -298.770E-12        -2.31579
            1350    -136.084E-12    -61.5955E-12     693.523E-03
            1351    -143.673E-12    -1.01817E-09         2.01706
            1352     437.071E-12    -614.061E-12        -1.27381
            1353    -458.785E-12    -348.226E-12        -3.03498
            1354    -116.919E-12    -1.10076E-09         2.51257
            1355     261.913E-12    -947.352E-12         1.74971
            1356     355.145E-12    -730.767E-12     162.680E-03
            1357    -305.837E-12    -790.017E-12    -55.1525E-03
            1358    -515.477E-12    -353.538E-12        -3.57795
            1359     119.664E-12     105.912E-12         2.82840
            1360     286.882E-12    -106.524E-12    -328.132E-03
            1361     335.856E-12    -779.203E-12     632.070E-03
            1362    -237.246E-12    -848.588E-12     750.701E-03
            1363    -337.842E-12    -771.723E-12    -607.577E-03
            1364    -164.590E-12    -99.4438E-12     210.934E-03
            1365    -674.007E-12    -353.605E-12        -5.14037
            1366    -96.9250E-12     40.7226E-12         1.84181
            1367    -191.887E-12    -924.724E-12         1.40276
            1368    -265.250E-12    -213.245E-12        -1.07022
            1369     196.436E-12    -14.1032E-12         1.06331
            1370     454.660E-12    -195.077E-12        -2.01932
            1371    -409.723E-12    -730.602E-12        -1.84592
            1372     94.5904E-12     145.607E-12         3.44653
            1373     544.399E-12    -216.461E-12        -2.87219
            1374    -4.95048E-12    -1.97986E-09         7.52635
            1375    -453.495E-12    -717.772E-12        -2.36656
            1376     377.186E-12    -692.704E-12    -240.242E-03
            1377     221.757E-12    -1.04256E-09         2.29016
            1378     74.8058E-12     222.807E-12         4.53520
            1379     656.677E-12    -236.820E-12        -4.01438
            1380    -49.4694E-12     281.265E-12         5.25449
            1381    -81.0284E-12    -1.28490E-09         3.51675
            1382     183.070E-12    -1.16741E-09         3.00107
            1383     649.597E-12    -472.738E-12        -3.81719
            1384    -83.6051E-12     111.268E-12         2.68361
            1385    -580.943E-12    -690.789E-12        -3.71995
            1386    -71.0951E-12     200.162E-12         3.88756
            1387     478.107E-12    -572.394E-12        -1.88529
            1388     135.849E-12    -1.57268E-09         5.30889
            1389    -709.106E-12    -655.383E-12        -5.09558
            1390     35.9573E-12     360.496E-12         6.77254
            1391    -836.718E-12    -356.425E-12        -6.88059
            1392     145.901E-12    -1.39693E-09         4.30259
            1393     710.468E-12    -239.202E-12        -4.57838
            1394    -509.236E-12    -704.466E-12        -2.97771
            1395     135.772E-12    -1.89030E-09         7.17915
            1396    -918.228E-12    -693.301E-12        -6.79149
            1397    -22.0825E-12    -2.18404E-09         8.64943
            1398     747.922E-12    -247.402E-12        -5.00418
            1399    -51.9271E-12     363.729E-12         6.54423
            1400     914.466E-12    -219.016E-12        -6.80639
            1401     815.451E-12    -432.187E-12        -5.36698
            1402    -22.7636E-12    -1.54740E-09         5.05765
            1403    -1.02748E-09    -735.133E-12        -7.45078
            1404    -1.32216E-09    -815.970E-12        -9.72281
            1405     168.973E-12    -2.25151E-09         9.34817
            1406    -68.4923E-12     500.544E-12         8.79746
            1407     1.47571E-12    -1.79844E-09         6.52200
            1408    -74.8667E-12     609.325E-12         11.0793
            1409    -997.038E-12    -346.537E-12        -8.73920
            1410     2.94658E-12     495.567E-12         9.30789
            1411    -100.628E-12     650.175E-12         11.4577
            1412    -209.398E-12     590.938E-12         8.12249
            1413     1.13941E-09    -388.181E-12        -8.44268
            1414    -1.22815E-09    -194.384E-12        -11.5243
            1415     46.8162E-12     718.581E-12         13.2192
            1416     240.156E-12    -68.9663E-12     292.643E-03
            1417    -190.839E-12    -179.457E-12    -306.473E-03
            1418    -338.604E-12    -756.771E-12    -856.909E-03
            1419     317.942E-12    -813.293E-12     897.666E-03
            1420    -376.561E-12    -741.072E-12        -1.41501
            1421    -339.333E-12    -280.406E-12        -1.84918
            1422     277.705E-12    -902.347E-12         1.47467
            1423    -99.2189E-12     422.011E-15         1.48522
            1424     416.949E-12    -188.193E-12        -1.66843
            1425    -256.320E-12    -828.904E-12     540.143E-03
            1426    -407.591E-12    -325.619E-12        -2.52968
            1427     256.097E-12    -96.0132E-12     36.8130E-03
            1428    -176.793E-12    -139.086E-12    -52.2440E-03
            1429     605.782E-12    -490.248E-12        -3.37303
            1430    -495.180E-12    -384.377E-12        -3.41635
            1431    -426.980E-12    -712.607E-12        -2.14358
            1432    -87.4597E-12    -1.20878E-09         3.12364
            1433     179.579E-12     10.3561E-12         1.41214
            1434    -234.361E-12    -200.205E-12    -761.289E-03
            1435     380.592E-12    -680.554E-12    -365.482E-03
            1436     351.741E-12    -151.743E-12        -1.03230
            1437    -123.152E-12    -41.1235E-12     948.994E-03
            1438    -284.709E-12    -237.051E-12        -1.28665
            1439    -168.264E-12    -954.615E-12         1.59997
            1440     212.156E-12    -37.8976E-12     750.058E-03
            1441     420.740E-12    -621.515E-12        -1.08331
            1442    -117.700E-12    -1.06033E-09         2.27758
            1443    -312.781E-12    -779.674E-12    -296.306E-03
            1444     101.765E-12     111.698E-12         3.01745
            1445     339.246E-12    -756.042E-12     398.455E-03
            1446     508.900E-12    -547.736E-12        -2.27552
            1447    -568.881E-12    -377.810E-12        -4.12034
            1448     67.6144E-12     183.817E-12         4.05701
            1449     356.215E-12    -709.671E-12    -39.6432E-03
            1450     236.318E-12    -996.322E-12         2.02619
            1451     310.422E-12    -123.932E-12    -600.482E-03
            1452    -149.616E-12    -82.0231E-12     446.687E-03
            1453     455.561E-12    -594.500E-12        -1.55811
            1454    -218.634E-12    -875.904E-12         1.00585
            1455     594.907E-12    -234.414E-12        -3.38883
            1456     650.158E-12    -262.779E-12        -3.99507
            1457     489.575E-12    -223.300E-12        -2.36835
            1458    -770.123E-12    -392.176E-12        -6.20055
            1459    -71.2854E-12     141.721E-12         3.15912
            1460     196.715E-12    -1.08836E-09         2.55721
            1461     61.1660E-12     258.086E-12         5.10123
            1462    -85.2702E-12     64.7270E-12         2.18753
            1463    -474.905E-12    -699.154E-12        -2.68844
            1464     146.120E-12     44.3311E-12         2.01604
            1465     158.310E-12    -1.24745E-09         3.46165
            1466    -60.0896E-12     240.294E-12         4.55166
            1467    -613.425E-12    -666.789E-12        -4.15758
            1468     126.495E-12    -1.46743E-09         4.72815
            1469     31.6126E-12    -2.07551E-09         8.29509
            1470     4.15614E-12    -1.64094E-09         5.65309
            1471     702.337E-12    -257.949E-12        -4.53758
            1472    -40.1755E-12     324.610E-12         6.02073
            1473     122.002E-12    -1.72427E-09         6.22239
            1474    -811.936E-12    -665.154E-12        -5.99939
            1475     843.118E-12    -245.097E-12        -6.04978
            1476    -52.4329E-12    -1.35106E-09         3.93097
            1477    -535.427E-12    -683.037E-12        -3.34730
            1478     1.05495E-09    -208.588E-12        -8.46550
            1479     722.918E-12    -430.217E-12        -4.63289
            1480    -57.4981E-12    -2.39197E-09         9.75740
            1481     136.004E-12    -2.06408E-09         8.28440
            1482     19.1775E-12     426.960E-12         7.96718
            1483    -932.980E-12    -388.722E-12        -8.00922
            1484    -1.02527E-09    -703.463E-12        -7.76986
            1485     29.2723E-12    -1.87249E-09         7.06767
            1486     984.023E-12    -383.450E-12        -7.13327
            1487     193.977E-12    -2.47649E-09         10.7884
            1488    -55.4923E-12     457.648E-12         8.18623
            1489    -1.31189E-09    -755.508E-12        -10.3581
            1490    -1.49574E-09    -953.534E-12        -9.94093
            1491    -63.4450E-12     669.226E-12         13.0767
            1492    -232.863E-12     784.851E-12         12.3143
            1493    -59.3375E-12     561.232E-12         10.3006
            1494    -1.11591E-09    -382.467E-12        -10.2296
            1495    -15.2034E-12     568.569E-12         10.9288
            1496    -1.22140E-09    -267.936E-12        -11.6172
            1497    -1.19925E-09    -116.909E-12        -10.7274
            1498     146.926E-12     650.309E-12         10.4283
            1499    -140.724E-12     762.934E-12         13.6701
            1500    -253.819E-12    -808.099E-12     288.542E-03
            1501    -208.946E-12    -195.451E-12    -514.517E-03
            1502     164.833E-12     15.5819E-12         1.60655
            1503     226.793E-12    -63.5388E-12     469.718E-03
            1504     283.211E-12    -862.696E-12         1.20024
            1505    -352.770E-12    -748.071E-12        -1.09778
            1506     475.342E-12    -565.895E-12        -1.87188
            1507     382.548E-12    -182.211E-12        -1.34760
            1508    -110.973E-12    -20.6693E-12         1.21133
            1509    -359.264E-12    -307.898E-12        -2.06788
            1510     407.810E-12    -635.514E-12    -889.682E-03
            1511    -419.034E-12    -351.716E-12        -2.67115
            1512    -61.8181E-12    -1.25340E-09         3.40121
            1513    -117.423E-12    -1.02313E-09         2.05080
            1514     534.780E-12    -524.849E-12        -2.59868
            1515    -20.0314E-12    -1.40435E-09         4.29635
            1516     248.835E-12    -953.462E-12         1.76797
            1517     125.127E-12     76.4542E-12         2.48799
            1518     368.339E-12    -692.299E-12    -222.532E-03
            1519    -536.777E-12    -406.046E-12        -3.84024
            1520     321.271E-12    -153.854E-12    -738.226E-03
            1521    -127.483E-12    -79.3147E-12     688.247E-03
            1522     76.2420E-12     147.739E-12         3.56970
            1523    -293.862E-12    -779.125E-12    -212.349E-03
            1524     341.635E-12    -731.175E-12     170.274E-03
            1525    -636.913E-12    -399.165E-12        -4.82352
            1526    -214.529E-12    -849.896E-12     761.061E-03
            1527    -87.4746E-12     22.2984E-12         1.77852
            1528    -387.846E-12    -724.626E-12        -1.66866
            1529     320.787E-12    -786.267E-12     651.764E-03
            1530     453.303E-12    -215.888E-12        -2.02468
            1531    -195.879E-12    -902.437E-12         1.21754
            1532    -321.023E-12    -766.298E-12    -574.308E-03
            1533    -444.423E-12    -693.228E-12        -2.42414
            1534     274.905E-12    -124.125E-12    -225.439E-03
            1535     516.185E-12    -247.979E-12        -2.64687
            1536     198.388E-12    -34.3932E-12     927.970E-03
            1537    -159.592E-12    -123.345E-12     172.663E-03
            1538    -252.786E-12    -227.246E-12    -984.208E-03
            1539    -59.1765E-12     175.032E-12         3.68483
            1540    -172.763E-12    -163.840E-12    -94.0808E-03
            1541     241.561E-12    -90.0870E-12     213.749E-03
            1542     58.1574E-12     219.617E-12         4.57274
            1543     211.929E-12    -1.03582E-09         2.25125
            1544     435.872E-12    -604.387E-12        -1.31389
            1545    -36.9400E-12     247.279E-12         4.85191
            1546     652.947E-12    -287.713E-12        -4.05942
            1547     599.552E-12    -266.972E-12        -3.47827
            1548     167.759E-12    -1.13436E-09         2.82056
            1549    -299.588E-12    -259.167E-12        -1.46081
            1550    -494.323E-12    -678.644E-12        -2.97895
            1551    -72.8253E-12     90.0803E-12         2.56610
            1552    -654.023E-12    -640.028E-12        -4.65618
            1553     136.130E-12    -1.31681E-09         3.86905
            1554    -27.3138E-12     286.231E-12         5.50279
            1555     647.722E-12    -459.160E-12        -3.85705
            1556     129.988E-12     49.1598E-12         2.19306
            1557    -784.736E-12    -599.371E-12        -6.07418
            1558     118.410E-12    -1.62277E-09         5.63143
            1559    -92.3472E-12    -1.14703E-09         2.79239
            1560     19.4314E-12     360.400E-12         6.83463
            1561    -861.488E-12    -427.645E-12        -7.20416
            1562     10.5198E-12    -1.51527E-09         4.97287
            1563    -558.049E-12    -653.612E-12        -3.69718
            1564     774.383E-12    -264.406E-12        -5.32769
            1565     27.6482E-12    -1.71592E-09         6.15181
            1566     117.094E-12    -1.85475E-09         7.02918
            1567    -897.461E-12    -662.002E-12        -6.84199
            1568    -44.2866E-12     412.274E-12         7.49826
            1569     1.15873E-09    -184.594E-12        -9.75819
            1570     965.854E-12    -234.524E-12        -7.43798
            1571     22.5643E-12    -2.31325E-09         9.76672
            1572     53.7298E-12    -1.88809E-09         7.23566
            1573     839.284E-12    -393.275E-12        -5.81996
            1574    -1.15852E-09    -724.605E-12        -8.95400
            1575    -1.44221E-09    -996.032E-12        -8.55003
            1576     142.758E-12    -2.26940E-09         9.62279
            1577    -1.49266E-09    -797.882E-12        -12.0373
            1578     264.868E-12    -2.58632E-09         10.9561
            1579    -1.18189E-09    -330.096E-12        -11.1081
            1580    -3.21264E-12     687.941E-12         13.3652
            1581    -49.3364E-12     509.958E-12         9.37403
            1582    -1.03804E-09    -427.100E-12        -9.22595
            1583    -9.91911E-12     490.213E-12         9.27296
            1584    -1.69219E-09    -852.870E-12        -13.9785
            1585     1.18485E-09    -337.638E-12        -9.35704
            1586    -54.6024E-12     613.133E-12         11.7863
            1587    -1.39809E-09    -209.674E-12        -14.2741
            1588    -1.09325E-09    -6.38768E-12        -8.41973
            1589     19.1128E-12     800.125E-12         15.7374
            1590     997.940E-12    -2.94221E-09         7.44350
            1591    -1.57444E-09    -2.66130E-09         2.52703
            1592    -306.270E-12     674.537E-12         8.47528
            1593     453.543E-12    -2.95483E-09         12.0545
            1594     293.202E-12     735.996E-12         10.1867
            1595     500.769E-12     914.122E-12         10.8317
            1596     1.23604E-09    -2.83049E-09         5.22427
            1597    -117.709E-12    -2.59498E-09         10.7407
            1598     301.255E-12    -822.784E-12     922.016E-03
            1599    -330.122E-12    -745.244E-12    -908.870E-03
            1600     406.652E-12    -626.993E-12    -937.394E-03
            1601     149.708E-12     20.1969E-12         1.78354
            1602    -89.7662E-12    -18.2256E-12         1.43204
            1603     380.006E-12    -668.931E-12    -465.465E-03
            1604     418.671E-12    -209.929E-12        -1.70166
            1605    -380.263E-12    -328.591E-12        -2.28347
            1606     585.131E-12    -489.428E-12        -3.19009
            1607     227.414E-12    -84.8846E-12     382.548E-03
            1608    -186.272E-12    -204.436E-12    -336.260E-03
            1609    -231.401E-12    -823.389E-12     490.348E-03
            1610    -265.502E-12    -791.394E-12     66.2434E-03
            1611    -402.241E-12    -705.941E-12        -1.93797
            1612    -91.6548E-12    -1.05911E-09         2.28203
            1613     837.423E-15    -1.34346E-09         3.99157
            1614     257.717E-12    -117.138E-12    -32.0702E-03
            1615    -315.322E-12    -287.975E-12        -1.64552
            1616    -462.428E-12    -403.403E-12        -3.12315
            1617    -155.753E-12    -149.442E-12     112.560E-03
            1618    -39.6765E-12    -1.26453E-09         3.50484
            1619     167.449E-12    -6.55012E-12         1.42030
            1620    -141.187E-12    -958.774E-12         1.62630
            1621    -275.263E-12    -256.173E-12        -1.23810
            1622    -588.544E-12    -432.168E-12        -4.36129
            1623     348.094E-12    -174.897E-12        -1.01547
            1624    -114.292E-12    -59.2794E-12     929.221E-03
            1625    -238.603E-12    -239.842E-12    -880.988E-03
            1626     83.7794E-12     113.805E-12         3.13930
            1627     453.651E-12    -585.963E-12        -1.57662
            1628     213.353E-12    -58.9953E-12     640.358E-03
            1629     344.322E-12    -704.598E-12    -49.8380E-03
            1630     553.122E-12    -269.562E-12        -3.02501
            1631     49.9099E-12     183.404E-12         4.11232
            1632     225.659E-12    -998.988E-12         2.03679
            1633     324.280E-12    -756.358E-12     396.683E-03
            1634    -59.8249E-12     117.214E-12         2.97955
            1635    -297.552E-12    -765.246E-12    -412.243E-03
            1636    -192.220E-12    -883.804E-12         1.05926
            1637     451.369E-12    -236.803E-12        -2.02503
            1638     297.366E-12    -132.854E-12    -471.144E-03
            1639    -141.236E-12    -105.948E-12     425.200E-03
            1640     498.588E-12    -541.291E-12        -2.19410
            1641    -709.056E-12    -430.784E-12        -5.58924
            1642     185.189E-12    -1.07560E-09         2.48180
            1643    -75.3884E-12     44.4397E-12         2.08758
            1644    -459.537E-12    -673.502E-12        -2.66923
            1645     33.2398E-12     313.300E-12         6.03971
            1646    -13.3308E-12     249.745E-12         5.01496
            1647     147.511E-12    -1.19205E-09         3.16012
            1648     594.176E-12    -301.091E-12        -3.45863
            1649    -47.4564E-12     210.607E-12         4.25440
            1650     115.045E-12    -1.38119E-09         4.25160
            1651    -505.000E-12    -657.342E-12        -3.18102
            1652    -360.641E-12    -737.189E-12        -1.28704
            1653     264.720E-12    -906.356E-12         1.48600
            1654     113.563E-12     51.8553E-12         2.33201
            1655    -696.443E-12    -610.973E-12        -5.17693
            1656     108.562E-12    -1.53344E-09         5.13097
            1657     33.8093E-12    -1.60432E-09         5.52195
            1658     711.641E-12    -277.808E-12        -4.67003
            1659    -601.889E-12    -625.148E-12        -4.22475
            1660    -32.0729E-12     367.159E-12         6.80948
            1661     107.500E-12    -1.68681E-09         6.02697
            1662    -873.022E-12    -628.163E-12        -6.81142
            1663     886.853E-12    -269.809E-12        -6.57690
            1664     1.09384E-09    -230.594E-12        -8.94783
            1665     44.5017E-12    -1.76141E-09         6.45458
            1666     697.949E-12    -417.890E-12        -4.43920
            1667     71.8056E-12    -2.11776E-09         8.69945
            1668     1.20401E-09    -212.545E-12        -10.3338
            1669    -955.698E-12    -464.065E-12        -8.22168
            1670     894.585E-15     426.422E-12         8.02456
            1671     112.562E-12    -2.02355E-09         8.09870
            1672    -1.00676E-09    -666.404E-12        -7.89513
            1673     157.504E-12    -2.51515E-09         11.3178
            1674     1.35247E-09    -344.241E-12        -11.0067
            1675    -1.07899E-09     61.7090E-12        -7.67577
            1676    -37.9734E-12     457.362E-12         8.44561
            1677    -281.332E-15    -2.56208E-09         11.3400
            1678     1.03705E-09    -340.318E-12        -7.92031
            1679     236.353E-12    -2.74029E-09         12.5369
            1680    -1.24705E-09    -436.722E-12        -11.8057
            1681    -31.8688E-12     637.765E-12         12.7225
            1682    -1.72606E-09    -1.08530E-09        -11.1707
            1683    -1.27534E-09    -688.100E-12        -10.6151
            1684    -1.87291E-09    -2.45309E-09    -676.648E-03
            1685    -44.6408E-12     554.713E-12         10.5091
            1686    -293.089E-12    -2.57783E-09         9.36725
            1687    -1.61336E-09    -726.123E-12        -14.4425
            1688    -51.3980E-12     652.879E-12         13.1207
            1689    -1.14802E-09    -475.616E-12        -10.4380
            1690    -1.98868E-09    -1.09675E-09        -14.7229
            1691    -24.7062E-12     553.593E-12         10.6581
            1692    -1.42414E-09    -3.13252E-09         6.41523
            1693     1.09699E-09    -163.233E-12        -8.86678
            1694     1.68244E-09    -2.74758E-09         1.99542
            1695    -290.382E-12    -288.912E-12        -1.42612
            1696    -207.227E-12    -223.106E-12    -566.467E-03
            1697     242.250E-12    -111.056E-12     141.093E-03
            1698    -168.151E-12    -188.945E-12    -132.485E-03
            1699     213.748E-12    -80.4412E-12     540.599E-03
            1700    -234.306E-12    -801.602E-12     275.052E-03
            1701    -101.408E-12    -39.3578E-12         1.17645
            1702    -115.325E-12    -989.663E-12         1.84031
            1703    -426.004E-12    -417.687E-12        -2.78711
            1704     473.286E-12    -557.080E-12        -1.88572
            1705     360.982E-12    -681.993E-12    -279.870E-03
            1706     90.4975E-12     82.1238E-12         2.76281
            1707     396.471E-12    -631.128E-12    -837.702E-03
            1708     535.462E-12    -513.713E-12        -2.64305
            1709    -345.666E-12    -739.062E-12        -1.11757
            1710     134.262E-12     23.6086E-12         1.93569
            1711     263.649E-12    -869.100E-12         1.23169
            1712    -497.619E-12    -428.539E-12        -3.47072
            1713    -643.983E-12    -464.471E-12        -4.91849
            1714     58.6110E-12     146.659E-12         3.62117
            1715     480.746E-12    -262.916E-12        -2.32054
            1716    -77.9167E-12     2.96423E-12         1.69991
            1717    -187.857E-12    -846.593E-12     771.888E-03
            1718     325.989E-12    -184.455E-12    -818.704E-03
            1719     419.955E-12    -232.029E-12        -1.72964
            1720     545.124E-12    -295.692E-12        -2.96150
            1721    -118.608E-12    -95.6293E-12     685.780E-03
            1722    -46.1370E-12     146.244E-12         3.42911
            1723    -416.642E-12    -685.463E-12        -2.19490
            1724     303.929E-12    -786.524E-12     643.240E-03
            1725     327.449E-12    -726.941E-12     161.060E-03
            1726    -272.202E-12    -776.552E-12    -129.760E-03
            1727    -162.583E-12    -902.395E-12         1.22120
            1728     415.196E-12    -614.071E-12        -1.08235
            1729     621.441E-12    -322.086E-12        -3.74859
            1730    -313.731E-12    -750.082E-12    -714.448E-03
            1731     185.710E-12    -52.3227E-12     955.754E-03
            1732    -255.054E-12    -266.535E-12        -1.07872
            1733     37.7995E-12     227.371E-12         4.73764
            1734     274.953E-12    -145.905E-12    -269.661E-03
            1735     203.918E-12    -1.02084E-09         2.16177
            1736    -139.628E-12    -137.638E-12     301.898E-03
            1737     96.8403E-12     52.1685E-12         2.42870
            1738     23.4746E-12    -1.42993E-09         4.51370
            1739     156.107E-12    -1.09926E-09         2.62306
            1740    -62.7738E-12     67.0909E-12         2.41443
            1741     124.985E-12    -1.24863E-09         3.48919
            1742    -471.005E-12    -654.244E-12        -2.85926
            1743     152.718E-12    -3.16189E-12         1.57554
            1744     717.428E-12    -299.805E-12        -4.75390
            1745    -527.760E-12    -629.058E-12        -3.49948
            1746     95.2192E-12    -1.44763E-09         4.64318
            1747    -334.793E-12    -323.955E-12        -1.87194
            1748    -22.8108E-12     213.287E-12         4.44854
            1749    -60.9041E-12    -1.16120E-09         2.90062
            1750    -19.0445E-12     324.591E-12         6.16666
            1751    -363.158E-12    -717.789E-12        -1.46921
            1752     228.026E-12    -967.055E-12         1.84503
            1753    -600.137E-12    -550.371E-12        -4.40396
            1754     636.901E-12    -447.758E-12        -3.78981
            1755     18.8146E-12    -1.28558E-09         3.68074
            1756    -737.389E-12    -577.941E-12        -5.68161
            1757     93.7023E-12    -1.61141E-09         5.59656
            1758     53.7229E-12    -1.69510E-09         6.08159
            1759     10.2671E-12     340.519E-12         6.51195
            1760    -876.878E-12    -499.870E-12        -7.29312
            1761     788.879E-12    -287.981E-12        -5.51831
            1762     99.2641E-12    -1.79743E-09         6.70601
            1763    -1.01475E-09     158.423E-12        -6.00679
            1764    -974.551E-12    -626.375E-12        -7.84239
            1765     89.6474E-12    -1.93965E-09         7.59390
            1766     1.27453E-09    -161.288E-12        -11.3426
            1767     984.984E-12    -270.460E-12        -7.66334
            1768    -25.7313E-12     406.793E-12         7.57861
            1769     1.22286E-09    -247.419E-12        -10.4255
            1770     763.907E-12    -384.519E-12        -5.16673
            1771    -208.162E-12    -2.78309E-09         11.5079
            1772     110.136E-12    -2.23181E-09         9.46370
            1773     68.9738E-12    -2.41106E-09         10.6357
            1774    -306.232E-12    -2.94335E-09         12.0582
            1775    -1.21454E-09    -621.504E-12        -10.4705
            1776    -1.13871E-09    -559.714E-12        -9.97691
            1777     183.727E-12    -2.79912E-09         13.4190
            1778     911.673E-12    -346.101E-12        -6.70171
            1779    -16.4817E-12     473.065E-12         8.92752
            1780     1.39924E-09    -138.234E-12        -13.2405
            1781     1.21598E-09    -289.945E-12        -10.0746
            1782    -33.8194E-12     497.358E-12         9.33506
            1783    -1.66270E-09    -1.14747E-09        -9.30774
            1784    -1.33604E-09    -382.761E-12        -13.2006
            1785    -1.87125E-09    -2.00353E-09        -3.44604
            1786    -37.6660E-12     762.552E-12         16.1905
            1787    -1.38117E-09    -512.211E-12        -13.2305
            1788    -39.4484E-12     619.296E-12         12.2850
            1789    -1.04753E-09    -2.95446E-09         7.42080
            1790     1.37196E-09    -284.722E-12        -11.8592
            1791     278.612E-12    -825.706E-12     931.695E-03
            1792    -307.705E-12    -734.379E-12    -809.837E-03
            1793     402.299E-12    -614.622E-12    -978.088E-03
            1794    -79.6816E-12    -36.7478E-12         1.37675
            1795     390.352E-12    -228.793E-12        -1.45495
            1796     583.565E-12    -474.545E-12        -3.21203
            1797    -399.639E-12    -387.975E-12        -2.52728
            1798    -219.882E-12    -814.083E-12     432.113E-03
            1799    -179.904E-12    -228.263E-12    -347.053E-03
            1800    -379.517E-12    -697.514E-12        -1.76345
            1801     213.345E-12    -102.707E-12     448.128E-03
            1802     507.256E-12    -289.907E-12        -2.58862
            1803    -244.376E-12    -787.024E-12     104.018E-03
            1804    -268.737E-12    -293.180E-12        -1.24571
            1805     257.674E-12    -138.407E-12    -87.2159E-03
            1806    -151.087E-12    -175.312E-12     57.8955E-03
            1807    -456.491E-12    -446.031E-12        -3.08350
            1808     65.4713E-12     112.806E-12         3.19915
            1809     138.020E-12    -617.317E-15         1.70904
            1810     365.173E-12    -661.152E-12    -449.931E-03
            1811    -135.410E-12    -933.087E-12         1.45913
            1812    -223.926E-12    -251.283E-12    -777.041E-03
            1813     200.334E-12    -76.2912E-12     690.223E-03
            1814     332.662E-12    -205.133E-12    -906.367E-03
            1815    -340.265E-12    -724.620E-12        -1.19110
            1816    -105.563E-12    -78.8423E-12     890.889E-03
            1817     452.081E-12    -558.553E-12        -1.67297
            1818     242.164E-12    -880.109E-12         1.29613
            1819     329.917E-12    -698.484E-12    -49.3212E-03
            1820     118.705E-12     24.8945E-12         2.05287
            1821     35.7111E-12     177.639E-12         4.06113
            1822    -49.0077E-12     90.1588E-12         2.75876
            1823     79.9812E-12     49.8200E-12         2.47816
            1824     171.273E-12    -50.7313E-12         1.09279
            1825     212.611E-12    -959.270E-12         1.79226
            1826     449.404E-12    -257.930E-12        -2.02159
            1827    -172.836E-12    -875.381E-12         1.01380
            1828    -33.2914E-12     178.013E-12         3.91543
            1829     309.186E-12    -751.278E-12     373.811E-03
            1830    -68.1917E-12    -1.04035E-09         2.18771
            1831     656.249E-12    -328.291E-12        -4.11125
            1832     1.20866E-12     217.035E-12         4.58476
            1833    -275.842E-12    -762.166E-12    -301.144E-03
            1834    -702.249E-12    -509.308E-12        -5.47975
            1835     497.889E-12    -525.105E-12        -2.23379
            1836     174.310E-12    -1.05316E-09         2.35062
            1837     136.946E-12    -1.14348E-09         2.88110
            1838    -65.9742E-12     23.2523E-12         1.96970
            1839     818.516E-12    -348.181E-12        -5.79399
            1840    -430.562E-12    -665.349E-12        -2.42228
            1841     294.136E-12    -155.325E-12    -471.090E-03
            1842    -36.6310E-12    -1.16981E-09         2.96827
            1843    -125.262E-12    -129.465E-12     461.430E-03
            1844     40.2885E-12    -1.35520E-09         4.09747
            1845     27.5004E-12     292.311E-12         5.71980
            1846     45.2800E-12    -1.51771E-09         5.03937
            1847    -504.044E-12    -640.583E-12        -3.22814
            1848     101.927E-12    -1.30302E-09         3.80965
            1849    -300.838E-12    -317.937E-12        -1.56319
            1850    -536.802E-12    -572.166E-12        -3.74237
            1851     10.2926E-12     246.125E-12         5.01901
            1852    -354.694E-12    -368.123E-12        -2.09863
            1853    -672.746E-12    -558.601E-12        -5.09212
            1854     78.4106E-12    -1.52425E-09         5.09261
            1855     776.281E-12    -318.326E-12        -5.38901
            1856    -903.665E-12    -554.727E-12        -7.43949
            1857    -20.6584E-12     442.201E-12         8.29514
            1858     70.4877E-12    -1.81276E-09         6.79965
            1859     705.326E-12    -381.616E-12        -4.59225
            1860    -536.471E-12    -455.562E-12        -3.85560
            1861    -1.08920E-09    -624.436E-12        -9.05595
            1862     1.09796E-09    -260.806E-12        -8.93719
            1863     956.221E-12    -305.294E-12        -7.28807
            1864    -1.18458E-09     165.036E-12        -8.21540
            1865    -5.47866E-12     392.346E-12         7.40217
            1866     114.029E-12    -2.49208E-09         11.2560
            1867    -12.0675E-12     360.010E-12         6.80548
            1868    -1.35611E-09    -617.172E-12        -12.1738
            1869     1.31463E-09    -107.233E-12        -11.7933
            1870    -30.3831E-12     530.620E-12         10.1206
            1871     1.54108E-09    -287.716E-12        -13.9207
            1872     1.33165E-09    -193.379E-12        -12.0815
            1873    -1.05005E-09    -506.848E-12        -9.18994
            1874     59.4201E-12    -2.69611E-09         12.6659
            1875    -42.3925E-12     592.031E-12         11.5242
            1876     213.624E-12    -3.07565E-09         15.9143
            1877    -1.50777E-09    -474.389E-12        -15.2680
            1878    -54.0168E-12     754.866E-12         16.8990
            1879    -280.004E-12    -314.474E-12        -1.37512
            1880    -212.006E-12    -266.264E-12    -707.218E-03
            1881     228.857E-12    -916.989E-12         1.53271
            1882     199.600E-12    -97.8237E-12     591.923E-03
            1883     227.635E-12    -125.994E-12     228.203E-03
            1884    -162.623E-12    -213.400E-12    -163.349E-03
            1885    -215.964E-12    -795.256E-12     284.555E-03
            1886    -345.650E-12    -700.096E-12        -1.41416
            1887     362.811E-12    -227.772E-12        -1.20327
            1888    -90.5078E-12    -60.8517E-12         1.12631
            1889     123.743E-12    -489.333E-15         1.80488
            1890    -389.990E-12    -431.819E-12        -2.45826
            1891     140.965E-12    -23.6057E-12         1.51104
            1892    -417.852E-12    -461.432E-12        -2.71671
            1893     12.9397E-12    -1.17629E-09         3.03908
            1894     72.7111E-12     80.8868E-12         2.82277
            1895    -33.5351E-12     113.951E-12         3.11972
            1896     475.378E-12    -283.562E-12        -2.28094
            1897    -328.901E-12    -353.505E-12        -1.85216
            1898     385.384E-12    -617.468E-12    -840.919E-03
            1899     42.0152E-12     144.903E-12         3.63611
            1900     470.967E-12    -534.294E-12        -1.93832
            1901     343.998E-12    -679.792E-12    -227.308E-03
            1902     102.867E-12     23.8506E-12         2.13227
            1903     534.630E-12    -496.015E-12        -2.67778
            1904    -87.6424E-12    -984.902E-12         1.83044
            1905     420.571E-12    -254.369E-12        -1.75147
            1906    -68.4539E-12    -16.4417E-12         1.61467
            1907    -392.968E-12    -676.785E-12        -2.00499
            1908    -186.930E-12    -824.872E-12     605.527E-03
            1909     288.740E-12    -778.117E-12     589.992E-03
            1910     410.120E-12    -596.586E-12        -1.13475
            1911    -143.518E-12    -889.751E-12         1.15293
            1912    -253.078E-12    -303.162E-12        -1.12581
            1913     312.529E-12    -719.577E-12     144.660E-03
            1914     186.813E-12    -72.9751E-12     829.649E-03
            1915     310.892E-12    -204.782E-12    -708.539E-03
            1916     24.7158E-12     211.331E-12         4.52485
            1917    -291.988E-12    -735.199E-12    -671.831E-03
            1918    -250.838E-12    -771.845E-12    -65.8161E-03
            1919    -98.5521E-12    -100.731E-12     821.926E-03
            1920     249.086E-12    -849.404E-12         1.09668
            1921     193.377E-12    -1.00488E-09         2.06973
            1922     114.385E-12    -1.18537E-09         3.12920
            1923    -53.3682E-12     42.9850E-12         2.24387
            1924     145.860E-12    -1.06784E-09         2.43715
            1925     273.062E-12    -168.318E-12    -301.504E-03
            1926     556.649E-12    -330.864E-12        -3.08641
            1927    -135.070E-12    -163.458E-12     234.886E-03
            1928     79.5563E-12    -1.36198E-09         4.15192
            1929     33.0340E-12    -1.22905E-09         3.35694
            1930    -477.549E-12    -579.177E-12        -3.15245
            1931    -315.185E-12    -715.978E-12        -1.02215
            1932    -6.98550E-12     182.231E-12         4.08575
            1933     60.5010E-12    -1.43734E-09         4.58241
            1934    -532.560E-12    -525.614E-12        -3.78016
            1935     15.1128E-12     190.505E-12         4.23679
            1936    -360.224E-12    -398.602E-12        -2.17393
            1937     708.866E-12    -324.858E-12        -4.67174
            1938    -573.656E-12    -485.263E-12        -4.21385
            1939    -45.6559E-12    -1.10621E-09         2.59595
            1940     860.340E-12    -310.213E-12        -6.27692
            1941    -598.970E-12    -516.944E-12        -4.44393
            1942     64.8311E-12    -1.61162E-09         5.59974
            1943    -810.933E-12    -544.220E-12        -6.51113
            1944     585.755E-12    -460.698E-12        -3.25734
            1945     524.006E-12    -321.204E-12        -2.75889
            1946     2.95603E-12     314.603E-12         6.07511
            1947    -487.190E-12    -473.555E-12        -3.37470
            1948     746.007E-12    -350.455E-12        -5.05003
            1949     660.703E-12    -411.488E-12        -4.09640
            1950    -1.43858E-09    -706.839E-12        -12.3955
            1951     1.36567E-09    -234.508E-12        -12.2648
            1952     1.53882E-09    -363.395E-12        -12.8689
            1953     317.377E-12    -3.06744E-09         14.7771
            1954     120.819E-12    -2.77582E-09         13.4366
            1955    -1.21371E-09     60.2451E-12        -9.65401
            1956    -1.14475E-09     284.822E-12        -6.41951
            1957    -49.8734E-12     683.071E-12         14.1785
            1958    -42.7172E-12    -2.80458E-09         12.8749
            1959    -962.666E-12    -532.372E-12        -8.13747
            1960     156.149E-12    -49.7634E-12         1.21831
            1961    -322.776E-12    -378.252E-12        -1.82374
            1962    -359.780E-12    -685.901E-12        -1.63491
            1963    -300.331E-12    -342.043E-12        -1.59108
            1964     392.942E-12    -598.646E-12    -992.796E-03
            1965     128.942E-12    -24.3743E-12         1.58363
            1966    -69.4133E-12    -53.1151E-12         1.33158
            1967     393.515E-12    -251.753E-12        -1.50135
            1968    -204.693E-12    -807.020E-12     418.624E-03
            1969     558.914E-12    -464.874E-12        -2.98156
            1970    -188.342E-12    -266.112E-12    -511.900E-03
            1971     212.727E-12    -127.594E-12     349.620E-03
            1972    -382.985E-12    -476.175E-12        -2.38808
            1973     39.0536E-12    -1.17889E-09         3.06942
            1974     266.655E-12    -805.146E-12     796.152E-03
            1975    -301.529E-12    -719.931E-12    -872.402E-03
            1976     210.958E-12    -916.143E-12         1.52602
            1977    -224.512E-12    -781.437E-12     137.196E-03
            1978     108.808E-12    -3.25410E-12         1.86578
            1979     63.2458E-12     44.7920E-12         2.47893
            1980     255.692E-12    -160.139E-12    -127.752E-03
            1981    -39.7840E-12     62.2702E-12         2.51923
            1982     45.3468E-12     110.212E-12         3.21552
            1983    -145.779E-12    -200.472E-12     12.5799E-03
            1984    -226.276E-12    -287.658E-12    -869.406E-03
            1985     187.302E-12    -92.5214E-12     721.618E-03
            1986     25.4379E-12     171.693E-12         3.99020
            1987    -271.058E-12    -333.913E-12        -1.32627
            1988     337.020E-12    -229.225E-12    -974.478E-03
            1989    -125.062E-12    -914.903E-12         1.34791
            1990    -85.8138E-12    -86.2412E-12     999.289E-03
            1991     455.159E-12    -539.992E-12        -1.76855
            1992     314.841E-12    -688.943E-12    -59.0785E-03
            1993     347.392E-12    -653.729E-12    -406.874E-03
            1994     446.679E-12    -278.493E-12        -2.00839
            1995     586.379E-12    -349.297E-12        -3.38759
            1996    -329.984E-12    -709.385E-12        -1.20555
            1997    -359.017E-12    -447.965E-12        -2.17574
            1998    -160.406E-12    -861.232E-12     926.924E-03
            1999     231.008E-12    -863.110E-12         1.19124
            2000     129.093E-12    -1.09693E-09         2.61261
            2001     654.679E-12    -380.882E-12        -4.07821
            2002     293.362E-12    -742.458E-12     340.843E-03
            2003     162.855E-12    -1.02892E-09         2.21322
            2004    -404.803E-12    -651.697E-12        -2.23284
            2005    -56.6732E-12     1.23097E-12         1.84078
            2006     485.497E-12    -517.382E-12        -2.13029
            2007    -484.175E-12    -538.944E-12        -3.29253
            2008     89.5463E-12    -1.22793E-09         3.37342
            2009     492.310E-12    -312.880E-12        -2.45080
            2010    -423.724E-12    -587.945E-12        -2.61092
            2011    -257.506E-12    -741.642E-12    -364.023E-03
            2012     291.404E-12    -176.608E-12    -484.182E-03
            2013    -513.641E-12    -500.375E-12        -3.62000
            2014     18.5886E-12     271.451E-12         5.40488
            2015     9.75644E-12     161.240E-12         3.84671
            2016    -119.871E-12    -151.954E-12     402.501E-03
            2017    -67.5916E-12    -1.00124E-09         1.95288
            2018     633.267E-12    -353.272E-12        -3.87339
            2019    -442.940E-12    -489.385E-12        -2.94464
            2020    -4.22781E-12    -1.12585E-09         2.73495
            2021     527.474E-12    -353.094E-12        -2.79186
            2022    -15.0439E-12     139.050E-12         3.50524
            2023     621.856E-12    -409.202E-12        -3.70769
            2024     37.2043E-12    -2.98086E-09         14.9104
            2025     1.51634E-09    -223.860E-12        -14.3980
            2026    -1.65775E-09    -602.927E-12        -16.4837
            2027    -119.897E-12    -3.02438E-09         14.0948
            2028     1.72293E-09    -300.878E-12        -16.2774
            2029     115.165E-12    -29.5194E-12         1.62099
            2030    -304.614E-12    -701.574E-12        -1.02702
            2031     206.492E-12    -880.540E-12         1.30924
            2032     243.121E-12    -829.374E-12     973.682E-03
            2033    -203.013E-12    -282.458E-12    -666.539E-03
            2034     196.090E-12    -119.098E-12     521.135E-03
            2035    -194.721E-12    -793.029E-12     341.202E-03
            2036     225.457E-12    -142.702E-12     185.790E-03
            2037    -341.978E-12    -672.459E-12        -1.53387
            2038     272.809E-12    -766.461E-12     534.068E-03
            2039     464.845E-12    -304.247E-12        -2.18692
            2040    -157.000E-12    -237.165E-12    -190.688E-03
            2041     367.442E-12    -250.871E-12        -1.26607
            2042    -77.3096E-12    -71.6264E-12         1.15206
            2043     54.2328E-12     7.94358E-12         2.14596
            2044    -270.693E-12    -718.534E-12    -631.949E-03
            2045     610.246E-12    -380.474E-12        -3.61985
            2046     176.232E-12    -93.0162E-12     805.563E-03
            2047    -333.164E-12    -420.681E-12        -1.93888
            2048     54.8814E-12     76.0769E-12         2.82010
            2049     93.5257E-12    -7.29474E-12         1.90081
            2050     26.1438E-12     149.103E-12         3.69956
            2051     395.388E-12    -274.568E-12        -1.53367
            2052     362.311E-12    -619.474E-12    -680.649E-03
            2053     506.818E-12    -493.182E-12        -2.40385
            2054     60.4742E-12    -1.27121E-09         3.62113
            2055     138.736E-12    -47.0694E-12         1.35597
            2056    -59.4913E-12    -35.2159E-12         1.52678
            2057    -352.757E-12    -489.422E-12        -2.10247
            2058    -301.513E-12    -362.037E-12        -1.62019
            2059     400.330E-12    -583.011E-12        -1.12232
            2060     464.355E-12    -518.404E-12        -1.92321
            2061    -171.752E-12    -808.136E-12     526.221E-03
            2062     330.963E-12    -670.087E-12    -234.190E-03
            2063    -74.9938E-12    -961.264E-12         1.69860
            2064    -236.506E-12    -309.380E-12    -994.995E-03
            2065     180.768E-12    -942.148E-12         1.69013
            2066    -124.138E-12    -882.349E-12         1.13055
            2067     8.37652E-12     128.941E-12         3.43937
            2068    -464.904E-12    -515.572E-12        -3.13462
            2069     296.643E-12    -709.453E-12     123.081E-03
            2070    -44.2546E-12     18.1744E-12         2.06550
            2071    -439.474E-12    -559.590E-12        -2.82794
            2072     150.789E-12    -1.00718E-09         2.08293
            2073     312.313E-12    -229.573E-12    -758.367E-03
            2074    -230.211E-12    -765.876E-12    -12.6887E-03
            2075     557.188E-12    -436.444E-12        -3.01544
            2076    -90.7832E-12    -123.396E-12     751.836E-03
            2077     499.524E-12    -345.062E-12        -2.52062
            2078    -404.802E-12    -612.542E-12        -2.36852
            2079     270.288E-12    -191.387E-12    -330.710E-03
            2080    -129.357E-12    -188.451E-12     180.823E-03
            2081    -404.444E-12    -503.914E-12        -2.56817
            2082    -24.6434E-12     79.8947E-12         2.78105
            2083    -23.3018E-12    -1.08315E-09         2.47528
            2084    -351.068E-12    -659.705E-12        -1.68150
            2085     26.4525E-12    -1.13716E-09         2.82145
            2086     536.825E-12    -381.543E-12        -2.87263
            2087     1.71202E-09    -510.653E-12        -13.0134
            2088     1.46832E-09    -176.465E-12        -14.1753
            2089    -1.80269E-09    -603.416E-12        -19.0647
            2090     124.893E-12    -3.05922E-09         15.9443
            2091     143.412E-12    -76.1526E-12         1.13123
            2092    -245.182E-12    -339.021E-12        -1.11250
            2093    -12.8395E-12    -1.03798E-09         2.21773
            2094     503.518E-12    -462.573E-12        -2.43727
            2095    -58.7393E-12    -68.8240E-12         1.28592
            2096     371.767E-12    -272.276E-12        -1.32096
            2097    -31.4150E-12     34.4727E-12         2.28477
            2098     376.795E-12    -593.583E-12    -902.121E-03
            2099    -7.19363E-12     91.8023E-12         2.97397
            2100    -160.193E-12    -791.237E-12     444.516E-03
            2101     100.032E-12    -34.4483E-12         1.65231
            2102    -167.711E-12    -271.626E-12    -365.724E-03
            2103     205.206E-12    -150.647E-12     315.973E-03
            2104     77.8536E-12    -12.6428E-12         1.90982
            2105     47.3626E-12     37.3746E-12         2.43552
            2106    -105.027E-12    -138.432E-12     576.249E-03
            2107     183.235E-12    -109.084E-12     668.401E-03
            2108    -422.783E-12    -531.309E-12        -2.71189
            2109    -332.075E-12    -463.070E-12        -1.92950
            2110     30.7254E-12     96.1545E-12         3.06860
            2111    -206.657E-12    -775.684E-12     168.268E-03
            2112     421.953E-12    -304.954E-12        -1.78793
            2113    -216.722E-12    -304.359E-12    -822.403E-03
            2114     209.228E-12    -841.365E-12         1.07017
            2115    -300.309E-12    -678.749E-12        -1.12361
            2116     235.123E-12    -172.584E-12     7.27250E-03
            2117     251.470E-12    -790.813E-12     718.735E-03
            2118    -140.298E-12    -225.352E-12    -29.8738E-03
            2119     341.655E-12    -253.198E-12        -1.04162
            2120    -77.3097E-12    -107.336E-12     929.071E-03
            2121    -283.861E-12    -708.102E-12    -807.753E-03
            2122     413.554E-12    -557.167E-12        -1.33706
            2123     571.644E-12    -380.438E-12        -3.22348
            2124    -115.929E-12    -902.510E-12         1.27613
            2125     276.872E-12    -731.300E-12     305.852E-03
            2126     102.067E-12    -1.06306E-09         2.40949
            2127     300.111E-12    -676.938E-12    -76.0494E-03
            2128     57.1536E-12    -1.17230E-09         3.04697
            2129     338.933E-12    -638.525E-12    -449.477E-03
            2130    -113.377E-12    -176.114E-12     345.580E-03
            2131    -387.600E-12    -632.991E-12        -2.13410
            2132    -133.959E-12    -856.172E-12     941.530E-03
            2133     123.470E-12    -1.00209E-09         2.05346
            2134    -392.265E-12    -569.105E-12        -2.35993
            2135    -47.7647E-12    -21.8989E-12         1.69954
            2136    -342.594E-12    -526.499E-12        -1.97183
            2137     477.687E-12    -491.926E-12        -2.12252
            2138     506.593E-12    -377.664E-12        -2.57714
            2139    -238.131E-12    -729.838E-12    -326.765E-03
            2140     121.905E-12    -54.8512E-12         1.39727
            2141    -43.7519E-12    -972.639E-12         1.79695
            2142     266.601E-12    -214.895E-12    -354.330E-03
            2143    -328.982E-12    -654.083E-12        -1.50054
            2144     174.089E-12    -903.122E-12         1.45795
            2145     584.661E-12    -408.496E-12        -3.33113
            2146     472.815E-12    -334.853E-12        -2.26467
            2147     1.66431E-09    -219.074E-12        -16.8029
            2148    -181.841E-12    -286.988E-12    -509.177E-03
            2149     188.891E-12    -141.050E-12     474.492E-03
            2150    -178.496E-12    -779.197E-12     302.292E-03
            2151     349.823E-12    -274.133E-12        -1.13051
            2152    -66.4420E-12    -89.3785E-12         1.10477
            2153    -290.185E-12    -688.479E-12    -981.776E-03
            2154    -254.198E-12    -376.969E-12        -1.23148
            2155     229.941E-12    -815.430E-12     895.079E-03
            2156     255.985E-12    -754.126E-12     485.367E-03
            2157     219.774E-12    -162.023E-12     162.150E-03
            2158    -152.267E-12    -260.313E-12    -221.878E-03
            2159    -97.6926E-12    -162.249E-12     511.887E-03
            2160    -111.568E-12    -116.149E-12     638.050E-03
            2161    -339.578E-12    -637.809E-12        -1.66524
            2162    -309.095E-12    -437.202E-12        -1.72881
            2163     46.9686E-12    -30.0661E-12         1.82414
            2164     162.950E-12    -99.5875E-12     863.842E-03
            2165     35.0175E-12     195.912E-15         2.09438
            2166     84.8681E-12    -39.8459E-12         1.66510
            2167    -123.326E-12    -214.059E-12     128.511E-03
            2168     38.1669E-12     67.0125E-12         2.74619
            2169     26.9156E-12     122.693E-12         3.37839
            2170    -327.016E-12    -500.857E-12        -1.86192
            2171    -250.336E-12    -715.319E-12    -506.159E-03
            2172     394.055E-12    -297.385E-12        -1.53323
            2173     106.273E-12    -60.9893E-12         1.42618
            2174     9.85695E-12    -1.03080E-09         2.18534
            2175    -82.6418E-12    -146.853E-12     680.091E-03
            2176    -384.785E-12    -541.971E-12        -2.33772
            2177    -312.809E-12    -667.568E-12        -1.29156
            2178     127.363E-12    -81.2055E-12         1.18802
            2179    -53.1720E-12    -51.3125E-12         1.44180
            2180     190.297E-12    -870.967E-12         1.25946
            2181     344.848E-12    -603.675E-12    -651.619E-03
            2182     393.026E-12    -572.594E-12        -1.11261
            2183    -283.428E-12    -410.284E-12        -1.50028
            2184    -34.9342E-12    -7.57958E-12         1.88396
            2185    -144.387E-12    -825.470E-12     716.697E-03
            2186     157.171E-12    -961.866E-12         1.81317
            2187     447.172E-12    -322.690E-12        -2.02300
            2188     448.035E-12    -501.688E-12        -1.82018
            2189     45.2914E-12    -1.10733E-09         2.65685
            2190     318.920E-12    -657.398E-12    -255.307E-03
            2191     103.741E-12    -1.01235E-09         2.11532
            2192    -106.854E-12    -855.813E-12     989.221E-03
            2193     280.547E-12    -697.391E-12     99.2492E-03
            2194    -73.3516E-12    -922.753E-12         1.46067
            2195     475.038E-12    -371.965E-12        -2.27376
            2196    -211.819E-12    -741.456E-12    -96.9304E-03
            2197     492.047E-12    -401.454E-12        -2.41431
            2198    -374.624E-12    -597.845E-12        -2.12293
            2199     527.659E-12    -434.709E-12        -2.72449
            2200     313.365E-12    -260.453E-12    -810.470E-03
            2201    -14.0697E-12    -982.531E-12         1.88498
            2202     246.765E-12    -205.017E-12    -176.399E-03
            2203    -219.650E-12    -333.750E-12    -895.405E-03
            2204    -1.30469E-12     55.5853E-12         2.59857
            2205     550.982E-12    -407.559E-12        -2.99097
            2206     12.1924E-12     93.4114E-12         3.03030
            2207     461.148E-12    -480.870E-12        -1.98884
            2208    -1.33544E-09     162.240E-12        -10.5341
            2209    -1.34880E-09    -83.3625E-12        -13.0121
            2210     147.789E-12    -102.872E-12     940.760E-03
            2211     91.1402E-12    -66.7501E-12         1.44127
            2212     111.763E-12    -87.8074E-12         1.21726
            2213    -285.101E-12    -665.114E-12        -1.06280
            2214     153.960E-12    -894.991E-12         1.41712
            2215     19.6755E-12     53.6147E-12         2.60805
            2216    -47.3073E-12    -77.8888E-12         1.28145
            2217     373.076E-12    -292.272E-12        -1.34461
            2218     192.426E-12    -829.712E-12         1.01149
            2219     451.478E-12    -357.067E-12        -2.05816
            2220    -153.271E-12    -776.382E-12     372.183E-03
            2221     70.0079E-12    -46.3305E-12         1.65463
            2222     362.344E-12    -581.540E-12    -855.938E-03
            2223     23.1312E-12    -23.6833E-12         1.88475
            2224     199.419E-12    -171.961E-12     272.752E-03
            2225    -163.172E-12    -288.373E-12    -373.276E-03
            2226     170.369E-12    -128.504E-12     660.356E-03
            2227    -309.641E-12    -636.578E-12        -1.40032
            2228    -308.658E-12    -477.018E-12        -1.71722
            2229    -135.648E-12    -250.594E-12    -76.8390E-03
            2230     285.039E-12    -248.908E-12    -566.581E-03
            2231    -195.811E-12    -324.334E-12    -693.225E-03
            2232     42.2771E-12    -1.02371E-09         2.16047
            2233    -220.211E-12    -362.051E-12    -940.603E-03
            2234    -67.7096E-12    -129.467E-12     856.741E-03
            2235    -319.606E-12    -529.766E-12        -1.76303
            2236    -192.688E-12    -763.008E-12     137.305E-03
            2237     234.534E-12    -777.821E-12     660.588E-03
            2238    -362.531E-12    -622.355E-12        -1.93635
            2239     69.9371E-12    -1.06778E-09         2.43560
            2240     331.610E-12    -285.050E-12    -987.493E-03
            2241     467.189E-12    -396.892E-12        -2.17885
            2242     259.995E-12    -718.731E-12     271.581E-03
            2243    -22.3465E-12     7.37375E-12         2.06806
            2244    -253.941E-12    -696.600E-12    -646.800E-03
            2245    -73.9623E-12    -171.797E-12     603.715E-03
            2246     228.995E-12    -194.276E-12    -13.3903E-03
            2247     408.673E-12    -532.528E-12        -1.38519
            2248     480.617E-12    -456.845E-12        -2.22558
            2249    -75.2743E-12    -888.801E-12         1.24682
            2250     114.180E-12    -975.216E-12         1.89726
            2251    -40.3535E-12    -49.9497E-12         1.51643
            2252     80.8172E-12    -1.00308E-09         2.05641
            2253     284.983E-12    -663.552E-12    -92.0644E-03
            2254     325.283E-12    -623.738E-12    -453.970E-03
            2255    -112.081E-12    -827.964E-12     804.980E-03
            2256     261.624E-12    -238.629E-12    -367.829E-03
            2257    -212.224E-12    -713.344E-12    -273.975E-03
            2258     15.0061E-12    -993.152E-12         1.96719
            2259    -106.199E-12    -201.937E-12     286.458E-03
            2260    -288.367E-12    -453.119E-12        -1.54975
            2261    -241.967E-12    -405.117E-12        -1.15216
            2262    -44.7739E-12    -931.416E-12         1.54641
            2263     500.890E-12    -431.086E-12        -2.46393
            2264     405.553E-12    -329.648E-12        -1.64284
            2265    -265.620E-12    -675.242E-12    -854.778E-03
            2266    -331.228E-12    -617.501E-12        -1.66329
            2267    -52.5483E-12    -108.301E-12         1.05819
            2268    -215.905E-12    -387.803E-12    -933.698E-03
            2269     183.866E-12    -165.512E-12     401.613E-03
            2270    -172.647E-12    -310.659E-12    -491.854E-03
            2271     213.183E-12    -802.720E-12     833.811E-03
            2272    -2.45216E-12     5.38459E-12         2.10822
            2273    -164.112E-12    -766.827E-12     273.691E-03
            2274     357.023E-12    -289.213E-12        -1.20329
            2275    -25.6342E-12    -33.1336E-12         1.70810
            2276    -194.612E-12    -350.219E-12    -725.743E-03
            2277     76.5267E-12    -72.4032E-12         1.44249
            2278     439.676E-12    -475.432E-12        -1.80677
            2279    -149.732E-12    -283.831E-12    -266.364E-03
            2280    -13.3241E-12    -937.995E-12         1.61425
            2281     238.450E-12    -740.997E-12     440.800E-03
            2282     56.1895E-12    -54.5828E-12         1.61613
            2283     213.751E-12    -182.875E-12     133.709E-03
            2284     288.581E-12    -223.657E-12    -549.378E-03
            2285     277.367E-12    -273.839E-12    -548.906E-03
            2286     16.3271E-12     18.8660E-12         2.26219
            2287     116.994E-12    -115.491E-12         1.01957
            2288    -89.5846E-12    -188.140E-12     443.961E-03
            2289     34.2323E-12     29.9729E-12         2.37365
            2290    -352.577E-12    -556.193E-12        -2.01778
            2291     240.291E-12    -228.237E-12    -189.546E-03
            2292    -305.181E-12    -512.041E-12        -1.65945
            2293    -58.7967E-12    -153.888E-12     767.853E-03
            2294     136.954E-12    -939.086E-12         1.68074
            2295    -343.269E-12    -587.116E-12        -1.86162
            2296    -232.786E-12    -691.917E-12    -524.892E-03
            2297     299.541E-12    -287.181E-12    -733.671E-03
            2298     96.0838E-12    -958.233E-12         1.79448
            2299     451.579E-12    -419.784E-12        -2.00936
            2300     55.6411E-12    -977.686E-12         1.89515
            2301     382.182E-12    -558.073E-12        -1.08814
            2302     457.598E-12    -450.721E-12        -2.01770
            2303     328.071E-12    -588.592E-12    -618.127E-03
            2304    -138.078E-12    -798.099E-12     556.333E-03
            2305    -295.684E-12    -653.542E-12        -1.20707
            2306     172.663E-12    -860.286E-12         1.20358
            2307     424.141E-12    -501.193E-12        -1.60710
            2308    -117.805E-12    -240.884E-12     70.6657E-03
            2309     264.409E-12    -683.971E-12     75.3617E-03
            2310     305.027E-12    -643.528E-12    -266.728E-03
            2311    -79.3039E-12    -857.644E-12         1.04903
            2312    -184.013E-12    -717.358E-12    -99.8087E-03
            2313    -47.4149E-12    -893.620E-12         1.31306
            2314     150.562E-12    -129.473E-12     775.214E-03
            2315    -287.823E-12    -491.226E-12        -1.52883
            2316     368.095E-12    -310.376E-12        -1.30958
            2317     409.366E-12    -364.203E-12        -1.67167
            2318     96.2627E-12    -93.6121E-12         1.23718
            2319    -250.367E-12    -447.790E-12        -1.23357
            2320     134.229E-12    -883.308E-12         1.35092
            2321     100.418E-12    -121.288E-12         1.04666
            2322    -99.0298E-12    -230.314E-12     219.682E-03
            2323    -172.147E-12    -339.954E-12    -545.036E-03
            2324    -230.792E-12    -427.489E-12        -1.07446
            2325     430.122E-12    -377.244E-12        -1.85225
            2326     62.9954E-12    -78.0301E-12         1.43027
            2327    -134.185E-12    -771.686E-12     406.588E-03
            2328    -63.9499E-12    -198.518E-12     526.619E-03
            2329     172.962E-12    -817.445E-12     952.864E-03
            2330     33.5571E-12    -46.3449E-12         1.69947
            2331     195.467E-12    -190.120E-12     229.952E-03
            2332     166.399E-12    -160.252E-12     531.407E-03
            2333     4.26097E-12    -22.1216E-12         1.87881
            2334     346.663E-12    -567.316E-12    -808.261E-03
            2335     435.110E-12    -443.479E-12        -1.82504
            2336    -44.1442E-12    -136.595E-12     925.129E-03
            2337     24.2712E-12    -942.023E-12         1.66878
            2338     220.842E-12    -217.028E-12    -24.8395E-03
            2339     319.283E-12    -303.658E-12    -904.824E-03
            2340     136.437E-12    -127.166E-12     862.479E-03
            2341     216.312E-12    -764.418E-12     608.068E-03
            2342    -175.010E-12    -757.801E-12     176.598E-03
            2343    -290.874E-12    -621.837E-12        -1.29208
            2344     340.375E-12    -319.542E-12        -1.08404
            2345    -269.512E-12    -469.636E-12        -1.38679
            2346    -29.5882E-12    -69.9957E-12         1.41182
            2347    -132.675E-12    -276.401E-12    -133.115E-03
            2348     388.208E-12    -349.674E-12        -1.48990
            2349    -241.460E-12    -664.337E-12    -724.300E-03
            2350     115.380E-12    -920.589E-12         1.57329
            2351     448.451E-12    -389.292E-12        -2.01306
            2352     243.057E-12    -705.036E-12     237.787E-03
            2353     268.410E-12    -297.771E-12    -521.768E-03
            2354     385.908E-12    -520.069E-12        -1.23915
            2355     94.8457E-12    -903.174E-12         1.46809
            2356    -51.5806E-12    -858.837E-12         1.10003
            2357    -192.387E-12    -685.852E-12    -307.169E-03
            2358    -83.4923E-12    -828.343E-12     865.979E-03
            2359     309.031E-12    -608.906E-12    -438.531E-03
            2360     268.913E-12    -649.154E-12    -103.075E-03
            2361    -3.82078E-12    -48.4068E-12         1.64842
            2362     254.928E-12    -262.506E-12    -369.008E-03
            2363     80.7811E-12    -98.0107E-12         1.25340
            2364    -35.4560E-12    -101.867E-12         1.17124
            2365    -271.560E-12    -644.990E-12        -1.04221
            2366    -192.205E-12    -376.007E-12    -742.910E-03
            2367    -150.974E-12    -308.087E-12    -334.242E-03
            2368    -289.734E-12    -575.764E-12        -1.41695
            2369     418.552E-12    -468.203E-12        -1.63412
            2370    -312.178E-12    -550.473E-12        -1.66532
            2371    -17.7532E-12    -895.354E-12         1.35820
            2372    -269.511E-12    -507.051E-12        -1.36142
            2373     147.130E-12    -156.385E-12     654.476E-03
            2374     194.170E-12    -789.673E-12     777.041E-03
            2375    -149.025E-12    -752.403E-12     244.885E-03
            2376     52.3409E-12    -82.3910E-12         1.41447
            2377     391.353E-12    -385.968E-12        -1.50445
            2378    -170.747E-12    -366.570E-12    -577.894E-03
            2379     204.941E-12    -204.032E-12     120.921E-03
            2380     220.757E-12    -726.904E-12     396.873E-03
            2381    -131.899E-12    -302.001E-12    -196.170E-03
            2382    -48.7682E-12    -178.352E-12     683.985E-03
            2383     83.1005E-12    -124.212E-12         1.07916
            2384     288.841E-12    -310.648E-12    -681.172E-03
            2385    -234.652E-12    -465.424E-12        -1.10708
            2386    -29.6296E-12    -122.861E-12         1.05877
            2387    -246.212E-12    -640.914E-12    -860.015E-03
            2388    -17.6947E-12    -57.2500E-12         1.54548
            2389    -290.643E-12    -593.494E-12        -1.37884
            2390     366.218E-12    -544.314E-12        -1.01860
            2391    -80.3465E-12    -217.266E-12     369.620E-03
            2392     49.0507E-12    -102.661E-12         1.27735
            2393    -207.845E-12    -669.835E-12    -472.332E-03
            2394     308.750E-12    -324.793E-12    -839.962E-03
            2395     153.496E-12    -848.212E-12         1.14134
            2396     310.751E-12    -573.304E-12    -578.402E-03
            2397    -112.518E-12    -775.812E-12     495.477E-03
            2398     402.316E-12    -493.896E-12        -1.44103
            2399    -114.094E-12    -268.674E-12     3.78900E-03
            2400    -23.3337E-12    -90.4043E-12         1.28958
            2401     125.438E-12    -146.795E-12     805.251E-03
            2402    -23.6088E-12    -857.689E-12         1.13057
            2403    -205.675E-12    -429.261E-12    -884.415E-03
            2404    -283.169E-12    -556.245E-12        -1.40440
            2405     233.090E-12    -251.806E-12    -198.596E-03
            2406     247.921E-12    -669.597E-12     53.7386E-03
            2407    -172.128E-12    -694.331E-12    -158.392E-03
            2408    -56.0540E-12    -827.364E-12     909.416E-03
            2409     430.710E-12    -410.974E-12        -1.82884
            2410     289.186E-12    -628.962E-12    -266.633E-03
            2411     182.047E-12    -192.882E-12     301.389E-03
            2412     1.92774E-12    -74.2144E-12         1.46346
            2413    -150.737E-12    -358.574E-12    -433.182E-03
            2414    -258.349E-12    -617.181E-12        -1.04004
            2415     351.196E-12    -354.687E-12        -1.18036
            2416     12.0775E-12    -891.239E-12         1.36216
            2417     397.421E-12    -458.322E-12        -1.47304
            2418     76.6078E-12    -883.567E-12         1.35047
            2419    -132.015E-12    -327.216E-12    -256.697E-03
            2420    -34.8543E-12    -159.571E-12     830.464E-03
            2421     226.045E-12    -275.900E-12    -209.787E-03
            2422     381.660E-12    -483.210E-12        -1.29677
            2423    -116.474E-12    -755.411E-12     370.837E-03
            2424    -93.6702E-12    -261.120E-12     139.688E-03
            2425     3.62658E-12    -852.856E-12         1.13176
            2426     114.476E-12    -869.501E-12         1.27352
            2427     19.6886E-12    -68.0052E-12         1.52939
            2428     35.2995E-12    -115.424E-12         1.20100
            2429    -273.035E-12    -600.234E-12        -1.21195
            2430    -275.378E-12    -537.624E-12        -1.37114
            2431     259.676E-12    -320.995E-12    -495.204E-03
            2432     150.250E-12    -803.897E-12     890.393E-03
            2433    -168.445E-12    -392.898E-12    -596.120E-03
            2434    -217.830E-12    -648.798E-12    -626.171E-03
            2435     197.414E-12    -750.009E-12     555.090E-03
            2436     329.367E-12    -552.404E-12    -750.589E-03
            2437     103.113E-12    -149.488E-12     873.798E-03
            2438    -218.839E-12    -445.514E-12    -986.527E-03
            2439    -17.2076E-12    -109.750E-12         1.17781
            2440     163.347E-12    -191.175E-12     412.252E-03
            2441    -158.405E-12    -722.370E-12     44.9111E-03
            2442    -245.857E-12    -623.268E-12    -922.513E-03
            2443    -51.3690E-12    -224.280E-12     463.686E-03
            2444     67.1512E-12    -124.227E-12         1.11291
            2445    -148.751E-12    -384.049E-12    -459.406E-03
            2446     329.692E-12    -339.707E-12        -1.00748
            2447     211.272E-12    -240.505E-12    -32.3036E-03
            2448    -112.812E-12    -296.204E-12    -69.1850E-03
            2449     298.219E-12    -346.028E-12    -776.840E-03
            2450    -251.700E-12    -486.652E-12        -1.23281
            2451     226.216E-12    -690.466E-12     205.023E-03
            2452    -273.692E-12    -578.288E-12        -1.27604
            2453    -11.5963E-12    -79.5126E-12         1.39770
            2454     355.534E-12    -391.623E-12        -1.20655
            2455     365.378E-12    -507.321E-12        -1.11748
            2456    -29.1326E-12    -824.662E-12     934.905E-03
            2457    -174.689E-12    -663.357E-12    -308.322E-03
            2458    -60.1152E-12    -798.026E-12     737.614E-03
            2459     291.685E-12    -593.568E-12    -414.840E-03
            2460     122.841E-12    -180.746E-12     642.332E-03
            2461     251.915E-12    -634.036E-12    -108.556E-03
            2462     393.212E-12    -422.432E-12        -1.48876
            2463     187.976E-12    -224.883E-12     152.165E-03
            2464     411.035E-12    -399.408E-12        -1.66534
            2465     18.5954E-12    -97.6669E-12         1.31603
            2466    -233.809E-12    -502.762E-12        -1.08059
            2467     143.145E-12    -186.606E-12     530.511E-03
            2468     83.0705E-12    -150.435E-12     924.516E-03
            2469     173.338E-12    -775.154E-12     717.223E-03
            2470    -129.537E-12    -731.117E-12     200.901E-03
            2471     3.00166E-12    -103.857E-12         1.25767
            2472    -217.787E-12    -479.919E-12    -974.159E-03
            2473     317.660E-12    -360.101E-12    -922.351E-03
            2474    -242.941E-12    -599.430E-12    -975.574E-03
            2475     95.8467E-12    -856.604E-12         1.19863
            2476    -165.236E-12    -418.499E-12    -599.594E-03
            2477     203.514E-12    -711.898E-12     352.243E-03
            2478    -36.8044E-12    -200.282E-12     619.333E-03
            2479    -187.738E-12    -431.593E-12    -757.386E-03
            2480    -224.993E-12    -628.644E-12    -751.098E-03
            2481     376.619E-12    -446.357E-12        -1.32159
            2482    -232.240E-12    -612.031E-12    -858.530E-03
            2483     29.9342E-12    -843.742E-12         1.10173
            2484     336.976E-12    -375.133E-12        -1.06736
            2485     102.262E-12    -178.125E-12     725.164E-03
            2486    -258.726E-12    -561.111E-12        -1.19264
            2487    -132.247E-12    -352.045E-12    -308.705E-03
            2488     161.447E-12    -222.920E-12     296.107E-03
            2489     54.0757E-12    -127.416E-12         1.11214
            2490    -253.211E-12    -584.518E-12        -1.09546
            2491    -186.488E-12    -648.466E-12    -431.987E-03
            2492     347.843E-12    -530.402E-12    -932.889E-03
            2493     239.792E-12    -310.248E-12    -357.032E-03
            2494    -93.3226E-12    -292.302E-12     43.6166E-03
            2495    -92.7780E-12    -748.309E-12     401.327E-03
            2496    -69.1253E-12    -253.134E-12     281.790E-03
            2497     292.760E-12    -557.399E-12    -533.923E-03
            2498     204.347E-12    -266.247E-12    -61.1988E-03
            2499    -148.982E-12    -699.660E-12    -27.3723E-03
            2500     230.995E-12    -654.541E-12     35.7480E-03
            2501     279.082E-12    -333.043E-12    -635.539E-03
            2502    -33.7615E-12    -794.529E-12     763.322E-03
            2503    -8.16811E-12    -126.631E-12         1.09171
            2504     181.930E-12    -257.994E-12     79.6940E-03
            2505     272.092E-12    -613.729E-12    -258.460E-03
            2506    -113.264E-12    -323.239E-12    -140.968E-03
            2507     361.608E-12    -471.139E-12        -1.16562
            2508     373.832E-12    -408.449E-12        -1.34196
            2509     109.360E-12    -824.894E-12         1.02086
            2510    -2.54863E-12    -819.864E-12     940.891E-03
            2511    -216.255E-12    -595.654E-12    -791.932E-03
            2512    -227.290E-12    -535.493E-12    -994.708E-03
            2513     118.605E-12    -211.377E-12     517.545E-03
            2514    -195.585E-12    -629.129E-12    -555.011E-03
            2515     354.528E-12    -432.363E-12        -1.16687
            2516    -97.5860E-12    -723.713E-12     267.824E-03
            2517     219.526E-12    -300.928E-12    -223.511E-03
            2518    -234.758E-12    -558.050E-12        -1.01265
            2519     339.926E-12    -409.753E-12        -1.07600
            2520     287.637E-12    -367.127E-12    -714.628E-03
            2521    -205.412E-12    -611.361E-12    -674.232E-03
            2522     23.2692E-12    -143.838E-12         1.02409
            2523     138.802E-12    -218.863E-12     411.530E-03
            2524    -130.950E-12    -376.063E-12    -342.932E-03
            2525     179.409E-12    -734.258E-12     497.738E-03
            2526    -73.3730E-12    -292.227E-12     132.362E-03
            2527     62.7935E-12    -148.987E-12     971.511E-03
            2528     311.326E-12    -536.994E-12    -688.112E-03
            2529     251.233E-12    -344.040E-12    -469.746E-03
            2530     157.778E-12    -254.964E-12     200.921E-03
            2531    -24.8287E-12    -179.267E-12     756.231E-03
            2532    -114.694E-12    -348.523E-12    -204.881E-03
            2533     342.821E-12    -460.021E-12        -1.04504
            2534     24.0150E-12    -813.054E-12     928.288E-03
            2535    -204.512E-12    -457.122E-12    -882.028E-03
            2536     346.041E-12    -494.127E-12        -1.00810
            2537    -35.3710E-12    -244.204E-12     432.871E-03
            2538     209.337E-12    -675.248E-12     174.404E-03
            2539     82.1495E-12    -177.351E-12     781.116E-03
            2540    -160.257E-12    -441.941E-12    -582.357E-03
            2541    -7.45929E-12    -789.893E-12     774.876E-03
            2542    -157.549E-12    -644.618E-12    -289.767E-03
            2543     323.210E-12    -393.955E-12    -961.408E-03
            2544    -215.309E-12    -515.531E-12    -930.615E-03
            2545    -63.4672E-12    -769.957E-12     581.207E-03
            2546     273.592E-12    -577.589E-12    -385.778E-03
            2547     51.6863E-12    -804.841E-12     901.486E-03
            2548     177.788E-12    -287.707E-12     17.3462E-03
            2549     234.185E-12    -618.403E-12    -108.799E-03
            2550    -95.1925E-12    -322.394E-12    -47.9648E-03
            2551    -124.448E-12    -702.247E-12     82.1904E-03
            2552    -216.049E-12    -563.333E-12    -865.380E-03
            2553     335.359E-12    -435.494E-12        -1.02220
            2554    -20.5074E-12    -218.191E-12     580.157E-03
            2555     152.986E-12    -758.485E-12     646.972E-03
            2556     327.717E-12    -480.174E-12    -909.615E-03
            2557    -117.258E-12    -368.723E-12    -256.394E-03
            2558     19.3033E-12    -784.170E-12     773.042E-03
            2559    -192.669E-12    -466.973E-12    -797.767E-03
            2560     232.496E-12    -334.319E-12    -350.469E-03
            2561    -140.951E-12    -431.525E-12    -462.688E-03
            2562     186.836E-12    -696.115E-12     307.621E-03
            2563     260.112E-12    -377.217E-12    -547.524E-03
            2564    -177.957E-12    -454.115E-12    -698.421E-03
            2565     43.9250E-12    -157.950E-12     939.739E-03
            2566     121.345E-12    -787.821E-12     816.791E-03
            2567     156.284E-12    -285.884E-12     113.588E-03
            2568    -151.070E-12    -620.156E-12    -333.745E-03
            2569    -98.4810E-12    -351.244E-12    -130.221E-03
            2570     329.186E-12    -515.896E-12    -847.751E-03
            2571    -77.2973E-12    -324.531E-12     24.9321E-03
            2572     111.519E-12    -238.970E-12     425.908E-03
            2573    -66.5204E-12    -742.712E-12     438.651E-03
            2574     198.872E-12    -293.253E-12    -97.4733E-03
            2575     99.2689E-12    -205.537E-12     602.184E-03
            2576     274.558E-12    -540.696E-12    -487.368E-03
            2577    -46.8431E-12    -270.708E-12     299.453E-03
            2578     26.6260E-12    -165.882E-12     898.959E-03
            2579     82.6451E-12    -796.392E-12     865.348E-03
            2580    -119.213E-12    -677.681E-12    -819.779E-06
            2581    -11.5380E-12    -761.565E-12     626.951E-03
            2582     213.605E-12    -639.116E-12     22.0974E-03
            2583     131.494E-12    -254.825E-12     303.411E-03
            2584    -5.71021E-12    -177.653E-12     805.993E-03
            2585     325.534E-12    -424.047E-12    -962.508E-03
            2586     254.051E-12    -597.853E-12    -244.334E-03
            2587    -98.2885E-12    -699.148E-12     157.794E-03
            2588     63.3015E-12    -178.219E-12     810.286E-03
            2589     293.961E-12    -400.021E-12    -760.142E-03
            2590    -187.138E-12    -590.430E-12    -613.652E-03
            2591     80.2408E-12    -203.308E-12     657.131E-03
            2592     174.451E-12    -316.211E-12    -35.5874E-03
            2593     213.429E-12    -326.254E-12    -236.454E-03
            2594    -81.4395E-12    -354.006E-12    -61.7891E-03
            2595    -156.634E-12    -464.015E-12    -566.764E-03
            2596    -125.898E-12    -397.759E-12    -346.506E-03
            2597    -203.870E-12    -536.439E-12    -825.412E-03
            2598    -200.888E-12    -575.449E-12    -736.494E-03
            2599     327.232E-12    -450.344E-12    -949.145E-03
            2600    -137.515E-12    -455.102E-12    -455.754E-03
            2601     163.149E-12    -717.143E-12     435.922E-03
            2602    -96.6891E-12    -675.477E-12     69.6516E-03
            2603     109.050E-12    -757.308E-12     665.914E-03
            2604     94.6819E-12    -229.917E-12     507.377E-03
            2605     9.18195E-12    -179.762E-12     814.592E-03
            2606     135.239E-12    -288.507E-12     182.102E-03
            2607     293.306E-12    -520.891E-12    -625.695E-03
            2608     314.963E-12    -441.293E-12    -875.646E-03
            2609    -53.8275E-12    -300.109E-12     179.698E-03
            2610     310.602E-12    -412.111E-12    -866.527E-03
            2611     47.3752E-12    -777.772E-12     759.841E-03
            2612    -69.1318E-12    -716.527E-12     312.291E-03
            2613    -182.031E-12    -512.463E-12    -706.459E-03
            2614     277.129E-12    -388.376E-12    -653.470E-03
            2615    -20.2041E-12    -261.455E-12     402.206E-03
            2616     192.381E-12    -659.666E-12     146.965E-03
            2617     243.009E-12    -366.958E-12    -443.777E-03
            2618     311.026E-12    -500.711E-12    -767.161E-03
            2619     111.163E-12    -275.354E-12     295.413E-03
            2620    -105.467E-12    -382.494E-12    -221.233E-03
            2621    -132.160E-12    -650.604E-12    -151.217E-03
            2622    -40.4775E-12    -738.419E-12     471.702E-03
            2623     254.849E-12    -560.747E-12    -352.764E-03
            2624     215.688E-12    -602.571E-12    -103.499E-03
            2625     45.8621E-12    -181.608E-12     810.437E-03
            2626    -171.610E-12    -606.210E-12    -481.746E-03
            2627    -134.889E-12    -477.643E-12    -445.828E-03
            2628     77.8609E-12    -769.479E-12     728.410E-03
            2629     282.988E-12    -420.531E-12    -686.677E-03
            2630    -121.760E-12    -421.492E-12    -351.212E-03
            2631    -39.1675E-12    -707.573E-12     340.061E-03
            2632     234.748E-12    -389.138E-12    -415.000E-03
            2633     194.092E-12    -320.174E-12    -130.751E-03
            2634    -159.299E-12    -489.404E-12    -579.631E-03
            2635     170.463E-12    -679.752E-12     264.661E-03
            2636    -59.0997E-12    -330.043E-12     77.4880E-03
            2637    -72.5122E-12    -692.692E-12     205.328E-03
            2638     61.9540E-12    -204.749E-12     679.928E-03
            2639     99.7824E-12    -261.388E-12     372.503E-03
            2640     31.6635E-12    -183.065E-12     807.491E-03
            2641     87.1027E-12    -251.184E-12     438.449E-03
            2642    -8.23209E-12    -239.886E-12     509.999E-03
            2643    -169.146E-12    -530.756E-12    -608.542E-03
            2644    -137.688E-12    -627.485E-12    -248.549E-03
            2645    -103.078E-12    -412.283E-12    -251.638E-03
            2646     15.1275E-12    -755.829E-12     629.887E-03
            2647    -94.3201E-12    -654.305E-12     3.78590E-03
            2648    -28.9762E-12    -284.969E-12     298.442E-03
            2649    -85.3842E-12    -381.427E-12    -130.855E-03
            2650    -157.361E-12    -576.905E-12    -470.390E-03
            2651     256.838E-12    -522.811E-12    -442.198E-03
            2652     154.767E-12    -315.298E-12     43.4201E-03
            2653    -186.138E-12    -552.654E-12    -683.446E-03
            2654     207.613E-12    -351.383E-12    -245.649E-03
            2655     137.485E-12    -738.317E-12     559.055E-03
            2656     195.880E-12    -623.802E-12     13.4436E-03
            2657     293.743E-12    -485.103E-12    -691.783E-03
            2658     299.423E-12    -431.766E-12    -782.583E-03
            2659     235.052E-12    -581.386E-12    -224.651E-03
            2660    -130.119E-12    -498.752E-12    -417.533E-03
            2661     23.3881E-12    -203.570E-12     704.245E-03
            2662     171.236E-12    -343.331E-12    -76.5420E-03
            2663    -157.295E-12    -545.567E-12    -521.728E-03
            2664    -63.6347E-12    -358.356E-12    -5.11728E-03
            2665     15.4058E-12    -239.545E-12     537.951E-03
            2666     147.757E-12    -699.092E-12     373.802E-03
            2667    -85.6499E-12    -406.986E-12    -171.206E-03
            2668    -6.19617E-12    -275.426E-12     374.992E-03
            2669    -99.6734E-12    -436.741E-12    -260.964E-03
            2670    -118.243E-12    -445.475E-12    -352.300E-03
            2671     115.711E-12    -296.952E-12     215.595E-03
            2672    -75.5300E-12    -646.931E-12     38.7985E-03
            2673     290.132E-12    -451.560E-12    -710.412E-03
            2674     98.0917E-12    -287.243E-12     288.141E-03
            2675     98.4122E-12    -732.718E-12     552.675E-03
            2676     61.2674E-12    -230.035E-12     566.148E-03
            2677     42.8476E-12    -751.501E-12     630.134E-03
            2678    -141.073E-12    -580.255E-12    -379.391E-03
            2679    -35.7692E-12    -310.379E-12     200.788E-03
            2680     276.110E-12    -504.053E-12    -566.666E-03
            2681     256.043E-12    -432.605E-12    -530.872E-03
            2682     250.494E-12    -399.535E-12    -501.842E-03
            2683    -171.818E-12    -567.014E-12    -571.050E-03
            2684     135.512E-12    -317.338E-12     103.359E-03
            2685     218.681E-12    -380.528E-12    -330.076E-03
            2686    -48.1683E-12    -683.180E-12     227.673E-03
            2687     44.0809E-12    -206.645E-12     686.975E-03
            2688     175.449E-12    -644.153E-12     123.599E-03
            2689    -18.7277E-12    -715.111E-12     406.528E-03
            2690    -118.130E-12    -636.080E-12    -139.698E-03
            2691     189.708E-12    -346.481E-12    -157.319E-03
            2692     235.887E-12    -542.710E-12    -317.899E-03
            2693     196.246E-12    -587.209E-12    -91.3985E-03
            2694    -114.925E-12    -467.978E-12    -345.738E-03
            2695     202.151E-12    -376.535E-12    -250.710E-03
            2696     41.7689E-12    -236.348E-12     554.367E-03
            2697     71.2103E-12    -744.297E-12     606.899E-03
            2698     97.7001E-12    -304.177E-12     237.055E-03
            2699     87.7216E-12    -280.031E-12     332.977E-03
            2700    -14.4601E-12    -685.669E-12     298.053E-03
            2701     11.9047E-12    -725.610E-12     489.789E-03
            2702    -145.262E-12    -555.352E-12    -443.157E-03
            2703     154.365E-12    -663.316E-12     225.280E-03
            2704    -130.131E-12    -602.260E-12    -280.610E-03
            2705     225.010E-12    -409.968E-12    -376.679E-03
            2706    -41.4351E-12    -337.685E-12     110.474E-03
            2707    -81.6349E-12    -429.133E-12    -181.467E-03
            2708     277.377E-12    -470.561E-12    -618.798E-03
            2709     260.150E-12    -485.757E-12    -512.673E-03
            2710    -150.239E-12    -511.718E-12    -516.587E-03
            2711     168.015E-12    -368.498E-12    -105.199E-03
            2712    -12.1410E-12    -296.891E-12     292.105E-03
            2713    -53.8056E-12    -661.964E-12     141.874E-03
            2714    -67.8489E-12    -383.709E-12    -69.1537E-03
            2715     116.554E-12    -321.739E-12     145.507E-03
            2716     26.5448E-12    -226.047E-12     600.764E-03
            2717     152.736E-12    -342.648E-12    -8.36989E-03
            2718     240.467E-12    -503.389E-12    -400.928E-03
            2719     77.1751E-12    -243.113E-12     488.666E-03
            2720     158.790E-12    -629.246E-12     104.801E-03
            2721     226.913E-12    -443.854E-12    -387.330E-03
            2722     110.857E-12    -696.823E-12     394.677E-03
            2723     14.5333E-12    -270.806E-12     413.834E-03
            2724     177.850E-12    -609.294E-12     10.6141E-03
            2725     214.602E-12    -564.110E-12    -198.999E-03
            2726     159.247E-12    -596.339E-12     14.2038E-03
            2727     78.2883E-12    -303.612E-12     273.197E-03
            2728     134.409E-12    -344.101E-12     45.9320E-03
            2729    -141.943E-12    -528.391E-12    -458.619E-03
            2730     26.2959E-12    -254.325E-12     481.799E-03
            2731    -72.0001E-12    -402.835E-12    -114.187E-03
            2732    -46.5782E-12    -365.139E-12     32.5869E-03
            2733     88.5863E-12    -711.013E-12     460.617E-03
            2734     246.348E-12    -460.921E-12    -468.979E-03
            2735     48.4805E-12    -269.006E-12     421.165E-03
            2736    -96.0665E-12    -458.964E-12    -259.946E-03
            2737     75.6997E-12    -268.516E-12     393.765E-03
            2738    -123.887E-12    -580.866E-12    -297.520E-03
            2739     97.8447E-12    -326.474E-12     175.440E-03
            2740     65.1950E-12    -721.782E-12     505.678E-03
            2741    -136.119E-12    -539.976E-12    -416.637E-03
            2742    -1.21148E-12    -702.103E-12     378.761E-03
            2743    -18.3379E-12    -320.035E-12     210.248E-03
            2744     185.474E-12    -371.977E-12    -175.810E-03
            2745     5.60868E-12    -283.559E-12     360.433E-03
            2746    -98.8291E-12    -619.596E-12    -112.085E-03
            2747    -25.2209E-12    -668.386E-12     220.861E-03
            2748     225.558E-12    -482.497E-12    -361.130E-03
            2749     138.689E-12    -647.261E-12     190.484E-03
            2750     197.959E-12    -405.311E-12    -256.973E-03
            2751     97.5633E-12    -677.641E-12     328.156E-03
            2752    -111.191E-12    -489.631E-12    -330.011E-03
            2753     218.322E-12    -523.141E-12    -286.569E-03
            2754     175.552E-12    -574.070E-12    -70.1587E-03
            2755     78.4956E-12    -691.908E-12     385.778E-03
            2756     23.8046E-12    -286.872E-12     360.669E-03
            2757    -131.370E-12    -559.012E-12    -368.737E-03
            2758    -106.065E-12    -577.534E-12    -228.950E-03
            2759     8.00055E-12    -667.491E-12     265.026E-03
            2760     79.0624E-12    -354.066E-12     139.906E-03
            2761    -1.55893E-12    -328.337E-12     212.122E-03
            2762    -92.2537E-12    -479.406E-12    -250.668E-03
            2763     148.703E-12    -391.507E-12    -72.9290E-03
            2764     116.098E-12    -347.035E-12     87.6906E-03
            2765    -24.2469E-12    -345.704E-12     130.172E-03
            2766    -52.0597E-12    -392.002E-12    -33.8252E-03
            2767    -78.6588E-12    -623.889E-12    -34.7496E-03
            2768    -125.691E-12    -518.183E-12    -385.425E-03
            2769     118.172E-12    -662.818E-12     263.335E-03
            2770     191.057E-12    -544.903E-12    -165.092E-03
            2771     40.8132E-12    -706.187E-12     432.454E-03
            2772     210.205E-12    -463.141E-12    -312.136E-03
            2773    -33.9807E-12    -651.392E-12     151.323E-03
            2774     152.679E-12    -565.592E-12    -38.1024E-03
            2775     142.587E-12    -615.542E-12     90.8707E-03
            2776     204.407E-12    -501.430E-12    -264.631E-03
            2777     150.454E-12    -368.062E-12    -45.6893E-03
            2778     180.522E-12    -395.683E-12    -182.407E-03
            2779     63.3701E-12    -286.879E-12     345.589E-03
            2780     195.837E-12    -444.453E-12    -261.513E-03
            2781     103.806E-12    -644.428E-12     214.279E-03
            2782     124.516E-12    -632.157E-12     160.154E-03
            2783    -106.958E-12    -513.094E-12    -304.371E-03
            2784    -120.210E-12    -536.946E-12    -344.215E-03
            2785    -29.5162E-12    -372.406E-12     59.1523E-03
            2786    -78.1819E-12    -450.798E-12    -186.761E-03
            2787    -31.2465E-12    -621.953E-12     77.4242E-03
            2788     63.8945E-12    -315.369E-12     255.910E-03
            2789     97.5142E-12    -350.595E-12     118.819E-03
            2790     160.912E-12    -544.702E-12    -89.1588E-03
            2791     191.132E-12    -480.450E-12    -235.855E-03
            2792    -67.3315E-12    -576.266E-12    -98.9914E-03
            2793     21.1909E-12    -685.273E-12     338.808E-03
            2794    -4.25809E-12    -651.021E-12     198.757E-03
            2795     55.2467E-12    -688.069E-12     368.961E-03
            2796     181.836E-12    -516.411E-12    -178.113E-03
            2797     8.06503E-12    -304.875E-12     291.981E-03
            2798     183.218E-12    -427.500E-12    -212.565E-03
            2799     37.4090E-12    -298.340E-12     323.326E-03
            2800     162.334E-12    -406.148E-12    -129.633E-03
            2801    -61.2670E-12    -419.524E-12    -101.091E-03
            2802    -103.189E-12    -550.718E-12    -256.723E-03
            2803     132.922E-12    -369.731E-12     2.43328E-03
            2804     119.427E-12    -575.915E-12     33.0711E-03
            2805    -7.59001E-12    -352.761E-12     141.434E-03
            2806     171.659E-12    -494.558E-12    -168.426E-03
            2807     29.8103E-12    -648.751E-12     226.400E-03
            2808     78.1776E-12    -378.327E-12     92.2757E-03
            2809    -72.6357E-12    -470.835E-12    -177.879E-03
            2810     62.6200E-12    -333.659E-12     206.832E-03
            2811     10.9523E-12    -337.211E-12     200.679E-03
            2812    -88.4655E-12    -497.114E-12    -236.154E-03
            2813     40.2652E-12    -727.333E-12     519.911E-03
            2814    -51.0079E-12    -614.799E-12     18.0424E-03
            2815     52.2658E-12    -307.499E-12     288.680E-03
            2816     82.8422E-12    -659.485E-12     270.810E-03
            2817     158.088E-12    -524.052E-12    -108.729E-03
            2818     131.696E-12    -395.170E-12    -31.5189E-03
            2819    -63.7621E-12    -443.320E-12    -133.009E-03
            2820    -80.6449E-12    -551.949E-12    -173.115E-03
            2821     142.014E-12    -543.933E-12    -51.7728E-03
            2822     177.973E-12    -461.173E-12    -199.660E-03
            2823    -16.5751E-12    -635.407E-12     137.081E-03
            2824     114.533E-12    -619.157E-12     134.167E-03
            2825     91.7097E-12    -621.644E-12     157.394E-03
            2826     115.197E-12    -372.105E-12     41.3466E-03
            2827    -12.2864E-12    -378.220E-12     79.1681E-03
            2828     65.1560E-12    -675.897E-12     327.142E-03
            2829     158.164E-12    -428.041E-12    -132.654E-03
            2830    -91.5981E-12    -525.880E-12    -235.513E-03
            2831     67.3591E-12    -643.281E-12     222.954E-03
            2832    -81.9011E-12    -508.269E-12    -209.500E-03
            2833    -41.3119E-12    -428.739E-12    -56.7326E-03
            2834     8.79298E-12    -357.249E-12     149.409E-03
            2835    -58.2664E-12    -598.508E-12    -34.5981E-03
            2836     96.0619E-12    -399.026E-12     34.9090E-03
            2837     59.5983E-12    -380.952E-12     104.264E-03
            2838     159.525E-12    -475.355E-12    -144.158E-03
            2839    -15.0446E-12    -601.568E-12     61.0184E-03
            2840     151.408E-12    -504.682E-12    -110.620E-03
            2841     45.3964E-12    -331.343E-12     223.583E-03
            2842    -34.9307E-12    -399.903E-12    -2.69984E-03
            2843     44.0816E-12    -666.070E-12     288.172E-03
            2844     114.342E-12    -396.929E-12     5.23423E-03
            2845     25.7084E-12    -325.590E-12     240.228E-03
            2846     100.335E-12    -566.293E-12     37.3242E-03
            2847     150.210E-12    -412.172E-12    -98.5876E-03
            2848     15.5860E-12    -632.458E-12     169.976E-03
            2849     86.9710E-12    -586.444E-12     81.6509E-03
            2850    -59.8023E-12    -552.159E-12    -109.797E-03
            2851    -50.1312E-12    -460.524E-12    -105.921E-03
            2852     77.5335E-12    -402.359E-12     54.2692E-03
            2853    -70.1054E-12    -508.971E-12    -170.303E-03
            2854    -37.7767E-12    -554.094E-12    -53.9135E-03
            2855     144.126E-12    -458.220E-12    -106.127E-03
            2856    -31.1384E-12    -588.623E-12     8.35287E-03
            2857    -16.8397E-12    -405.211E-12     24.7697E-03
            2858     42.8649E-12    -356.606E-12     161.573E-03
            2859     112.660E-12    -421.209E-12    -19.1107E-03
            2860     144.825E-12    -436.624E-12    -100.966E-03
            2861     112.579E-12    -543.222E-12    -7.23053E-03
            2862     70.8586E-12    -607.647E-12     131.191E-03
            2863     984.574E-15    -616.794E-12     115.949E-03
            2864     80.5106E-12    -559.041E-12     41.1111E-03
            2865     130.019E-12    -509.802E-12    -63.8571E-03
            2866    -21.3770E-12    -433.817E-12    -20.0717E-03
            2867     95.4031E-12    -420.649E-12     9.73294E-03
            2868     5.38135E-12    -381.721E-12     94.6335E-03
            2869     51.3130E-12    -628.325E-12     180.282E-03
            2870    -53.3534E-12    -496.212E-12    -123.758E-03
            2871    -13.3412E-12    -560.432E-12    -1.75656E-03
            2872    -30.9059E-12    -525.278E-12    -63.0557E-03
            2873     41.1856E-12    -382.267E-12     108.762E-03
            2874     58.6100E-12    -405.945E-12     64.1943E-03
            2875     123.944E-12    -448.992E-12    -59.6372E-03
            2876     87.7365E-12    -541.380E-12     15.5358E-03
            2877     1.87782E-12    -407.711E-12     46.7843E-03
            2878    -25.2622E-12    -464.105E-12    -51.4070E-03
            2879     25.4596E-12    -356.186E-12     161.688E-03
            2880     35.0204E-12    -613.105E-12     137.356E-03
            2881     106.654E-12    -443.893E-12    -26.1402E-03
            2882     97.0957E-12    -495.846E-12    -22.1899E-03
            2883     78.0271E-12    -425.283E-12     25.7822E-03
            2884     126.215E-12    -484.380E-12    -67.8308E-03
            2885     53.2639E-12    -593.704E-12     102.867E-03
            2886     70.1310E-12    -575.322E-12     69.2916E-03
            2887    -26.8935E-12    -494.838E-12    -63.1411E-03
            2888     19.1941E-12    -597.846E-12     94.7464E-03
            2889     39.6204E-12    -408.029E-12     66.3947E-03
            2890     67.8331E-12    -535.688E-12     21.0795E-03
            2891     57.5140E-12    -557.964E-12     46.5447E-03
            2892     79.8782E-12    -516.331E-12     1.41039E-03
            2893     58.6605E-12    -431.321E-12     33.5171E-03
            2894     94.0722E-12    -467.066E-12    -18.5463E-03
            2895     2.98010E-12    -581.825E-12     50.2710E-03
            2896    -1.12323E-12    -434.631E-12     9.40168E-03
            2897     115.394E-12    -467.278E-12    -49.3330E-03
            2898     81.9719E-12    -446.835E-12     3.80661E-03
            2899     23.2458E-12    -382.420E-12     105.708E-03
            2900    -6.15204E-12    -527.081E-12    -20.5796E-03
            2901     48.7497E-12    -525.069E-12     16.1993E-03
            2902     8.44992E-12    -552.399E-12     17.1210E-03
            2903     4.82333E-12    -493.349E-12    -16.0329E-03
            2904     37.9338E-12    -434.906E-12     33.7172E-03
            2905    -1.35823E-12    -462.835E-12    -13.7173E-03
            2906     69.7554E-12    -475.964E-12     936.376E-06
            2907     61.5223E-12    -455.677E-12     13.0745E-03
            2908     37.7419E-12    -578.931E-12     72.8867E-03
            2909     18.7808E-12    -433.343E-12     28.5322E-03
            2910     47.1401E-12    -490.083E-12     5.98419E-03
            2911     36.3514E-12    -544.838E-12     28.9770E-03
            2912     20.8848E-12    -408.098E-12     61.5046E-03
            2913     33.4493E-12    -467.076E-12     9.63991E-03
            2914     16.0195E-12    -532.934E-12     7.26786E-03
            2915     28.4534E-12    -510.344E-12     4.26582E-03
            2916    -1.90764E-09    -914.885E-12        -16.1402
            2917     116.952E-12     931.314E-12         16.9603
            2918     361.799E-12    -3.35695E-09         17.8779
            2919     1.51985E-09    -3.23063E-09         5.87825
            2920     592.362E-12    -3.24957E-09         13.4253
            2921    -58.7354E-12     714.358E-12         14.9861
            2922    -1.70120E-09    -3.00351E-09         3.80386
            2923     1.43615E-09    -75.3008E-12        -13.6800
            2924     1.45914E-09     97.8387E-12        -12.0996
            2925     1.55464E-09    -34.0712E-12        -15.8832
            2926     1.99212E-09    -809.862E-12        -12.8579
            2927     1.08273E-09    -3.29963E-09         9.35686
            2928     292.120E-12     870.619E-12         12.7466
            2929     926.220E-12     936.545E-12         6.34753
            2930     1.52400E-09    -118.769E-12        -15.4841
            2931    -1.14716E-09    -3.28863E-09         9.23032
            2932     1.33687E-09     306.394E-12        -6.81805
            2933    -278.309E-12    -3.18343E-09         14.3022
            2934    -1.39840E-09    -312.053E-12        -14.2788
            2935    -346.599E-12     785.382E-12         10.2569
            2936    -57.0975E-12     791.031E-12         19.3667
            2937    -45.8532E-12     819.019E-12         19.0249
            2938     2.07926E-09    -2.82092E-09    -193.271E-03
            2939    -1.95858E-09    -782.681E-12        -19.1659
            2940     1.88981E-09    -1.96332E-09        -3.53713
            2941    -1.15315E-09     629.520E-12        -2.51896
            2942    -2.26065E-09    -1.21644E-09        -16.8301
            2943    -1.35597E-09     39.0765E-12        -12.2103
            2944    -1.30380E-09     305.849E-12        -8.33565
            2945    -898.388E-12     617.229E-12     330.640E-03
            2946     1.71111E-09    -2.33313E-09    -384.326E-03
            2947    -1.53819E-09    -3.37903E-09         7.37935
            2948    -1.95904E-09    -2.94006E-09         1.65558
            2949     236.489E-12    -3.30745E-09         18.6625
            2950    -445.151E-12     750.099E-12         7.99315
            2951    -56.4796E-12     783.460E-12         18.9140
            2952     1.34734E-09     201.245E-12        -8.51374
            2953    -1.63043E-09    -407.721E-12        -17.7949
            2954    -1.57389E-09    -245.412E-12        -17.5145
            2955     5.73103E-12     869.400E-12         18.2674
            2956     1.11119E-09    -3.66182E-09         12.0910
            2957     1.78409E-09    -223.839E-12        -19.3340
            2958     1.69673E-09    -159.403E-12        -19.0555
            2959     1.43979E-09    -2.23293E-09     807.330E-03
            2960    -578.524E-12     789.467E-12         6.80407
            2961     508.549E-12    -3.44519E-09         16.7645
            2962     2.07290E-09    -1.50784E-09        -7.90483
            2963     359.904E-12     595.723E-12         7.05414
            2964     1.59734E-09    -164.102E-12        -16.5453
            2965    -13.3173E-12    -3.28981E-09         17.6039
            2966    -2.11703E-09    -2.05295E-09        -5.50713
            2967    -1.95833E-09    -1.68037E-09        -6.96554
            2968    -755.747E-12    -2.94906E-09         9.08555
            2969     2.02264E-09    -509.557E-12        -17.2377
            2970     1.74858E-09    -408.558E-12        -14.9339
            2971     1.54725E-09     994.113E-12    -106.051E-03
            2972    -1.15229E-09     1.12747E-09         3.92488
            2973    -3.02170E-09    -3.39410E-09        -3.33442
            2974     2.58919E-09    -3.95940E-09         3.19921
            2975    -2.81747E-09    -2.44493E-09        -9.33219
            2976    -2.64271E-09    -2.00935E-09        -11.8321
            2977    -493.419E-12    -3.55627E-09         16.2355
            2978    -1.32874E-09    -3.68029E-09         11.1625
            2979     2.84376E-09    -2.21395E-09        -9.38011
            2980     2.26098E-09    -806.351E-12        -16.2029
            2981     1.61164E-09     345.866E-12        -10.7459
            2982     2.98996E-09    -2.81398E-09        -6.42976
            2983    -656.159E-12     1.04805E-09         10.0693
            2984     1.59207E-09     203.182E-12        -13.0869
            2985     2.49536E-09    -1.18105E-09        -14.5498
            2986     1.89873E-09    -325.361E-12        -18.8396
            2987     741.425E-12     1.10249E-09         10.7365
            2988     2.69217E-09    -1.65840E-09        -12.2378
            2989     1.60533E-09     737.895E-12        -4.52036
            2990     288.568E-12     995.553E-12         15.1975
            2991    -1.44110E-09     544.977E-12        -7.24126
            2992    -889.652E-12     1.10498E-09         7.30201
            2993     996.268E-12     1.11252E-09         7.83192
            2994     1.62618E-09     516.284E-12        -7.90599
            2995    -1.46371E-09     327.679E-12        -10.3802
            2996    -253.045E-12     897.725E-12         14.8050
            2997    -434.440E-12     939.605E-12         12.0518
            2998    -138.295E-12     836.561E-12         16.4711
            2999     1.55526E-09    -3.75765E-09         9.21545
            3000     505.984E-12     1.05732E-09         13.1205
            3001    -213.486E-12    -3.44188E-09         17.4650
            3002    -849.116E-12    -3.64599E-09         14.2578
            3003    -2.94901E-09    -2.90433E-09        -6.46610
            3004    -2.37432E-09    -1.55197E-09        -13.8361
            3005     123.355E-12    -3.28994E-09         18.7068
            3006     2.05912E-09    -3.86815E-09         6.29358
            3007    -1.37414E-09     823.662E-12        -2.89710
            3008    -2.18785E-09    -3.85632E-09         6.25039
            3009    -1.76768E-09    -3.80049E-09         8.93713
            3010     1.62749E-09    -108.593E-12        -18.0120
            3011     1.01015E-09     728.768E-12         2.66106
            3012    -2.00563E-09    -1.27039E-09        -12.4553
            3013    -88.7548E-12     725.328E-12         14.0117
            3014     1.24599E-09     552.037E-12        -2.26386
            3015     1.57121E-09     80.3956E-12        -14.8618
            3016     1.47508E-09     202.849E-12        -10.7551
            3017    -527.711E-12     854.716E-12         8.68121
            3018    -70.8493E-12     784.697E-12         17.2860
            3019    -2.26314E-09    -2.95004E-09    -476.700E-03
            3020     2.04462E-09    -1.82548E-09        -5.63150
            3021     2.22049E-09    -1.17467E-09        -11.8298
            3022    -2.16768E-09    -1.65752E-09        -9.82652
            3023    -2.20653E-09    -2.47866E-09        -3.23223
            3024     1.15717E-09     658.581E-12     178.037E-03
            3025    -679.686E-12     804.531E-12         5.62661
            3026    -2.11182E-09    -981.910E-12        -18.4209
            3027    -998.239E-12     741.392E-12     736.348E-03
            3028    -1.47304E-09     162.757E-12        -12.9063
            3029     734.349E-12    -3.50973E-09         14.4457
            3030     138.564E-12     741.553E-12         12.3189
            3031    -506.096E-12    -3.25661E-09         13.2505
            3032     1.13764E-09     880.689E-12         3.31716
            3033     1.20757E-09     200.252E-12        -6.48622
            3034     1.48240E-09     324.625E-12        -8.72856
            3035     2.02807E-09    -2.33521E-09        -2.54436
            3036    -1.85896E-09    -3.34773E-09         5.03698
            3037    -1.43612E-09     1.12946E-09     252.949E-03
            3038    -3.05918E-09    -3.88804E-09    -36.3976E-03
            3039     1.26730E-09     1.07973E-09         4.39621
            3040     3.13443E-09    -4.01227E-09    -33.6776E-03
            3041    -2.37749E-09    -2.04672E-09        -8.42521
            3042    -2.51553E-09    -2.46954E-09        -6.12953
            3043    -677.033E-12     917.056E-12         7.54721
            3044    -1.48538E-09     24.3214E-12        -14.9103
            3045     2.52183E-09    -2.81174E-09        -3.24827
            3046    -825.821E-12     795.411E-12         3.58145
            3047    -2.62860E-09    -3.41303E-09    -142.543E-03
            3048    -2.59745E-09    -2.93751E-09        -3.29902
            3049     2.57145E-09    -3.39991E-09    -80.0163E-03
            3050    -812.165E-12    -3.30874E-09         11.6035
            3051    -1.09978E-09     917.110E-12         1.76320
            3052    -2.23624E-09    -3.40930E-09         2.74199
            3053     2.38412E-09    -2.16829E-09        -6.18503
            3054    -868.027E-12     941.591E-12         5.14766
            3055     1.31197E-09     786.926E-12     58.6050E-03
            3056    -1.20401E-09    -18.5827E-12        -10.1769
            3057     3.08735E-09    -3.41957E-09        -3.29932
            3058    -2.61197E-09    -3.88479E-09         3.21205
            3059     2.06209E-09    -3.35057E-09         3.02168
            3060     162.913E-12    -339.479E-12    -386.325E-03
            3061    -126.142E-12    -400.936E-12     423.256E-03
            3062    -1.51990E-09    -108.520E-12        -16.3826
            3063     189.643E-12    -479.192E-12     568.581E-03
            3064     163.602E-12    -665.473E-12     891.536E-03
            3065     246.470E-12    -395.684E-12    -687.317E-03
            3066     316.250E-12    -492.745E-12    -15.5645E-03
            3067     277.597E-12    -442.537E-12    -814.854E-03
            3068    -115.394E-12     87.6422E-12     862.118E-03
            3069     545.145E-12    -1.40801E-09         1.45793
            3070    -140.764E-12     13.3239E-12    -92.1762E-03
            3071     169.388E-12     36.9581E-12     80.6373E-03
            3072     537.834E-12     143.406E-12    -835.099E-03
            3073     145.226E-12     73.7340E-12         1.01218
            3074     267.268E-12    -50.7712E-12    -730.159E-03
            3075     1.41699E-09     637.845E-12        -3.17410
            3076     1.46330E-09     474.537E-12        -6.17081
            3077     306.741E-12    -442.239E-12     160.290E-03
            3078    -266.183E-12    -591.815E-12    -316.365E-03
            3079     307.116E-12    -508.415E-12    -754.071E-03
            3080    -293.014E-12    -550.182E-12    -836.701E-03
            3081    -374.607E-12    -578.269E-12        -1.21305
            3082     709.194E-12     954.758E-12         8.97633
            3083    -164.119E-12    -830.383E-12         1.34452
            3084     260.777E-12    -519.047E-12     555.303E-03
            3085     956.143E-12    -908.241E-12        -1.56518
            3086     1.09133E-09    -929.570E-12        -2.53080
            3087    -165.046E-12    -11.6360E-12    -222.401E-03
            3088    -171.651E-12    -3.36658E-12    -92.5786E-03
            3089    -150.770E-12     30.8114E-12     271.391E-03
            3090    -132.231E-12     144.238E-12         1.57571
            3091    -144.646E-12     200.694E-12         1.91695
            3092     354.692E-12    -461.492E-12        -1.15691
            3093     373.514E-12    -493.575E-12        -1.28899
            3094     2.36826E-09    -1.61264E-09        -9.71597
            3095    -420.209E-12     284.411E-12     450.008E-03
            3096    -535.067E-12     291.913E-12    -188.021E-03
            3097     458.999E-12    -1.55589E-09         2.34172
            3098     191.300E-12     34.4400E-12     187.154E-03
            3099     205.044E-12     30.6521E-12     109.571E-03
            3100     162.893E-12     79.0852E-12         1.15863
            3101     208.115E-12    -3.57932E-12    -343.125E-03
            3102     356.896E-12    -69.3730E-12        -1.18349
            3103     565.863E-12     4.26468E-12        -1.71883
            3104     126.952E-12     839.081E-12         14.5561
            3105     460.136E-12    -3.20133E-09         14.4435
            3106    -55.3080E-12     740.406E-12         16.3797
            3107     1.29754E-09     43.1240E-12        -9.93825
            3108    -1.79048E-09    -753.608E-12        -16.7459
            3109    -1.90932E-09    -1.36170E-09        -9.85643
            3110     444.351E-12    -453.420E-12        -1.41363
            3111    -289.489E-12    -534.878E-12     238.889E-03
            3112    -304.086E-12    -596.679E-12     305.333E-03
            3113    -317.058E-12    -609.745E-12     135.905E-03
            3114    -1.13494E-09    -56.0940E-12        -9.40823
            3115    -266.385E-12    -587.769E-12    -694.861E-03
            3116     335.575E-12    -526.419E-12     209.062E-03
            3117     430.388E-12    -407.799E-12        -1.15977
            3118     175.674E-12     76.1238E-12         1.23192
            3119    -285.823E-12    -660.756E-12     565.927E-03
            3120    -164.689E-12    -971.841E-12         1.78623
            3121     1.06898E-09    -1.11164E-09        -1.55005
            3122     864.474E-12    -1.45660E-09     589.717E-03
            3123     351.748E-12    -534.925E-12        -1.02291
            3124    -147.846E-12     62.5178E-12     797.850E-03
            3125     363.468E-12    -72.4466E-12        -1.23560
            3126     195.452E-12     37.6993E-12     359.928E-03
            3127     226.362E-12     20.5107E-12     150.374E-03
            3128    -136.730E-12     194.329E-12         2.36899
            3129     443.440E-12    -498.911E-12        -1.67943
            3130     457.984E-12    -519.451E-12        -1.82705
            3131     891.266E-12    -582.235E-12        -3.83858
            3132     424.834E-12    -89.4137E-12        -1.63578
            3133     485.872E-12    -67.7330E-12        -1.73703
            3134    -648.892E-12     701.415E-12         4.40456
            3135    -1.59369E-09    -1.36117E-09        -5.59271
            3136     1.18889E-09     60.3493E-12        -7.98281
            3137     1.15666E-09     14.0928E-12        -8.02684
            3138    -219.268E-12     685.834E-12         10.0662
            3139    -1.73778E-09    -979.148E-12        -12.8454
            3140    -1.50685E-09    -612.623E-12        -14.1818
            3141    -329.695E-12     343.662E-12         1.89637
            3142    -642.235E-12     363.781E-12    -237.912E-03
            3143     555.044E-12    -482.269E-12        -1.97971
            3144     190.195E-12     44.9682E-12     663.475E-03
            3145     218.598E-12    -1.16428E-09         2.44758
            3146    -313.692E-12    -654.056E-12    -879.165E-03
            3147     187.556E-12     71.0705E-12         1.21766
            3148    -382.567E-12    -117.009E-12        -1.78324
            3149    -252.495E-12     331.738E-12         2.45647
            3150     199.888E-12     44.2200E-12     608.460E-03
            3151     203.912E-12     48.4968E-12     791.416E-03
            3152     370.660E-12    -611.191E-12    -389.810E-03
            3153     632.330E-12    -2.08692E-09         4.26190
            3154    -164.264E-12     22.7564E-12     322.214E-03
            3155    -1.04732E-09    -71.9778E-12        -8.24082
            3156    -46.4655E-12     702.894E-12         14.7270
            3157     691.423E-12     836.059E-12         7.47082
            3158     228.840E-12     4.64969E-12    -180.376E-03
            3159     1.07168E-09    -1.58564E-09     101.182E-03
            3160     1.17138E-09    -1.40665E-09        -1.06999
            3161     374.410E-12    -571.088E-12        -1.01725
            3162     384.052E-12    -588.251E-12    -977.495E-03
            3163    -290.333E-12    -716.679E-12     639.771E-03
            3164    -286.829E-12    -95.3933E-12        -1.13411
            3165     221.697E-12    -1.28631E-09         3.13191
            3166     237.689E-12    -1.39845E-09         3.33336
            3167     1.01786E-09    -2.03819E-09         2.16172
            3168    -355.344E-12    -742.653E-12    -677.406E-03
            3169    -150.478E-12     251.349E-12         2.71768
            3170     325.119E-12    -58.9290E-12    -972.439E-03
            3171     420.879E-12    -95.3700E-12        -1.63823
            3172     499.523E-12    -92.5443E-12        -2.05033
            3173     185.627E-12     86.0406E-12         1.55865
            3174     1.08701E-09     62.9306E-12        -6.46793
            3175     921.204E-12    -49.6655E-12        -5.46942
            3176     1.14183E-09    -689.141E-12        -5.11122
            3177     963.241E-12    -541.704E-12        -5.14824
            3178    -615.294E-12     610.249E-12         3.37938
            3179    -161.341E-12    -1.07650E-09         2.20722
            3180    -187.622E-12    -957.281E-12         1.81987
            3181    -201.627E-12    -934.680E-12         1.69282
            3182    -35.3608E-12     708.017E-12         14.6643
            3183    -772.932E-12    -72.7156E-12        -4.81329
            3184    -159.618E-12     37.4410E-12     559.333E-03
            3185    -144.497E-12     94.2194E-12         1.32166
            3186     254.421E-12    -17.0259E-12    -396.777E-03
            3187     523.798E-12    -492.571E-12        -1.99788
            3188    -860.586E-12    -2.35425E-09         4.53944
            3189    -132.274E-12     229.834E-12         3.04285
            3190    -1.51535E-09    -887.153E-12        -11.1874
            3191    -1.25798E-09    -540.494E-12        -11.4931
            3192    -21.5339E-12     655.417E-12         12.9712
            3193    -1.60184E-09    -2.18096E-09    -342.204E-03
            3194    -279.424E-12     405.982E-12         3.50148
            3195    -610.486E-12     436.952E-12     947.534E-03
            3196    -353.352E-12    -686.821E-12        -1.14538
            3197    -363.159E-12    -667.730E-12        -1.22909
            3198    -1.50142E-09    -1.80453E-09        -1.58525
            3199     381.701E-12    -634.321E-12    -286.475E-03
            3200    -1.09557E-09    -2.24018E-09         2.80693
            3201     534.786E-12    -2.34708E-09         6.48933
            3202     246.206E-12    -4.25319E-12    -154.893E-03
            3203     1.83174E-09    -1.37563E-09        -6.56246
            3204     1.67689E-09    -1.02512E-09        -7.57749
            3205     243.281E-12     581.631E-12         7.97064
            3206    -691.612E-12     531.844E-12         1.45017
            3207     387.738E-12    -574.778E-12        -1.10960
            3208     391.289E-12    -583.366E-12        -1.09117
            3209     395.182E-12    -589.069E-12        -1.08991
            3210    -289.501E-12    -765.925E-12     719.326E-03
            3211    -306.850E-12    -753.607E-12     523.191E-03
            3212    -323.322E-12    -751.772E-12     317.863E-03
            3213    -154.285E-12     301.607E-12         3.57943
            3214    -126.492E-12     254.880E-12         3.55118
            3215     178.524E-12     102.791E-12         1.93213
            3216    -142.239E-12     99.5465E-12         1.53973
            3217    -136.325E-12     129.761E-12         1.95528
            3218    -417.405E-12     471.410E-12         3.22147
            3219     135.435E-12     299.395E-12         4.78291
            3220     183.968E-12     511.524E-12         7.44430
            3221     367.853E-12    -81.2499E-12        -1.25122
            3222     1.15578E-09    -603.678E-12        -6.17284
            3223     267.463E-12    -1.48526E-09         3.36137
            3224     286.378E-12    -39.4321E-12    -620.303E-03
            3225     260.139E-12    -1.54666E-09         3.85452
            3226    -159.008E-12    -1.09746E-09         2.38917
            3227    -179.216E-12    -1.00835E-09         2.03240
            3228    -187.202E-12    -986.228E-12         1.89945
            3229    -402.764E-12    -708.126E-12        -1.50662
            3230     1.07814E-09    -297.720E-12        -8.57417
            3231    -974.252E-12    -816.500E-12        -5.40878
            3232    -925.488E-12    -784.227E-12        -5.56495
            3233     217.803E-12    -2.38314E-09         9.85827
            3234     512.117E-12    -135.029E-12        -2.41310
            3235     469.666E-12    -134.853E-12        -2.08077
            3236     571.824E-12    -140.421E-12        -2.91008
            3237     402.867E-12    -582.832E-12        -1.20068
            3238     420.330E-12    -566.458E-12        -1.44486
            3239     218.153E-12     30.6610E-12     819.850E-03
            3240     257.309E-12    -15.5961E-12    -151.964E-03
            3241     483.583E-12     647.727E-12         6.71457
            3242     189.341E-12    -2.19931E-09         8.81346
            3243    -148.676E-12    -1.35589E-09         3.31365
            3244    -258.974E-12    -812.533E-12         1.04231
            3245     224.086E-12     21.7590E-12     673.204E-03
            3246    -299.830E-12    -107.151E-12        -1.24129
            3247    -326.246E-12    -119.632E-12        -1.44460
            3248     232.748E-12     2.90569E-12     512.741E-03
            3249    -342.145E-12    -751.986E-12    -96.2062E-03
            3250    -369.604E-12    -756.170E-12    -920.188E-03
            3251     237.408E-12    -1.70414E-09         5.08524
            3252     73.8190E-12     627.006E-12         10.9404
            3253     228.882E-12     652.279E-12         9.48477
            3254     244.975E-12    -19.7996E-12     285.943E-03
            3255     265.153E-12    -35.1806E-12    -81.3368E-03
            3256     316.966E-12    -60.6087E-12    -827.931E-03
            3257     392.178E-12    -98.9665E-12        -1.43160
            3258     407.559E-12    -111.987E-12        -1.56186
            3259    -1.13342E-09    -675.607E-12        -9.15354
            3260    -1.03407E-09    -576.327E-12        -8.73789
            3261    -787.638E-12    -466.237E-12        -6.39396
            3262    -317.393E-12    -134.075E-12        -1.41440
            3263     628.753E-12    -130.189E-12        -3.30080
            3264    -311.276E-12    -778.755E-12     394.196E-03
            3265     116.195E-12     317.843E-12         5.32773
            3266     234.045E-12    -1.12292E-09         2.69066
            3267    -143.410E-12    -1.17456E-09         2.76164
            3268    -156.779E-12    -1.09910E-09         2.44435
            3269    -162.588E-12    -1.05231E-09         2.24111
            3270    -991.560E-12    -774.134E-12        -6.52622
            3271     1.01473E-09    -244.897E-12        -8.00914
            3272    -192.496E-12    -967.770E-12         1.77048
            3273    -273.361E-12    -812.710E-12     883.389E-03
            3274    -731.742E-12    -733.878E-12        -4.59417
            3275     174.149E-12    -2.02460E-09         7.77808
            3276    -320.633E-12    -125.335E-12        -1.42274
            3277     266.906E-12    -25.5328E-12    -264.246E-03
            3278     367.104E-12    -87.7545E-12        -1.22907
            3279     164.061E-12     568.277E-12         8.71526
            3280     306.019E-12    -56.5613E-12    -694.387E-03
            3281    -132.997E-12    -1.20389E-09         2.95502
            3282    -83.6692E-12    -1.62028E-09         5.05512
            3283    -300.140E-12    -799.658E-12     444.537E-03
            3284    -219.437E-12    -908.959E-12         1.38157
            3285    -347.875E-12    -148.671E-12        -1.67190
            3286     719.444E-12    -451.706E-12        -4.49457
            3287     82.4920E-12    -1.71052E-09         6.19032
            3288     504.251E-12    -560.677E-12        -2.20017
            3289    -937.964E-12    -587.667E-12        -7.66485
            3290     254.178E-12    -1.02018E-09         2.18834
            3291     212.906E-12    -1.20068E-09         3.12383
            3292     393.260E-12    -671.160E-12    -501.853E-03
            3293     379.716E-12    -703.995E-12    -102.560E-03
            3294     259.096E-12    -43.4206E-12     58.2565E-03
            3295     280.809E-12    -57.9405E-12    -268.426E-03
            3296    -157.005E-12     5.03643E-12     743.506E-03
            3297    -240.847E-12    -152.975E-12    -738.736E-03
            3298     477.368E-12    -579.902E-12        -1.85242
            3299    -905.355E-12    -737.907E-12        -6.18874
            3300    -121.846E-12    -1.21926E-09         3.07344
            3301    -58.6860E-12    -1.58592E-09         5.07069
            3302     150.914E-12    -1.93578E-09         7.38270
            3303     317.916E-12    -827.958E-12         1.07579
            3304     562.605E-12    -523.906E-12        -2.86321
            3305     524.017E-12    -545.538E-12        -2.43396
            3306    -144.306E-12     6.75967E-12     971.484E-03
            3307     73.0416E-12     364.495E-12         6.52300
            3308     96.0650E-12     309.775E-12         5.49784
            3309    -851.616E-12    -591.346E-12        -6.76839
            3310     288.244E-12    -55.4805E-12    -400.068E-03
            3311     313.888E-12    -67.4144E-12    -720.418E-03
            3312     270.914E-12    -955.909E-12         1.83554
            3313    -247.000E-12    -188.506E-12    -856.529E-03
            3314    -237.454E-12    -874.873E-12         1.08021
            3315    -287.851E-12    -812.061E-12     458.236E-03
            3316     394.287E-12    -658.622E-12    -625.146E-03
            3317    -4.96498E-12     284.671E-12         5.57752
            3318     274.680E-12    -67.2969E-12    -161.705E-03
            3319     297.513E-12    -77.5823E-12    -464.764E-03
            3320    -430.298E-12    -749.660E-12        -1.84576
            3321    -396.449E-12    -262.001E-12        -2.32330
            3322     46.2414E-12     311.110E-12         5.95278
            3323     50.0229E-12     283.098E-12         5.51991
            3324     587.064E-12    -505.589E-12        -3.15473
            3325    -366.585E-12    -270.985E-12        -2.07423
            3326    -83.9164E-12    -1.43593E-09         4.20434
            3327    -76.9263E-12    -1.36893E-09         3.93710
            3328    -772.764E-12    -631.615E-12        -5.82119
            3329     560.309E-12    -514.169E-12        -2.87542
            3330     298.608E-12    -67.2254E-12    -510.934E-03
            3331     190.662E-12     23.2903E-12         1.35772
            3332     319.635E-12    -82.2997E-12    -735.243E-03
            3333    -639.320E-12    -595.034E-12        -4.67746
            3334    -584.264E-12    -582.182E-12        -4.18117
            3335     685.806E-12    -352.449E-12        -4.42096
            3336     394.719E-12    -645.590E-12    -728.276E-03
            3337     380.408E-12    -653.919E-12    -582.631E-03
            3338    -543.612E-12    -549.697E-12        -3.85303
            3339    -19.4069E-12    -1.25114E-09         3.44660
            3340    -209.990E-12    -901.771E-12         1.23172
            3341    -279.006E-12    -815.678E-12     419.280E-03
            3342     292.152E-12    -88.8247E-12    -384.613E-03
            3343     317.544E-12    -94.7765E-12    -685.681E-03
            3344     524.419E-12    -232.595E-12        -2.70453
            3345    -278.213E-12    -804.922E-12     212.194E-03
            3346    -286.654E-12    -791.943E-12     4.44644E-03
            3347     386.721E-12    -205.269E-12        -1.40176
            3348     357.464E-12    -202.984E-12        -1.12983
            3349    -143.112E-12    -987.975E-12         1.82116
            3350    -90.9902E-12    -1.10476E-09         2.55343
            3351     107.937E-12     80.9056E-12         2.65338
            3352     618.416E-12    -439.096E-12        -3.62343
            3353     589.089E-12    -436.977E-12        -3.33489
            3354     40.8878E-12     283.241E-12         5.55338
            3355    -463.788E-12    -369.892E-12        -3.10604
            3356    -96.5185E-12    -1.30036E-09         3.53743
            3357    -435.738E-12    -378.295E-12        -2.85118
            3358     538.123E-12    -532.819E-12        -2.61190
            3359    -72.0419E-12    -1.18550E-09         3.02395
            3360     182.044E-12    -10.3062E-12         1.24892
            3361     184.092E-12    -31.2832E-12         1.09615
            3362     199.686E-12    -55.1890E-12     803.448E-03
            3363    -993.931E-15    -1.21881E-09         3.27556
            3364     49.9546E-12     252.339E-12         5.06650
            3365     330.447E-12    -124.843E-12    -810.032E-03
            3366     328.611E-12    -139.330E-12    -797.540E-03
            3367    -66.9766E-12    -1.08914E-09         2.48328
            3368     662.671E-12    -308.194E-12        -4.17485
            3369     530.496E-12    -465.187E-12        -2.70189
            3370    -233.803E-12    -859.546E-12     867.543E-03
            3371    -238.892E-12    -834.202E-12     595.425E-03
            3372     246.840E-12    -914.313E-12         1.52105
            3373     381.648E-12    -636.244E-12    -706.708E-03
            3374     429.378E-12    -592.519E-12        -1.31799
            3375     364.365E-12    -642.577E-12    -564.371E-03
            3376    -254.102E-12    -819.762E-12     424.141E-03
            3377    -17.6736E-12    -1.15866E-09         2.91573
            3378    -557.419E-12    -608.772E-12        -3.85050
            3379    -514.863E-12    -594.118E-12        -3.47916
            3380    -295.949E-12    -750.381E-12    -563.621E-03
            3381     484.224E-12    -242.683E-12        -2.33671
            3382     271.598E-12    -102.231E-12    -148.386E-03
            3383     547.848E-12    -246.925E-12        -2.95113
            3384    -167.307E-12    -929.604E-12         1.41809
            3385    -223.060E-12    -214.626E-12    -689.898E-03
            3386    -90.7710E-12    -1.01785E-09         2.03554
            3387     312.706E-12    -168.400E-12    -668.996E-03
            3388    -276.923E-12    -747.834E-12    -445.338E-03
            3389     317.127E-12    -117.684E-12    -669.596E-03
            3390    -377.265E-12    -353.297E-12        -2.28989
            3391     38.4208E-12     256.651E-12         5.16285
            3392    -506.519E-12    -559.193E-12        -3.47485
            3393     451.462E-12    -574.441E-12        -1.60419
            3394     514.586E-12    -267.893E-12        -2.64805
            3395    -215.485E-12    -864.859E-12     895.081E-03
            3396    -29.2095E-12    -1.11624E-09         2.66358
            3397    -45.2102E-12    -1.05900E-09         2.31985
            3398     169.556E-12    -28.7565E-12         1.24936
            3399    -492.065E-12    -614.616E-12        -3.19942
            3400    -210.144E-12    -836.266E-12     649.106E-03
            3401    -254.210E-12    -756.209E-12    -222.829E-03
            3402    -275.503E-12    -733.402E-12    -557.740E-03
            3403    -323.292E-12    -730.644E-12    -980.299E-03
            3404     309.448E-12    -184.318E-12    -662.873E-03
            3405     352.368E-12    -665.124E-12    -359.817E-03
            3406    -128.030E-12    -110.739E-12     526.213E-03
            3407    -456.017E-12    -602.464E-12        -2.88942
            3408    -110.181E-12    -960.367E-12         1.65976
            3409    -42.4428E-12    -1.01639E-09         2.06414
            3410     227.436E-12    -106.118E-12     302.662E-03
            3411     86.7985E-12     20.6916E-12         2.17470
            3412     70.6456E-12     15.4459E-12         2.17955
            3413    -239.390E-12    -277.054E-12    -962.030E-03
            3414     433.036E-12    -569.273E-12        -1.45497
            3415     414.660E-12    -576.759E-12        -1.26626
            3416     80.8750E-12    -1.14787E-09         2.91088
            3417     105.916E-12    -1.12293E-09         2.76492
            3418    -475.324E-12    -634.478E-12        -2.97888
            3419    -435.968E-12    -630.147E-12        -2.61005
            3420    -206.355E-12    -825.397E-12     561.129E-03
            3421    -261.633E-12    -731.325E-12    -472.878E-03
            3422     154.907E-12    -26.5229E-12         1.38686
            3423     173.200E-12    -72.3975E-12     945.831E-03
            3424    -445.532E-12    -650.542E-12        -2.62813
            3425    -191.965E-12    -863.905E-12     902.291E-03
            3426     9.45703E-12    -1.09119E-09         2.54444
            3427     473.161E-12    -544.247E-12        -1.92972
            3428    -101.937E-12    -937.194E-12         1.51888
            3429    -371.187E-12    -668.739E-12        -1.83232
            3430    -378.810E-12    -649.342E-12        -1.99121
            3431    -287.140E-12    -720.722E-12    -746.006E-03
            3432     222.818E-12    -885.718E-12         1.33452
            3433     196.935E-12    -950.986E-12         1.74337
            3434     180.588E-12    -990.081E-12         1.97899
            3435     435.101E-12    -547.592E-12        -1.55914
            3436    -233.213E-12    -748.120E-12    -164.690E-03
            3437     548.471E-12    -361.519E-12        -3.00254
            3438     520.260E-12    -405.622E-12        -2.68721
            3439     290.157E-12    -199.353E-12    -516.530E-03
            3440     242.013E-12    -131.671E-12     78.1261E-03
            3441    -196.727E-12    -245.723E-12    -531.545E-03
            3442     129.998E-12    -1.04571E-09         2.31208
            3443     62.1405E-12    -19.6610E-12         1.88880
            3444     222.652E-12    -852.967E-12         1.13271
            3445    -305.618E-12    -395.216E-12        -1.68221
            3446    -282.435E-12    -367.464E-12        -1.46104
            3447    -17.4038E-12     48.7240E-12         2.48243
            3448     158.722E-12    -74.0615E-12         1.04398
            3449     420.580E-12    -277.361E-12        -1.76396
            3450     445.032E-12    -295.791E-12        -1.99947
            3451     239.831E-12    -151.752E-12     34.3585E-03
            3452     439.379E-12    -525.082E-12        -1.67389
            3453    -370.529E-12    -516.324E-12        -2.24151
            3454    -164.662E-12    -837.139E-12     748.429E-03
            3455     193.122E-12    -910.706E-12         1.49722
            3456     167.778E-12    -974.890E-12         1.89133
            3457     26.7965E-12    -1.06208E-09         2.38526
            3458     475.456E-12    -426.142E-12        -2.22490
            3459    -173.247E-12    -250.843E-12    -354.305E-03
            3460    -266.069E-12    -428.589E-12        -1.36061
            3461     251.990E-12    -182.433E-12    -156.917E-03
            3462    -211.365E-12    -761.319E-12     44.0535E-03
            3463    -357.960E-12    -642.386E-12        -1.81907
            3464    -328.922E-12    -683.758E-12        -1.35305
            3465     428.151E-12    -343.331E-12        -1.84720
            3466     247.448E-12    -286.447E-12    -364.013E-03
            3467     348.864E-12    -301.612E-12        -1.14307
            3468     142.026E-12    -977.172E-12         1.90826
            3469     385.026E-12    -317.607E-12        -1.45999
            3470    -316.230E-12    -693.651E-12        -1.17962
            3471    -11.3377E-12     22.3526E-12         2.24348
            3472     803.718E-15     27.0564E-12         2.31846
            3473    -97.8113E-12    -911.673E-12         1.35963
            3474     162.405E-12    -936.106E-12         1.65710
            3475     131.959E-12    -106.879E-12         1.00304
            3476    -294.705E-12    -707.054E-12    -905.067E-03
            3477    -269.550E-12    -704.051E-12    -720.050E-03
            3478     44.0869E-12    -66.7118E-12         1.53704
            3479    -100.761E-12    -883.885E-12         1.17785
            3480    -113.045E-12    -800.949E-12     639.971E-03
            3481     74.3524E-12    -937.398E-12         1.66683
            3482     53.3976E-12    -910.903E-12         1.49992
            3483    -190.301E-12    -740.231E-12     2.51971E-03
            3484     39.1079E-12    -877.353E-12         1.29812
            3485     366.247E-12    -331.753E-12        -1.30134
            3486    -314.051E-12    -578.720E-12        -1.62071
            3487     10.4197E-12    -5.11938E-12         2.03588
            3488    -209.843E-12    -411.077E-12    -905.839E-03
            3489    -189.058E-12    -402.029E-12    -746.953E-03
            3490    -10.5076E-12    -18.6482E-12         1.87672
            3491    -198.175E-12    -300.137E-12    -664.356E-03
            3492     413.867E-12    -434.189E-12        -1.65084
            3493    -86.4165E-12    -800.442E-12     698.261E-03
            3494     132.505E-12    -835.598E-12         1.07541
            3495    -159.323E-12    -672.805E-12    -191.881E-03
            3496     10.6129E-12    -41.0712E-12         1.73083
            3497     35.5438E-12    -83.6923E-12         1.41744
            3498     65.4033E-12    -101.109E-12         1.26575
            3499     62.7806E-12    -860.353E-12         1.21217
            3500    -88.8144E-12    -773.454E-12     543.555E-03
            3501     55.8392E-12    -832.748E-12         1.05438
            3502     371.675E-12    -370.658E-12        -1.34543
            3503     269.621E-12    -355.190E-12    -591.825E-03
            3504     305.706E-12    -380.082E-12    -839.467E-03
            3505    -37.7828E-12    -83.4829E-12         1.28547
            3506    -289.472E-12    -526.052E-12        -1.50660
            3507    -307.224E-12    -603.791E-12        -1.49166
            3508    -139.999E-12    -676.122E-12    -90.2056E-03
            3509    -20.8826E-12    -142.677E-12     965.915E-03
            3510    -285.232E-12    -698.236E-12    -882.763E-03
            3511    -273.618E-12    -693.267E-12    -817.744E-03
            3512    -168.571E-12    -742.569E-12     112.819E-03
            3513     29.9984E-12    -98.5728E-12         1.31354
            3514     39.6280E-12    -136.468E-12         1.06749
            3515    -149.634E-12    -655.429E-12    -212.657E-03
            3516    -166.781E-12    -630.332E-12    -384.350E-03
            3517    -252.230E-12    -528.458E-12        -1.19598
            3518     80.8224E-12    -846.605E-12         1.13999
            3519     82.3048E-12    -824.058E-12         1.01418
            3520     225.438E-12    -358.084E-12    -341.871E-03
            3521    -151.497E-12    -333.241E-12    -391.492E-03
            3522    -11.4649E-12    -161.170E-12     883.344E-03
            3523     4.33634E-12    -147.074E-12     989.575E-03
            3524    -8.65550E-12    -97.4867E-12         1.27969
            3525     123.926E-12    -717.182E-12     472.151E-03
            3526    -145.234E-12    -408.148E-12    -466.964E-03
            3527    -113.339E-12    -655.820E-12    -57.9927E-03
            3528    -148.451E-12    -602.305E-12    -367.621E-03
            3529     21.6303E-12    -121.076E-12         1.16296
            3530    -37.5539E-12    -766.162E-12     610.279E-03
            3531     266.606E-12    -410.035E-12    -592.567E-03
            3532    -195.876E-12    -491.234E-12    -812.754E-03
            3533    -238.800E-12    -575.334E-12        -1.00611
            3534    -13.8719E-12    -194.212E-12     706.759E-03
            3535     132.940E-12    -680.909E-12     315.898E-03
            3536    -228.136E-12    -583.551E-12    -907.813E-03
            3537     78.2522E-12    -226.088E-12     558.000E-03
            3538    -74.6330E-12    -669.708E-12     114.980E-03
            3539     9.79096E-12    -123.709E-12         1.13739
            3540     310.515E-12    -463.099E-12    -822.926E-03
            3541    -15.2773E-12    -735.575E-12     499.708E-03
            3542    -117.464E-12    -621.127E-12    -179.064E-03
            3543    -112.030E-12    -600.287E-12    -207.805E-03
            3544     214.061E-12    -399.087E-12    -321.706E-03
            3545     239.793E-12    -422.091E-12    -449.601E-03
            3546     273.199E-12    -440.345E-12    -620.841E-03
            3547     3.69406E-12    -256.238E-12     459.843E-03
            3548    -172.831E-12    -474.701E-12    -665.980E-03
            3549     6.08958E-12    -221.901E-12     606.847E-03
            3550    -3.71035E-12    -205.304E-12     671.149E-03
            3551     65.4080E-12    -252.611E-12     468.025E-03
            3552    -93.7095E-12    -639.224E-12    -40.8168E-03
            3553     265.930E-12    -457.448E-12    -569.868E-03
            3554    -120.024E-12    -563.614E-12    -309.967E-03
            3555     211.513E-12    -426.736E-12    -321.284E-03
            3556    -55.6690E-12    -640.205E-12     71.6079E-03
            3557     60.0931E-12    -702.471E-12     425.259E-03
            3558     25.1028E-12    -705.777E-12     420.294E-03
            3559    -105.939E-12    -637.668E-12    -88.3002E-03
            3560    -92.9758E-12    -599.115E-12    -139.022E-03
            3561    -86.7265E-12    -575.957E-12    -160.629E-03
            3562     171.486E-12    -414.836E-12    -165.933E-03
            3563    -40.6137E-12    -638.124E-12     99.9712E-03
            3564     32.8678E-12    -269.576E-12     423.924E-03
            3565     96.8569E-12    -374.943E-12     71.8005E-03
            3566     40.7493E-12    -687.073E-12     359.395E-03
            3567     79.7315E-12    -329.926E-12     196.979E-03
            3568     164.896E-12    -390.283E-12    -122.151E-03
            3569     139.219E-12    -585.259E-12     23.6373E-03
            3570     124.999E-12    -603.701E-12     84.4419E-03
            3571    -74.4231E-12    -599.663E-12    -77.7819E-03
            3572     166.491E-12    -444.200E-12    -163.584E-03
            3573    -73.4247E-12    -528.614E-12    -170.798E-03
            3574    -53.9077E-12    -526.288E-12    -115.627E-03
            3575    -48.0026E-12    -579.405E-12    -43.2297E-03
            3576    -71.9284E-12    -490.462E-12    -178.675E-03
            3577     146.264E-12    -488.424E-12    -107.749E-03
            3578     60.9997E-12    -356.281E-12     153.451E-03
            3579     131.624E-12    -557.853E-12    -14.2776E-03
            3580     105.523E-12    -596.090E-12     87.6587E-03
            3581     132.079E-12    -423.355E-12    -61.3053E-03
            3582    -74.2163E-12    -501.785E-12    -185.317E-03
            3583     21.3205E-12    -564.883E-12     43.1355E-03
            3584     135.839E-12    -529.690E-12    -57.4652E-03
            3585     94.9177E-12    -437.299E-12    -4.49222E-03
            3586     16.5324E-12    -454.549E-12     8.65707E-03
            3587     107.996E-12    -518.371E-12    -24.7266E-03
            3588     62.8746E-12    -506.583E-12     5.72218E-03
            3589     75.5800E-12    -492.121E-12    -3.56261E-03
            3590     91.6151E-12    -525.698E-12    -1.60949E-03


Field Output reported at nodes for part: ASSEMBLY

      Node Label            U.U1            U.U2            U.U3
                          @Loc 1          @Loc 1          @Loc 1
-----------------------------------------------------------------
               1              0.              0.              0.
               2              0.              0.              0.
               3              0.              0.              0.
               4              0.              0.              0.


